REGIAO:;SE
UF:;RJ
ESTACAO:;NOVA FRIBURGO - SALINAS
CODIGO (WMO):;A624
LATITUDE:;-22,33472221
LONGITUDE:;-42,67694443
ALTITUDE:;1070
DATA DE FUNDACAO:;18/09/10
Data;Hora UTC;PRECIPITAÇÃO TOTAL, HORÁRIO (mm);PRESSAO ATMOSFERICA AO NIVEL DA ESTACAO, HORARIA (mB);PRESSÃO ATMOSFERICA MAX.NA HORA ANT. (AUT) (mB);PRESSÃO ATMOSFERICA MIN. NA HORA ANT. (AUT) (mB);RADIACAO GLOBAL (Kj/m²);TEMPERATURA DO AR - BULBO SECO, HORARIA (°C);TEMPERATURA DO PONTO DE ORVALHO (°C);TEMPERATURA MÁXIMA NA HORA ANT. (AUT) (°C);TEMPERATURA MÍNIMA NA HORA ANT. (AUT) (°C);TEMPERATURA ORVALHO MAX. NA HORA ANT. (AUT) (°C);TEMPERATURA ORVALHO MIN. NA HORA ANT. (AUT) (°C);UMIDADE REL. MAX. NA HORA ANT. (AUT) (%);UMIDADE REL. MIN. NA HORA ANT. (AUT) (%);UMIDADE RELATIVA DO AR, HORARIA (%);VENTO, DIREÇÃO HORARIA (gr) (° (gr));VENTO, RAJADA MAXIMA (m/s);VENTO, VELOCIDADE HORARIA (m/s);
2025/01/01;0000 UTC;0;897,3;897,5;897,3;;17,4;15,7;18,4;17,3;16,5;15,6;90;88;90;28;2,2;,5;
2025/01/01;0100 UTC;0;898,1;898,1;897,3;;17,9;16,4;17,9;17,3;16,4;15,7;91;90;91;276;1,7;1;
2025/01/01;0200 UTC;0;897,9;898,2;897,8;;17,4;16;17,9;17,3;16,5;15,9;91;91;91;66;1,9;,8;
2025/01/01;0300 UTC;0;897,1;898;897,1;;17,7;16,3;17,7;17,4;16,4;16;92;91;92;351;1,7;,5;
2025/01/01;0400 UTC;0;897;897,2;896,9;;17,8;16,5;17,9;17,6;16,7;16,3;92;92;92;328;1,1;,5;
2025/01/01;0500 UTC;0;896,7;897;896,5;;17,7;16,5;17,8;17,6;16,5;16,3;93;92;93;45;2;,2;
2025/01/01;0600 UTC;0;896,6;896,7;896,3;;18;16,8;18;17,6;16,8;16,4;93;93;93;64;1,8;,7;
2025/01/01;0700 UTC;0;896;896,6;896;;18,2;16,8;18,3;17,8;17,1;16,4;93;91;92;65;3,1;1,3;
2025/01/01;0800 UTC;0;896,1;896,1;895,9;;18,1;16,6;18,3;17,8;16,8;16,3;92;91;91;29;2,8;1,2;
2025/01/01;0900 UTC;0;896,3;896,3;896;94,4;18,4;16,9;18,4;17,9;16,9;16,3;91;91;91;353;3,4;1,2;
2025/01/01;1000 UTC;0;896,8;896,8;896,3;627,3;20,1;17;20,1;18,4;17,6;16,7;91;81;82;60;3,4;1,8;
2025/01/01;1100 UTC;0;897,2;897,3;896,8;970,6;21,5;16,9;21,8;20,1;17,6;16,7;84;74;75;62;3,3;1,4;
2025/01/01;1200 UTC;0;897,7;897,8;897,2;1937,4;23,5;17,4;23,5;21,1;17,6;16,5;77;67;69;111;4,8;2,3;
2025/01/01;1300 UTC;0;897,7;897,7;897,6;3100;23,8;15,3;24,4;22,6;16,6;14,7;68;57;59;73;5,9;3;
2025/01/01;1400 UTC;0;897,5;897,8;897,5;3265,1;24,1;15,9;25;23,6;17,1;15,5;64;57;60;94;7,1;3,7;
2025/01/01;1500 UTC;0;897,1;897,5;897;3851,5;25,6;16,1;26,2;23,9;17,5;15,4;62;53;56;71;8;3,3;
2025/01/01;1600 UTC;0;896,6;897,1;896,6;3741,1;26,3;15,4;26,6;24,7;17,5;14,9;59;51;51;68;6,8;3,1;
2025/01/01;1700 UTC;0;895,9;896,6;895,8;2326,3;24,1;17,3;26,3;24,1;17,3;14,4;66;51;66;198;7;2,3;
2025/01/01;1800 UTC;0;895,4;895,9;895,1;1860,1;22,5;18;24,6;22,2;18,9;17,3;76;66;76;223;8,7;4,1;
2025/01/01;1900 UTC;,4;896,8;897,1;895,4;566,1;17,7;14,8;22,8;17,6;18,5;14,6;85;74;83;232;16;3,9;
2025/01/01;2000 UTC;1,2;896,3;896,9;896,2;394,5;17,9;15,3;18;17,5;15,6;14,8;87;82;85;325;7;1,7;
2025/01/01;2100 UTC;0;895,9;896,3;895,7;374,2;18;15,4;18,3;17,9;16;15,3;87;84;85;220;4,3;1,8;
2025/01/01;2200 UTC;0;897;897;895,9;23,5;16,9;14,5;18;16,9;15,5;14,3;86;82;86;354;6,5;,7;
2025/01/01;2300 UTC;0;897,5;897,5;896,9;;17,1;15;17,3;16,6;15,1;14,5;88;86;87;22;3,7;1,8;
2025/01/02;0000 UTC;0;897,7;897,9;897,3;;16,8;14,2;18,2;16,8;15,1;14,2;87;80;85;100;5;,7;
2025/01/02;0100 UTC;0;898,2;898,2;897,7;;16,1;14,4;16,8;16,1;14,9;14;90;85;90;69;2,2;1;
2025/01/02;0200 UTC;0;897,7;898,2;897,7;;15,6;14,1;16,1;15,3;14,5;13,7;91;90;91;233;2;1,4;
2025/01/02;0300 UTC;,2;897,4;897,7;897,4;;14,6;13,1;15,6;14,6;14,1;13,1;91;90;91;290;2,5;,8;
2025/01/02;0400 UTC;0;897;897,5;897;;13,9;12,6;14,6;13,6;13;12,2;92;91;92;58;3,1;,5;
2025/01/02;0500 UTC;0;896,3;897;896,3;;13;11,7;14;12,8;12,6;11,5;92;91;92;9;1,8;1,2;
2025/01/02;0600 UTC;0;895,8;896,3;895,8;;12,6;11,5;13,3;12,6;12,1;11,4;93;92;93;331;1,8;,4;
2025/01/02;0700 UTC;0;895,8;895,9;895,6;;12,5;11,6;12,7;12,3;11,7;11,2;94;93;94;323;1,1;,2;
2025/01/02;0800 UTC;,2;896,2;896,2;895,8;;12,3;11,5;12,6;12,2;11,7;11,3;95;94;95;231;1,1;,4;
2025/01/02;0900 UTC;0;896,6;896,6;896,2;80,2;12,3;11,4;12,3;12;11,5;11,2;95;94;95;282;1,1;,3;
2025/01/02;1000 UTC;0;896,7;896,7;896,5;838,2;15,4;14,5;15,4;12,2;14,5;11,4;95;94;94;79;1,4;,5;
2025/01/02;1100 UTC;0;897,1;897,2;896,7;1805,7;19,9;14,5;19,9;15,4;17,2;14,1;94;70;71;76;6,3;3,2;
2025/01/02;1200 UTC;0;897,2;897,3;897,1;2605,6;20,8;15,3;21,2;19,9;16;14,3;74;69;71;82;8,5;4,4;
2025/01/02;1300 UTC;0;897;897,2;896,9;3365,4;22,2;15,6;22,6;20,6;16,2;15,1;72;66;66;82;9,6;4,7;
2025/01/02;1400 UTC;0;896,4;897;896,4;3585,5;23,7;15,2;24,1;22,1;16,6;14,6;69;57;59;83;8,6;4,6;
2025/01/02;1500 UTC;0;895,6;896,4;895,5;3963,7;25,9;15;26;23,7;16,5;14,8;61;51;51;84;7,9;3,7;
2025/01/02;1600 UTC;0;895,1;895,6;895,1;3458,4;25;14,6;27;25;16,1;14;54;47;53;74;8,4;3,9;
2025/01/02;1700 UTC;0;894,7;895,2;894,7;1575,7;25,6;16;26,5;24,8;17,5;14,3;61;47;55;77;8,4;2,6;
2025/01/02;1800 UTC;0;894,2;894,7;894;2298,2;25,5;16,1;27,5;25,2;16,7;13,5;56;46;56;221;6,5;1,5;
2025/01/02;1900 UTC;0;893,4;894,2;893,4;2718,8;24,9;17,8;26,2;24,8;18,2;15,8;65;55;65;210;6,4;3,4;
2025/01/02;2000 UTC;0;893,3;893,6;893,3;1343,8;24,4;18,7;24,9;24;18,8;17,4;71;64;71;201;5,7;2,7;
2025/01/02;2100 UTC;0;894;894,1;893,3;172,5;22;18,9;24,4;21,9;19,1;18,4;83;71;83;205;4,1;1,7;
2025/01/02;2200 UTC;0;894,7;894,7;894;5,1;20,9;18,5;22,1;20,9;19;18,4;87;82;86;251;3,4;,9;
2025/01/02;2300 UTC;0;895;895,1;894,6;;21,3;16,4;21,3;20,6;18,9;16,4;87;74;74;227;6,2;2,7;
2025/01/03;0000 UTC;0;895,6;895,7;895;;19;15,5;21,3;19;16,2;14,6;80;69;80;311;6,3;1,4;
2025/01/03;0100 UTC;0;896;896,3;895,4;;18,8;16,2;19,1;18,8;16,3;15,5;85;80;85;214;2,8;,7;
2025/01/03;0200 UTC;4;896,7;896,8;896;;18,1;14,9;20,6;18;17,5;14,6;88;72;82;3;9;1,5;
2025/01/03;0300 UTC;7,2;896,5;897,3;896,5;;17,1;15,3;18,4;17,1;15,4;15;89;82;89;344;5;1,3;
2025/01/03;0400 UTC;2,8;895,5;896,5;895,4;;17,1;15,6;17,3;17;15,6;15,3;91;89;91;61;2,9;1;
2025/01/03;0500 UTC;,2;894,9;895,6;894,9;;17,1;15,6;17,3;17,1;15,8;15,5;91;90;91;27;3,1;1,3;
2025/01/03;0600 UTC;0;894,6;894,9;894,5;;16,8;15,2;17,3;16,8;15,7;15,1;91;90;90;340;2,7;,9;
2025/01/03;0700 UTC;0;894,1;894,6;894,1;;16,7;15,1;17,1;16,5;15,5;14,9;90;90;90;71;1,9;,5;
2025/01/03;0800 UTC;0;893,9;894,2;893,9;;16,6;15,1;16,8;16,5;15,3;14,9;91;90;90;11;3,1;1,6;
2025/01/03;0900 UTC;,2;894,2;894,2;893,7;67,7;17,7;15,4;17,7;16,6;15,8;14,9;91;86;86;77;5,6;2,3;
2025/01/03;1000 UTC;0;894,8;894,9;894,2;212,6;17,9;15,6;18;17,5;15,7;15,2;87;86;86;46;6,3;1,8;
2025/01/03;1100 UTC;0;894,4;894,9;894,3;1394;20,2;16,4;20,4;17,9;17;15,6;87;79;79;80;7,6;4,2;
2025/01/03;1200 UTC;0;894,9;894,9;894,4;1737,6;20,8;16,8;20,9;20,1;17,3;16,4;81;77;78;85;8;4;
2025/01/03;1300 UTC;0;894,6;894,9;894,6;2149,9;22,5;17;22,5;20,8;17,3;16,3;78;69;71;82;8,9;4,8;
2025/01/03;1400 UTC;0;894,1;894,6;894,1;3710,3;25,2;16,7;25,2;22,5;18,1;16,2;71;59;59;64;8,9;3,7;
2025/01/03;1500 UTC;0;893,9;894,3;893,9;3416,2;26;16,3;26,1;24,5;17,8;15,2;63;53;55;18;8,6;2,6;
2025/01/03;1600 UTC;0;893,5;893,9;893,5;3086,4;26,3;15,8;26,5;25,3;18,9;14,5;63;50;52;12;6,6;1,8;
2025/01/03;1700 UTC;0;893;893,5;893;1698,7;25,3;16,6;27;25,1;17;14,6;60;48;59;91;8,2;2,9;
2025/01/03;1800 UTC;,2;892,5;893;892,3;843,3;24;19,2;25,6;23,2;19,2;16,2;76;56;75;245;4,7;1,2;
2025/01/03;1900 UTC;14;892,8;892,9;892,3;297,2;19,5;16,4;24;18,9;19;15,9;87;73;82;232;8,4;1,7;
2025/01/03;2000 UTC;0;893,2;893,4;892,6;128,8;19;17,1;19,5;18,6;17,1;16;89;81;89;9;6,1;,6;
2025/01/03;2100 UTC;0;893,1;893,3;892,7;192,7;19,1;17,2;19,3;19;17,3;16,8;89;87;89;333;4;,4;
2025/01/03;2200 UTC;0;893,2;893,2;892,9;26;18,6;17;19,1;18,5;17,3;16,9;90;89;90;273;1,5;,5;
2025/01/03;2300 UTC;0;893,9;893,9;893,1;;18,3;16,9;18,6;18,3;17;16,7;91;90;91;359;1,5;,3;
2025/01/04;0000 UTC;0;894,7;894,7;893,9;0;20,3;18,9;20,3;18,3;19;16,8;94;91;92;71;4,3;1,6;
2025/01/04;0100 UTC;0;895,1;895,4;894,7;;19,9;17,7;20,3;19,9;18,9;17,6;92;87;87;28;4,1;1,9;
2025/01/04;0200 UTC;0;895;895,2;894,8;;19,7;17,5;20;19,7;17,8;17,4;88;86;87;95;5,1;2,6;
2025/01/04;0300 UTC;0;894,5;895;894,4;;19,3;17,3;19,7;19;17,7;17;89;87;88;23;4,7;1,8;
2025/01/04;0400 UTC;0;893,6;894,5;893,6;;18,7;16,8;19,3;18,5;17,3;16,5;89;88;89;27;4,1;1,3;
2025/01/04;0500 UTC;0;893,2;893,6;893,1;;18,3;16,2;18,9;18,1;16,9;15,8;89;87;88;29;5,1;1,8;
2025/01/04;0600 UTC;0;892,9;893,2;892,8;;17,7;15,7;18,5;17,7;16,4;15,7;88;87;88;19;5;1,8;
2025/01/04;0700 UTC;,2;892,8;892,9;892,7;;17,4;15,7;18;17,1;16,2;15,4;90;88;90;355;4;1,8;
2025/01/04;0800 UTC;0;893,5;893,5;892,8;;17,3;15,7;17,5;16,7;16;15,1;91;89;90;345;3,1;1,3;
2025/01/04;0900 UTC;0;893,8;893,8;893,4;79,6;18,1;16,3;18,1;16,8;16,3;15,1;91;89;89;348;3,5;,9;
2025/01/04;1000 UTC;0;894,3;894,3;893,8;547,1;20,1;16,8;20,2;18;17,2;16,1;89;80;81;67;4,5;2,1;
2025/01/04;1100 UTC;0;894,5;894,6;894,3;1067,4;21,4;16,8;21,4;20,1;17,2;16,6;81;75;75;81;6,5;3,7;
2025/01/04;1200 UTC;0;894,5;894,6;894,4;1748;22,7;17,2;22,7;21,4;17,4;16,4;76;70;71;82;8,2;3,2;
2025/01/04;1300 UTC;0;894,4;894,6;894,4;2509,2;24,6;17,1;25;22,5;18,2;16,7;72;63;63;82;5,7;3;
2025/01/04;1400 UTC;0;894;894,4;894;3455,5;26,1;16,2;26,4;24,4;18,1;15,7;67;52;55;70;6,4;2,4;
2025/01/04;1500 UTC;0;893,6;894;893,5;2920,3;25,1;16,1;26,6;25,1;17,7;15,7;60;52;58;76;7,2;2,8;
2025/01/04;1600 UTC;0;893,1;893,6;893,1;1364,7;25,1;16,4;25,7;24,6;17,6;15,7;63;56;58;136;6,5;1,7;
2025/01/04;1700 UTC;0;892,8;893,1;892,8;2263,5;25,5;16,9;27,5;25,1;18,6;15,7;60;52;59;141;5,2;1,6;
2025/01/04;1800 UTC;0;892,6;892,8;892,4;1157,8;23,2;18,3;26,1;23,1;18,7;16,3;74;55;74;224;6,5;3;
2025/01/04;1900 UTC;0;892,6;892,6;892,2;238,3;21,1;17,2;23,2;21,1;18,3;16,7;79;71;79;218;5,8;3,4;
2025/01/04;2000 UTC;0;892,4;892,8;892,4;512,1;21,3;16,8;21,5;21;17,4;16,5;79;74;75;211;5,9;1,8;
2025/01/04;2100 UTC;0;892,6;892,6;892,2;197,9;20,6;16,5;21,3;20,6;17,4;16,5;81;75;77;195;7,8;3,5;
2025/01/04;2200 UTC;0;893,2;893,2;892,4;16,9;19,3;16,5;20,6;19,3;16,6;16,3;84;77;84;322;5,4;,5;
2025/01/04;2300 UTC;0;893,8;893,8;893,1;;18,7;16,3;19,4;18,7;17;16,3;86;84;86;154;3,2;,8;
2025/01/05;0000 UTC;0;894,3;894,6;893,8;;19;16,1;19,6;18,6;17,1;16,1;88;82;83;84;4,8;,8;
2025/01/05;0100 UTC;0;894,7;894,7;894,3;;18,3;16,5;19,1;18,2;16,5;16;89;83;89;28;2,5;,5;
2025/01/05;0200 UTC;,6;894,7;895;894,7;;18,2;16,6;18,3;18;16,6;16,3;90;89;90;245;2,3;1,4;
2025/01/05;0300 UTC;0;894,3;894,7;894,3;;17,7;16,1;18,2;17,7;16,6;16,1;90;90;90;21;2,5;,5;
2025/01/05;0400 UTC;,2;893,1;894,3;893,1;;17,7;16,2;18;17,7;16,5;16,1;91;90;91;49;2,9;1;
2025/01/05;0500 UTC;0;892,9;893,1;892,9;;16,6;15,1;17,7;16,6;16,2;15,1;91;91;91;28;2,1;,8;
2025/01/05;0600 UTC;0;892,9;893;892,7;;16,5;15,2;16,8;16,4;15,4;14,9;92;91;92;354;2,5;,9;
2025/01/05;0700 UTC;0;892,9;893;892,8;;16,2;14,9;16,6;16,2;15,4;14,9;92;92;92;315;1,8;,5;
2025/01/05;0800 UTC;0;894;894;892,9;;16,1;15;16,4;16;15,2;14,8;93;92;93;186;1,5;,7;
2025/01/05;0900 UTC;0;894,2;894,3;894;104,2;17,2;16,1;17,2;16,1;16,1;15,1;94;93;94;359;2,8;1,5;
2025/01/05;1000 UTC;0;894,7;894,8;894;630,3;18,8;16,3;19,4;17,2;17,3;15,8;94;82;86;354;3,5;1;
2025/01/05;1100 UTC;,4;894,1;894,7;893,7;990,1;20,6;17;20,7;18,8;17,7;16,3;86;80;80;293;3,6;,7;
2025/01/05;1200 UTC;0;894,8;894,9;894,1;1746;21,3;16,8;21,8;20,5;18;16,2;81;74;76;225;4,2;2,4;
2025/01/05;1300 UTC;0;894,4;894,9;894,4;3188,9;24,5;16,5;24,9;21,2;18,4;16,1;77;60;61;65;4;1,5;
2025/01/05;1400 UTC;0;894,2;894,4;894,1;3781,6;25,4;12,4;26,2;24,3;17,6;12,4;64;44;45;303;8,4;4;
2025/01/05;1500 UTC;0;894,1;894,3;894,1;2621,8;23,6;17,6;25,8;21,8;18,6;12,4;78;44;69;226;9;3,3;
2025/01/05;1600 UTC;0;893,9;894,3;893,9;3580,6;22,7;17,9;24,5;22,1;18,5;16,8;76;64;74;219;8,7;4,6;
2025/01/05;1700 UTC;0;893,9;894;893,8;3486,9;21,8;17,7;23,6;21,6;18,3;17;78;69;78;223;8,9;4,2;
2025/01/05;1800 UTC;0;893,3;894;893,2;2323,7;22,4;17,6;23,3;21,7;18,6;17;79;72;74;216;9,8;5,4;
2025/01/05;1900 UTC;0;893,3;893,5;893,1;2247,3;21,8;17,2;22,8;21,7;17,9;16,7;75;70;75;219;10,9;5,3;
2025/01/05;2000 UTC;0;894;894;893,2;798,9;20,8;17,3;21,9;20,7;17,4;16,8;81;75;80;230;9,3;3,2;
2025/01/05;2100 UTC;6,4;894,4;894,6;894;182,5;19,2;17,2;20,9;18,1;17,3;15,4;88;79;88;231;8;2,2;
2025/01/05;2200 UTC;,2;895,2;895,2;894,2;22,5;18,9;16,9;19,2;18,8;17,2;16,8;89;88;88;208;6;2,6;
2025/01/05;2300 UTC;0;895,5;895,5;895,2;,1;18,5;16,7;18,8;18,4;16,8;16,5;89;87;89;245;6;2,2;
2025/01/06;0000 UTC;0;896,3;896,3;895,6;;17,6;15,9;18,6;17,6;16,8;15,9;90;89;90;334;4,3;,3;
2025/01/06;0100 UTC;0;896,6;896,7;896,3;;18,1;16,7;18,1;17,5;16,7;15,8;91;90;91;356;2;1,1;
2025/01/06;0200 UTC;8,6;896,1;896,8;896,1;;17,9;16,3;18,4;17,9;16,9;16,3;91;91;91;31;3,7;,7;
2025/01/06;0300 UTC;0;895,8;896,2;895,8;;17,9;16,5;18;17,7;16,5;16,1;91;91;91;82;3,8;1,7;
2025/01/06;0400 UTC;0;895,2;895,8;895,2;;17,5;15,8;18,1;17,5;16,6;15,8;91;90;90;65;4;1;
2025/01/06;0500 UTC;0;894,8;895,2;894,7;;17,5;15,8;17,6;17,3;15,9;15,7;90;90;90;5;2,4;1;
2025/01/06;0600 UTC;0;894,4;894,8;894,4;;16,7;15,1;17,5;16,7;15,9;15,1;91;90;90;51;3,2;1;
2025/01/06;0700 UTC;0;894,6;894,6;894,4;;16,5;15,1;16,7;16,1;15,1;14,6;92;90;92;53;2;1;
2025/01/06;0800 UTC;0;894,9;894,9;894,6;;15,9;14,7;16,6;15,9;15,2;14,7;93;92;92;29;2,4;1,2;
2025/01/06;0900 UTC;,2;895,7;895,7;894,9;78,1;16,2;15,3;16,2;15,6;15,3;14,4;94;92;94;27;2,9;2;
2025/01/06;1000 UTC;0;896,1;896,1;895,7;436,1;18,5;17,2;18,5;16,2;17,3;15,3;94;92;92;99;5,7;2,7;
2025/01/06;1100 UTC;0;896,1;896,2;896;1826,9;21,3;16,9;21,4;18,5;17,2;16,1;92;75;76;95;6;2,7;
2025/01/06;1200 UTC;0;896,1;896,2;896,1;2587,9;22,7;17,1;23;21,2;18,1;16,5;77;68;71;86;7;3,7;
2025/01/06;1300 UTC;0;895,9;896,2;895,9;3293,6;24,1;16,8;24,4;22,6;17,6;15,6;71;61;64;79;7,7;2,8;
2025/01/06;1400 UTC;,2;895,6;895,9;895,6;3823,6;25,2;17;25,2;23,9;17,2;15,5;65;57;60;74;7,5;3,1;
2025/01/06;1500 UTC;0;895,4;895,7;895,4;3812,9;25,6;16,8;25,7;24,6;17,7;15,9;63;57;58;83;6,7;3,3;
2025/01/06;1600 UTC;0;894,9;895,5;894,9;3585,2;26,2;15,4;26,9;24,9;18;15;62;51;51;47;6,9;2,7;
2025/01/06;1700 UTC;0;894;894,9;894;2099;25,3;17,6;26,9;24,6;19,6;15,5;69;52;62;221;6,2;1,8;
2025/01/06;1800 UTC;0;893,7;894;893,4;2465,4;24,9;19,2;25,5;23,7;19,7;17,1;75;60;70;227;8;4,1;
2025/01/06;1900 UTC;0;893,1;893,7;893,1;2389,1;24,2;17,9;24,9;23,4;19,2;17,1;73;64;68;212;7,7;3,3;
2025/01/06;2000 UTC;0;893,2;893,3;892,8;956,6;23,1;19,1;24,2;22,8;19,1;17,6;79;67;79;205;6,5;2,7;
2025/01/06;2100 UTC;0;893,6;893,7;893,1;575,8;22,5;18,4;23,1;22,3;19;18,3;80;77;78;241;7,5;1,7;
2025/01/06;2200 UTC;0;894,3;894,4;893,6;60,9;20,3;16,9;22,5;20,3;18,5;16,9;82;77;81;80;3,1;1;
2025/01/06;2300 UTC;0;894,8;894,8;894,2;;18,4;16,5;20,2;18,4;17,1;16,5;88;81;88;347;2,8;,5;
2025/01/07;0000 UTC;0;895,1;895,2;894,8;;18,5;16,7;18,7;18,3;17;16,4;90;88;89;71;2,3;,6;
2025/01/07;0100 UTC;0;895,7;895,7;894,9;;19,6;17,6;19,6;18,4;17,8;16,6;90;89;89;23;2,9;1,3;
2025/01/07;0200 UTC;1,8;896,1;896,4;895,7;;19,1;17,1;20,2;19,1;17,7;17;89;85;88;42;3,3;1,2;
2025/01/07;0300 UTC;3;895,6;896,1;895,6;;18,6;16,7;19,1;18,6;17,2;16,7;89;88;89;79;3,6;1,2;
2025/01/07;0400 UTC;10,2;894,7;895,6;894,7;;17,8;15,8;18,7;17,8;16,9;15,8;90;88;88;345;4,3;1,9;
2025/01/07;0500 UTC;2;894;894,8;894;;17,6;15,9;17,8;17,4;15,9;15,7;90;88;90;15;3,7;1,1;
2025/01/07;0600 UTC;,4;893,6;894;893,6;;17,2;15,6;17,6;17,2;16;15,6;91;90;91;323;2,3;1,2;
2025/01/07;0700 UTC;0;893,7;893,8;893,6;;16,4;15,1;17,2;16,2;15,6;14,8;92;90;92;24;2,8;,9;
2025/01/07;0800 UTC;0;893,9;893,9;893,6;;16,5;15,2;16,8;16,3;15,5;14,9;92;91;92;130;2,2;,5;
2025/01/07;0900 UTC;0;894,7;894,7;893,9;79,2;16,8;15,8;16,8;16,2;15,8;14,9;94;92;94;346;2,5;,5;
2025/01/07;1000 UTC;0;894,9;894,9;894,7;617,4;19,3;16,8;19,4;16,8;17,6;15,9;94;85;85;83;3,9;1,6;
2025/01/07;1100 UTC;0;895;895,1;894,9;927,5;19,9;16,9;20,2;19,3;17,3;16,3;85;81;83;83;5,1;2,1;
2025/01/07;1200 UTC;0;895,3;895,4;895;1255,5;21,6;17,5;21,6;19,8;17,9;16,6;83;76;77;86;5,1;2,6;
2025/01/07;1300 UTC;0;895,3;895,3;895,2;3144,2;23,5;17,6;24;21,6;19,2;16,9;79;67;70;70;5;2;
2025/01/07;1400 UTC;0;894,9;895,3;894,9;2189,9;24,5;16,9;24,7;23,4;18,8;16,8;73;62;63;123;5,3;1,8;
2025/01/07;1500 UTC;0;894,8;895,1;894,8;1683,5;23,1;18,4;25,5;22,6;19,2;16,4;78;61;75;211;4,9;2,5;
2025/01/07;1600 UTC;0;894,7;895,1;894,7;2262;21,8;18,3;23,1;21,8;19,5;17,9;82;75;80;233;7,1;3,8;
2025/01/07;1700 UTC;0;894,2;894,7;894,1;1376;21,7;18;22,3;21,2;18,8;17,7;84;78;80;236;7,1;3,5;
2025/01/07;1800 UTC;0;893,8;894,2;893,8;802,5;20,4;17,6;22;20,4;18,7;17,5;86;79;84;226;6,6;3,6;
2025/01/07;1900 UTC;0;893,8;893,9;893,5;957,8;21,4;17,8;21,4;20,3;17,8;17,4;85;79;80;230;6,6;3,3;
2025/01/07;2000 UTC;0;894,1;894,1;893,6;807,6;21,2;17,1;21,4;20,9;17,6;17,1;81;77;78;214;6,6;2,5;
2025/01/07;2100 UTC;0;894,5;894,5;894,1;328,5;20,6;17,1;21,2;20,4;17,4;17;82;77;80;272;4,8;2,2;
2025/01/07;2200 UTC;0;894,5;894,6;894,2;29,2;19,9;17,2;20,6;19,8;17,3;17;85;80;84;254;5,4;2,5;
2025/01/07;2300 UTC;0;895,3;895,3;894,5;;19,7;17,3;19,9;19,7;17,4;17,2;86;84;86;247;5,7;1,9;
2025/01/08;0000 UTC;0;895,5;895,6;895,1;;19,9;16,9;20,1;19,4;17,6;16,9;88;83;83;281;3,8;2;
2025/01/08;0100 UTC;4,6;895,8;896;895,5;;18,3;16,2;19,9;17,8;16,9;15,6;88;83;88;312;6,1;2,3;
2025/01/08;0200 UTC;0;895,9;895,9;895,7;;17;15,1;18,3;17;16,3;15;88;87;88;341;3,7;,9;
2025/01/08;0300 UTC;0;895;895,9;895;;16,9;14,8;17,2;16,6;15,1;14,6;89;87;87;328;3,8;2;
2025/01/08;0400 UTC;0;894,4;895;894,4;;16,5;15;16,9;16,2;15;14,3;91;87;91;317;3,8;,8;
2025/01/08;0500 UTC;0;894,3;894,5;894,3;;16,3;14,8;16,7;16,3;15,2;14,8;91;91;91;307;2,8;1,5;
2025/01/08;0600 UTC;0;894,1;894,3;894,1;;16,6;15,2;16,6;16;15,2;14,5;92;90;92;276;2,8;,6;
2025/01/08;0700 UTC;0;894,1;894,2;894;;16,9;15,6;17;16,5;15,7;15,2;92;92;92;246;1,7;,8;
2025/01/08;0800 UTC;0;894,5;894,5;894,1;;16,7;15,5;17;16,7;15,7;15,5;93;92;93;268;3,7;1,9;
2025/01/08;0900 UTC;0;895,1;895,1;894,5;68,2;17;16;17;16,3;16;15,2;94;93;94;259;3,7;,8;
2025/01/08;1000 UTC;0;895,4;895,4;895,1;360,7;18,3;17,3;18,3;17;17,3;16;94;94;94;47;2;,5;
2025/01/08;1100 UTC;0;895,6;895,6;895,4;721,2;19,4;17,4;19,4;18,2;17,8;17,1;94;88;88;87;2;1,1;
2025/01/08;1200 UTC;0;895,8;895,8;895,6;1456,1;21,2;17;22;19,4;18,1;16,8;88;74;77;106;3,3;1,4;
2025/01/08;1300 UTC;0;895,6;895,8;895,5;2960,9;22,3;16,7;24,3;21,2;18;15,7;78;61;70;226;4,8;2,2;
2025/01/08;1400 UTC;0;895,1;895,6;895,1;3005,8;23,4;17,4;24;21,6;18,2;16,7;76;67;69;252;5,6;2,8;
2025/01/08;1500 UTC;0;895,1;895,1;895;2481;21,9;17,6;23,8;21,7;17,9;16,8;77;68;77;217;6,5;3,3;
2025/01/08;1600 UTC;3,2;894,5;895,1;894,5;1023,5;20,1;17,8;22;20,1;18,1;17,2;87;75;87;238;5,9;2,5;
2025/01/08;1700 UTC;5,6;893,8;894,6;893,8;1005,4;20,9;18,4;20,9;19,8;18,5;17,6;88;83;86;241;5,7;1,3;
2025/01/08;1800 UTC;,4;893;893,8;893;2539,2;21,3;17,9;22,4;20,9;19,8;17,6;87;80;81;221;8,2;4,3;
2025/01/08;1900 UTC;0;892,6;893,2;892,6;1399,6;19,6;17,5;21,3;19,6;18,5;17,2;88;81;87;215;8,4;4,5;
2025/01/08;2000 UTC;,2;893,7;893,8;892,6;720,1;19,2;17,2;19,9;19,1;17,7;17;88;86;88;231;8,3;2,5;
2025/01/08;2100 UTC;2,8;893,5;893,7;893,3;110,2;18,7;16,8;19,2;18,7;17,2;16,7;89;88;88;254;7,7;4;
2025/01/08;2200 UTC;,6;894,1;894,3;893,4;34,5;18,6;16,4;19;18,5;16,8;16,3;88;86;87;261;7,7;2,9;
2025/01/08;2300 UTC;0;894;894,2;894;;18,2;15,8;18,9;18,1;16,4;15,7;88;84;86;241;5,3;2,1;
2025/01/09;0000 UTC;0;894,5;894,7;894;;17,8;15,4;18,6;17,7;16,1;15,3;87;84;86;259;6,5;1;
2025/01/09;0100 UTC;0;894,6;894,7;894,4;;18,3;15,8;18,5;17,5;16,3;15,4;89;85;85;253;4,3;2,4;
2025/01/09;0200 UTC;0;894,7;895;894,6;;18,4;16;18,7;17,5;16;15,2;88;84;86;282;4,8;2,4;
2025/01/09;0300 UTC;0;894,4;894,7;894,3;;17,8;15,9;19;17,8;16;15,3;89;81;89;226;4,8;,9;
2025/01/09;0400 UTC;,6;893,6;894,4;893,6;;17,8;16,1;17,9;17,7;16,1;15,9;90;89;90;186;3,1;,7;
2025/01/09;0500 UTC;2;893,1;893,6;893,1;;17,7;16,2;17,8;17,6;16,2;16;91;90;91;52;1,7;,6;
2025/01/09;0600 UTC;0;892,7;893,1;892,6;;17,8;16,4;17,8;17,7;16,5;16,2;92;91;92;110;2,1;,7;
2025/01/09;0700 UTC;0;892,4;892,7;892,4;;17,6;16,3;17,8;17,6;16,4;16,2;92;92;92;121;1,3;,3;
2025/01/09;0800 UTC;0;892,6;892,6;892,3;;17;15,7;17,6;16,9;16,3;15,6;92;92;92;286;1,9;1;
2025/01/09;0900 UTC;0;893,3;893,4;892,6;69,6;17,1;15,7;17,3;16,8;16;15,5;93;91;91;246;3,8;2;
2025/01/09;1000 UTC;0;893,7;893,7;893,3;322,6;18,1;16;18,1;17,1;16,3;15,7;91;88;88;218;6,6;2,3;
2025/01/09;1100 UTC;0;894;894,1;893,7;1323,8;19,7;16,4;19,9;18,1;16,9;15,9;88;80;81;223;4,6;2,2;
2025/01/09;1200 UTC;0;894,2;894,2;894;2435,8;20,9;15,3;21,7;19,3;16,7;15,3;82;69;70;240;6,2;3;
2025/01/09;1300 UTC;0;894,3;894,4;894,2;1908,1;20,6;15,9;21,5;20,4;16,7;15,2;77;69;75;244;6;3,3;
2025/01/09;1400 UTC;0;894;894,4;894;2452,6;22,3;15,7;22,3;20,4;16,6;15,5;77;66;66;214;6;2,5;
2025/01/09;1500 UTC;0;893,5;894;893,4;2843,3;21,5;16,6;23,6;21,3;17,4;15,2;75;62;74;235;6,2;3,1;
2025/01/09;1600 UTC;0;893;893,5;893;2494,1;21,1;16,7;22,6;20,6;17,8;16,1;78;71;76;241;7;3,3;
2025/01/09;1700 UTC;2,2;892,8;893,2;892,8;1363,3;18,6;16,3;21,1;18,1;17,3;15,9;88;76;86;219;9,1;4,7;
2025/01/09;1800 UTC;2,2;893,1;893,1;892,6;1423,1;17,5;16,2;18,9;17,4;16,8;15,8;92;86;92;221;11,9;5,1;
2025/01/09;1900 UTC;,4;892,7;893,2;892,7;1186,6;18,2;15,8;18,2;17,1;16,2;15,3;92;86;86;223;9,8;4,7;
2025/01/09;2000 UTC;,2;892,8;892,9;892,6;574,9;17,4;15,2;18,3;17,4;15,7;15,1;89;85;87;218;10,2;5,2;
2025/01/09;2100 UTC;0;893,1;893,2;892,7;308,1;16,9;14,8;17,6;16,9;15,2;14,5;88;84;88;213;9,5;3,7;
2025/01/09;2200 UTC;2,6;893,7;893,7;893,1;26,1;17,1;15,2;17,2;16,9;15,4;14,9;89;88;88;224;9,8;4,1;
2025/01/09;2300 UTC;,6;894,5;894,6;893,7;;16,2;14,4;17,1;16,1;15,1;14,3;89;87;89;233;8,5;3,4;
2025/01/10;0000 UTC;0;894,9;894,9;894,5;;16,4;14,3;16,5;16,1;14,6;14,3;89;87;87;242;7;1,9;
2025/01/10;0100 UTC;0;895,3;895,4;894,9;,1;16,5;14,4;16,6;16,4;14,4;14,2;88;86;87;254;6;1,3;
2025/01/10;0200 UTC;0;895,4;895,5;895,2;1,1;16;14,2;16,5;16;14,4;14,2;89;87;89;261;2,8;,7;
2025/01/10;0300 UTC;0;894,7;895,4;894,7;;14,8;13,3;16;14,8;14,2;13,3;91;89;91;239;2,7;1,4;
2025/01/10;0400 UTC;0;893,8;894,7;893,8;;14,2;12,8;15,1;14,1;13,7;12,6;91;91;91;277;3;,8;
2025/01/10;0500 UTC;0;893,4;893,8;893,3;;14,2;12,9;14,4;13,9;13;12,4;92;91;92;219;2,5;1,7;
2025/01/10;0600 UTC;,2;892,7;893,4;892,7;;13,8;12,5;14,2;13,6;13,1;12,3;93;91;92;228;3,2;1,5;
2025/01/10;0700 UTC;0;892,5;892,7;892,4;;13,6;12,5;13,8;13,4;12,7;12,2;93;92;93;208;3,1;1,9;
2025/01/10;0800 UTC;0;893;893;892,5;;13,3;12,3;13,7;12,9;12,6;11,7;93;92;93;201;3,4;1,8;
2025/01/10;0900 UTC;0;893,9;893,9;893;35,8;14,8;13,7;14,8;13,3;13,9;12,4;94;93;93;191;4,4;2,2;
2025/01/10;1000 UTC;0;894,4;894,4;893,9;247,6;15,7;13,8;15,7;14,7;13,9;13,5;93;88;88;207;5,1;2,9;
2025/01/10;1100 UTC;0;894,7;894,7;894,4;826,5;16,9;14,1;16,9;15,7;14,5;13,8;88;84;84;224;4,6;2,6;
2025/01/10;1200 UTC;0;895;895;894,7;1870,9;18,7;14,4;19,5;16,9;15,7;13,8;84;75;76;231;4,9;2,6;
2025/01/10;1300 UTC;0;894,9;895;894,9;3011,1;19,1;15,1;20,2;18,6;16,2;14,2;81;72;78;228;5,7;3,1;
2025/01/10;1400 UTC;0;894,9;895;894,9;2668,2;19,7;15,6;19,8;18;16,1;14,8;84;77;77;218;6,9;3,9;
2025/01/10;1500 UTC;0;894,9;895;894,8;1675,2;18,9;14,6;19,7;18,3;15,4;14,1;78;76;76;212;7,7;3,8;
2025/01/10;1600 UTC;0;894,5;894,9;894,4;2312,8;19;15,6;19,8;18,6;16,1;14,5;81;76;81;235;8;4,2;
2025/01/10;1700 UTC;0;894,2;894,6;894,2;1525,3;17,5;15,2;19;17,2;15,8;14,9;87;80;87;227;7,5;3,8;
2025/01/10;1800 UTC;0;893,9;894,2;893,9;1150,9;17,2;15,1;17,9;17,2;15,5;15;88;85;88;223;8;4,4;
2025/01/10;1900 UTC;0;893,7;894;893,7;887,2;16,9;14,7;17,6;16,8;15,5;14,6;89;86;87;216;8;3,6;
2025/01/10;2000 UTC;0;893,8;893,8;893,6;677,3;16,8;14,3;17,2;16,8;15;14,3;88;85;85;206;7,9;3,9;
2025/01/10;2100 UTC;0;894,1;894,1;893,8;304,5;16,4;14,4;16,9;16,4;14,6;14,3;88;85;88;226;9,1;3,6;
2025/01/10;2200 UTC;,2;894,5;894,5;894,1;25,7;16,2;14,5;16,4;16,2;14,5;14,4;90;88;90;241;6,6;2,3;
2025/01/10;2300 UTC;,6;895;895;894,5;;16,3;14,6;16,3;16,1;14,6;14,4;90;90;90;217;5,7;2,5;
2025/01/11;0000 UTC;,2;895;895,1;894,9;;16,4;14,5;16,4;16,3;14,6;14,5;90;89;89;231;5,5;2,5;
2025/01/11;0100 UTC;0;895,2;895,2;895;;16,2;14,1;16,4;16,2;14,6;14,1;89;87;87;205;5,6;2,4;
2025/01/11;0200 UTC;0;895,1;895,2;895;;15,4;13,5;16,3;15,4;14,1;13,5;88;86;88;242;5,6;1,5;
2025/01/11;0300 UTC;0;894,6;895,1;894,6;;14,7;12,7;15,5;14,7;13,6;12,7;89;87;88;242;4,5;2,2;
2025/01/11;0400 UTC;0;894,1;894,6;894,1;;13,3;11,7;14,7;13,1;12,7;11,4;90;88;90;287;3,8;1,1;
2025/01/11;0500 UTC;0;893,7;894,1;893,7;;12,6;11,1;13,3;12,6;11,7;11;91;90;90;228;3,4;1,6;
2025/01/11;0600 UTC;0;893,2;893,7;893,2;;11,1;9,3;12,6;11;11;9,1;90;88;89;217;4;1,9;
2025/01/11;0700 UTC;,2;893,6;893,6;893,2;;10,4;8,6;11,1;10,4;9,4;8,6;89;88;89;254;3,9;1,3;
2025/01/11;0800 UTC;0;894;894;893,6;;10,8;9,1;10,8;10,4;9,2;8,6;90;89;90;243;2,6;,5;
2025/01/11;0900 UTC;0;894,2;894,2;893,9;57,7;11,2;9,2;11,2;10,8;9,3;8,9;90;88;88;238;2,9;1,1;
2025/01/11;1000 UTC;0;894,7;894,7;894,2;227,7;12,3;10,2;12,3;11,2;10,2;9,2;88;85;87;138;2;,4;
2025/01/11;1100 UTC;0;894,7;894,8;894,6;628,5;14,3;11,9;14,3;12,2;11,9;10,1;88;84;85;208;2,1;,9;
2025/01/11;1200 UTC;0;895,1;895,1;894,7;1165,9;17,4;12,9;17,6;14,4;13,8;11,6;85;74;75;76;1,8;,6;
2025/01/11;1300 UTC;0;894,8;895,1;894,8;2244,6;20,7;14,5;21,7;17,4;15,7;12,7;75;64;68;126;2,7;1,4;
2025/01/11;1400 UTC;0;894,7;894,9;894,6;2108,5;20,2;15,2;22,9;20,1;16,2;14;73;60;73;243;5,8;3,3;
2025/01/11;1500 UTC;0;894,5;894,7;894,5;2671,8;21,8;16,7;22,1;20,1;16,8;14,8;74;68;73;222;7;3,4;
2025/01/11;1600 UTC;0;894,3;894,5;894,3;3265,4;22,3;17,1;22,5;19,7;17,7;15,6;79;70;73;225;7,5;2,9;
2025/01/11;1700 UTC;0;894;894,3;894;2792,9;21,2;16,8;22,3;19,7;17,5;15,6;79;71;76;241;8,3;4;
2025/01/11;1800 UTC;0;893,9;894,1;893,9;3125,8;19,8;15;21,6;19,8;16,9;15;76;71;74;233;7,9;4,1;
2025/01/11;1900 UTC;0;893,9;893,9;893,8;1551,2;19,6;15,1;20,8;19,1;16,2;15;80;72;75;214;7,2;3,3;
2025/01/11;2000 UTC;0;893,5;894;893,4;1096;19,4;15;19,8;19,2;15,4;14,9;77;75;76;210;7,2;3,5;
2025/01/11;2100 UTC;0;893,8;893,9;893,4;263,7;18,4;15,5;19,4;18,4;15,5;15;83;76;83;228;8;3,6;
2025/01/11;2200 UTC;0;894,6;894,6;893,8;30,6;18;15,5;18,4;18;15,7;15,5;86;83;86;208;6,3;3,3;
2025/01/11;2300 UTC;0;894,9;894,9;894,5;;18,1;15,5;18,3;17,9;15,6;15,4;86;84;85;211;5,9;2,3;
2025/01/12;0000 UTC;0;895,2;895,2;894,7;;17,7;15,5;18,1;17,6;15,6;15,3;87;84;87;223;5,2;2,3;
2025/01/12;0100 UTC;0;895,5;895,6;895,2;;17,5;15,5;17,7;17,5;15,7;15,5;88;87;88;207;6;3;
2025/01/12;0200 UTC;0;895,4;895,6;895,4;;17,3;15,4;17,6;17,3;15,6;15,4;89;88;89;214;5,9;1,5;
2025/01/12;0300 UTC;0;895,2;895,4;895,1;;16,5;14,6;17,3;16,5;15,4;14,6;89;88;89;314;2,7;1,1;
2025/01/12;0400 UTC;0;894,8;895,2;894,8;;16;14,5;16,5;16;14,6;14,4;91;88;91;295;2,3;,4;
2025/01/12;0500 UTC;0;894,3;894,9;894,3;;16;14,4;16,2;15,9;14,7;14,3;91;90;90;12;2,4;,8;
2025/01/12;0600 UTC;0;893,9;894,3;893,9;;15,8;14,4;16;15,6;14,4;14,1;91;90;91;238;1,3;,2;
2025/01/12;0700 UTC;0;893,8;894;893,8;;16,3;14,8;16,3;15,8;14,9;14,4;91;91;91;217;2,7;1,7;
2025/01/12;0800 UTC;0;894,3;894,3;893,8;;16,2;14,7;16,3;16,2;14,8;14,7;91;91;91;233;2,7;1,1;
2025/01/12;0900 UTC;0;894,9;894,9;894,3;93;16,3;14,8;16,3;16;14,9;14,6;91;91;91;206;2,5;1,7;
2025/01/12;1000 UTC;0;895;895;894,8;534;18,1;15,7;18,1;16,3;15,9;14,8;91;86;86;330;2,6;,8;
2025/01/12;1100 UTC;0;895,4;895,4;895;1281,6;19,5;15,5;20,6;18,1;16,5;15,1;86;73;78;224;2,9;1,5;
2025/01/12;1200 UTC;0;895,8;895,8;895,4;390,2;17,2;15,2;19,5;17,1;15,7;14,9;88;77;88;215;5,7;3,5;
2025/01/12;1300 UTC;0;895,7;896;895,7;344,2;18;15,4;18;17,1;15,5;15,1;89;85;85;230;5,4;2,1;
2025/01/12;1400 UTC;0;895,5;895,8;895,4;783,1;19;15,7;19;17,8;15,9;15,1;84;81;81;232;5,5;1,2;
2025/01/12;1500 UTC;0;895,1;895,5;895,1;1092,3;19,6;16;20,4;19;16,6;15,3;82;74;80;48;2,7;,8;
2025/01/12;1600 UTC;1,4;894,6;895,1;894,6;799,2;18,6;16,2;19,7;18,6;16,4;15,3;86;78;86;238;4,1;2,2;
2025/01/12;1700 UTC;,8;894,1;894,6;894,1;961;17,8;15,5;18,6;17,8;16,2;15,3;87;83;86;231;5,8;2,3;
2025/01/12;1800 UTC;1,6;893,7;894,1;893,6;741,5;17,5;15,2;17,9;17,4;15,7;15,1;87;85;86;249;5,8;3;
2025/01/12;1900 UTC;0;893,3;893,7;893,3;986,6;17,9;14,4;18,7;17,5;15,8;14;87;76;80;251;6,1;2,7;
2025/01/12;2000 UTC;0;893,2;893,3;893;748,7;18;14,6;18,9;17,9;15;14,4;82;77;81;227;5,4;2,7;
2025/01/12;2100 UTC;0;893,4;893,5;893,1;126;17;15,2;17,9;17;15,2;14,6;89;81;89;201;5,1;2,4;
2025/01/12;2200 UTC;,4;894,3;894,3;893,4;14,1;16,8;14,9;17,2;16,8;15,4;14,9;90;89;89;217;5,3;2,8;
2025/01/12;2300 UTC;0;894,7;894,7;894,3;;16;14,1;16,8;16;14,9;14,1;89;88;89;234;6,1;2,8;
2025/01/13;0000 UTC;,2;895,2;895,2;894,7;;16;13,7;16,1;15,7;14,1;13,7;89;87;87;206;6;2,3;
2025/01/13;0100 UTC;0;895,4;895,4;895,2;,1;15,8;13,1;16,1;15,7;13,8;13,1;87;84;84;268;5,1;2;
2025/01/13;0200 UTC;0;895,3;895,6;895,3;;15,6;13,5;16;15,5;13,5;13;88;83;87;212;3,9;2,2;
2025/01/13;0300 UTC;0;894,8;895,3;894,7;;15,5;13,4;15,7;15,5;13,5;13,3;87;86;87;233;4,2;1,5;
2025/01/13;0400 UTC;0;894,3;894,8;894,3;;15,5;13,3;15,7;15,4;13,5;13,2;87;86;87;240;4;1,3;
2025/01/13;0500 UTC;0;894;894,3;894;;15,6;13,1;15,7;15,3;13,4;13;87;84;85;195;5;2,9;
2025/01/13;0600 UTC;0;893,7;894;893,7;;15,4;13,2;15,7;15,1;13,2;12,9;87;84;87;219;4,5;1,7;
2025/01/13;0700 UTC;0;893,8;893,8;893,7;;15;13;15,5;15;13,2;12,9;88;86;88;226;3,5;1,2;
2025/01/13;0800 UTC;0;894,2;894,2;893,7;;15;12,8;15,4;15;13,3;12,8;88;86;87;257;3,8;1;
2025/01/13;0900 UTC;0;894,7;894,7;894,2;45;15,3;13,5;15,3;14,8;13,5;12,8;89;87;89;220;3;1;
2025/01/13;1000 UTC;0;895,1;895,1;894,7;362,6;16,4;14;16,5;15,3;14,3;13,5;90;85;85;83;2;1,1;
2025/01/13;1100 UTC;0;895,1;895,1;895;1240,3;18,7;14,1;19,2;16,4;14,8;13,7;86;72;75;63;2,3;,7;
2025/01/13;1200 UTC;0;895;895,1;895;2426,7;22,3;16,4;22,9;18,7;16,6;14;77;63;69;100;3;1,5;
2025/01/13;1300 UTC;0;895;895,1;894,9;1773,1;19,1;14,9;22,4;19;15,5;13,8;77;63;77;249;6,4;3,5;
2025/01/13;1400 UTC;,2;895,1;895,2;895;1272,6;17,6;15,5;19,6;17,6;15,8;15;87;77;87;220;6,4;3,1;
2025/01/13;1500 UTC;0;894,9;895,1;894,9;973,3;18,4;15,6;18,7;17,6;15,8;15,1;88;81;84;219;5,3;2,2;
2025/01/13;1600 UTC;0;894,6;894,9;894,6;750,2;18;15,3;18,7;18;16;15,1;84;82;84;214;5;2,6;
2025/01/13;1700 UTC;,2;894,5;894,6;894,5;413,3;17,6;15,6;18,1;17,5;15,6;15,1;88;84;88;224;4,4;2;
2025/01/13;1800 UTC;1,8;894,1;894,5;894,1;492,1;17,3;15,6;17,7;17,3;15,9;15,5;90;88;90;221;4,8;2,5;
2025/01/13;1900 UTC;,2;893,7;894,1;893,6;799,9;16,9;15,2;17,6;16,9;15,8;15,2;90;88;89;223;7;3,4;
2025/01/13;2000 UTC;0;893,6;893,7;893,6;398,5;16,8;14,7;17,1;16,8;15,3;14,7;90;87;87;220;6,9;3,4;
2025/01/13;2100 UTC;0;893,6;893,7;893,5;241,9;16,7;14,6;16,9;16,6;14,9;14,6;88;87;88;220;6,2;2,5;
2025/01/13;2200 UTC;0;894,1;894,1;893,6;31,4;16,1;14,4;16,7;16,1;14,6;14,4;89;88;89;220;5,5;2,6;
2025/01/13;2300 UTC;0;894,5;894,5;894,1;;16;14,1;16,2;16;14,4;14,1;90;88;89;240;5,7;2,3;
2025/01/14;0000 UTC;0;895;895;894,5;;15,4;13,6;16,1;15,4;14,3;13,6;89;88;89;227;5,8;2,6;
2025/01/14;0100 UTC;0;895,4;895,4;895;;15,5;13,8;15,5;15,1;13,8;13,4;90;89;90;171;5,2;1,8;
2025/01/14;0200 UTC;0;895,2;895,4;895,1;;15,6;13,9;15,6;15,2;13,9;13,5;90;89;90;197;3,8;1,9;
2025/01/14;0300 UTC;0;894,7;895,2;894,7;;15,6;13,8;15,9;15,5;14,2;13,7;90;89;89;203;3,8;1,4;
2025/01/14;0400 UTC;0;894,5;894,7;894,5;;15,4;13,8;15,7;15,2;14;13,6;90;89;90;216;2,9;1,1;
2025/01/14;0500 UTC;0;894;894,5;894;;15,9;14;15,9;15,4;14,1;13,8;90;89;89;221;4,5;1,3;
2025/01/14;0600 UTC;,8;893,6;894;893,6;;15,6;14;15,9;15,5;14;13,8;90;88;90;200;3,1;1,4;
2025/01/14;0700 UTC;0;893,6;893,7;893,5;;15,8;14,3;15,9;15,6;14,4;14;91;90;91;201;2,5;1,3;
2025/01/14;0800 UTC;0;893,7;893,8;893,6;;15,7;14,2;15,9;15,7;14,3;14,1;91;90;90;207;3,3;1,2;
2025/01/14;0900 UTC;0;894,2;894,2;893,7;16,8;16;14,3;16,1;15,7;14,4;14,1;91;89;89;198;3,2;1;
2025/01/14;1000 UTC;,6;894,7;894,7;894,2;201,8;16,4;14,8;16,4;15,9;14,8;14,2;90;89;90;196;2;,6;
2025/01/14;1100 UTC;,2;894,6;894,7;894,6;749,8;18,2;15,8;18,2;16,4;15,9;14,8;90;86;86;33;1,4;,7;
2025/01/14;1200 UTC;0;894,8;894,9;894,6;855,5;19,2;16,3;19,2;18,1;16,3;15,1;86;82;83;65;2;,7;
2025/01/14;1300 UTC;0;895;895;894,8;996,4;19,3;15,8;19,7;18,8;16,3;15,5;83;79;80;74;2,3;1;
2025/01/14;1400 UTC;0;894,9;895;894,9;1743,2;19,2;15,6;20,6;19,2;16,9;15,6;83;75;79;44;3,6;1,8;
2025/01/14;1500 UTC;0;894,9;894,9;894,8;1460,6;19,9;16,3;20,8;19,2;17;15,4;82;73;80;23;3,6;,9;
2025/01/14;1600 UTC;,2;895;895;894,9;777,9;18,3;16;20,3;18,3;17;16;87;79;87;203;3,6;2,1;
2025/01/14;1700 UTC;,2;894,6;895;894,6;1222,2;18,5;16,3;18,9;18,3;16,7;16;88;85;87;225;5;2,4;
2025/01/14;1800 UTC;,4;894,2;894,6;894,2;714,3;17,9;15,9;18,5;17,8;16,3;15,8;88;86;88;221;5,1;2,3;
2025/01/14;1900 UTC;,8;893,9;894,2;893,9;628;17,8;15,9;17,9;17,8;16;15,7;89;88;88;221;5,5;2,7;
2025/01/14;2000 UTC;,4;893,9;894;893,8;506,5;18;16,2;18;17,8;16,2;15,8;89;88;89;234;4,3;2;
2025/01/14;2100 UTC;0;894,2;894,2;893,9;244;17,8;15,9;18;17,8;16,2;15,9;89;89;89;234;3,9;2;
2025/01/14;2200 UTC;0;894,8;894,8;894,2;34,6;17,1;15,5;17,8;17,1;15,9;15,5;90;89;90;220;4,3;1,7;
2025/01/14;2300 UTC;0;895,4;895,4;894,8;;17,1;15,5;17,2;17,1;15,6;15,4;91;90;91;239;3,9;1;
2025/01/15;0000 UTC;0;895,9;895,9;895,4;0;17,2;15,7;17,2;17,1;15,8;15,5;91;91;91;225;2;1,1;
2025/01/15;0100 UTC;0;896,2;896,2;895,9;;17,2;15,8;17,3;17,2;15,8;15,7;91;91;91;163;1,9;,3;
2025/01/15;0200 UTC;,4;896,3;896,3;896,2;;17,3;15,9;17,3;17,2;15,9;15,7;92;91;91;16;2,7;1,2;
2025/01/15;0300 UTC;,4;895,9;896,3;895,9;;17,1;15,5;17,3;17,1;15,9;15,5;91;90;90;20;2,9;1,4;
2025/01/15;0400 UTC;,6;895,4;895,9;895,4;;17,1;15,4;17,3;17;15,6;15,4;90;89;90;20;3,2;1;
2025/01/15;0500 UTC;0;895,1;895,4;895,1;;17,2;15,4;17,3;17,1;15,6;15,3;90;89;89;355;2,9;1,5;
2025/01/15;0600 UTC;,8;894,9;895,1;894,9;;17,1;15,4;17,2;16,9;15,4;15,2;90;89;89;7;3,2;1,4;
2025/01/15;0700 UTC;,4;894,9;894,9;894,8;;17,1;15,2;17,3;17;15,4;15,1;89;89;89;2;4;1,8;
2025/01/15;0800 UTC;,4;895,4;895,4;894,9;;17;15,1;17,4;16,9;15,4;15;89;88;88;29;4;,9;
2025/01/15;0900 UTC;0;896;896;895,4;20,1;17,2;15,5;17,3;17;15,6;15,2;90;88;90;12;3,3;1,2;
2025/01/15;1000 UTC;,6;896,5;896,5;896;111,4;17,5;16;17,5;17,2;16;15,5;91;90;91;102;2,4;,7;
2025/01/15;1100 UTC;,6;896,9;896,9;896,5;244,3;18,2;16,8;18,3;17,5;16,9;16;92;91;91;12;1,9;,9;
2025/01/15;1200 UTC;0;897,2;897,2;896,9;684;19,2;16,7;19,3;18,2;17;16,3;91;85;85;25;5,2;1,9;
2025/01/15;1300 UTC;0;897,4;897,4;897,2;1010,2;19,4;16,5;19,7;19,1;17,1;16,3;86;82;83;29;5;1,9;
2025/01/15;1400 UTC;0;897,6;897,6;897,4;693,8;18,8;16,3;19,4;18,8;16,7;16,1;85;83;85;10;5,4;2,2;
2025/01/15;1500 UTC;0;897,3;897,6;897,3;790,3;19,1;16,3;19,4;18,8;16,8;16,1;86;82;84;6;4,9;2;
2025/01/15;1600 UTC;0;897,1;897,3;897,1;727,8;19,4;16,6;19,8;19,1;16,8;16,1;84;81;84;14;4,6;2,1;
2025/01/15;1700 UTC;0;896,8;897,1;896,8;596,9;19,5;16,3;20,2;19,1;17,2;15,9;84;80;82;11;5;1,6;
2025/01/15;1800 UTC;0;896,5;896,8;896,5;921,3;20,1;17;20,1;19,4;17,1;16,4;85;81;82;26;4,1;1,7;
2025/01/15;1900 UTC;0;896,2;896,5;896,1;586,3;20,2;16,8;20,2;19,5;17,2;16,4;84;80;81;16;4,5;2,2;
2025/01/15;2000 UTC;0;896,2;896,3;896,1;259,1;19,3;16,5;20,2;19,3;16,8;16,4;84;80;84;20;5,9;1,3;
2025/01/15;2100 UTC;0;896,6;896,6;896,2;91,2;19,3;16,3;19,5;19,2;16,7;16,3;85;83;83;77;2,8;1,5;
2025/01/15;2200 UTC;0;896,8;896,8;896,6;10,9;19,1;16,3;19,4;18,9;16,6;16,2;86;82;84;2;5;2,1;
2025/01/15;2300 UTC;0;897,4;897,4;896,8;;19,3;16,5;19,4;18,9;16,6;16,1;85;82;84;12;4,6;2,5;
2025/01/16;0000 UTC;0;898;898;897,4;;18,8;16,3;19,3;18,8;16,5;16,3;86;84;86;19;4,6;1,9;
2025/01/16;0100 UTC;0;898,5;898,5;898;;18,6;16,4;19;18,6;16,5;16,3;87;85;87;76;5,1;1,8;
2025/01/16;0200 UTC;0;898,2;898,6;898,2;;18,8;15,7;18,9;18,5;16,4;15,7;87;82;82;15;5,5;2,5;
2025/01/16;0300 UTC;0;897,7;898,2;897,7;;18,8;15,4;18,9;18,5;15,7;15,3;82;80;80;16;5,2;1,9;
2025/01/16;0400 UTC;0;897,2;897,7;897,2;;18,7;15,7;19,1;18,7;15,7;15,4;83;79;83;32;5,8;1,7;
2025/01/16;0500 UTC;0;897,4;897,4;897,2;;18,3;15,7;18,7;18,3;15,8;15,7;85;83;85;23;6,4;2,3;
2025/01/16;0600 UTC;0;897,5;897,7;897,4;;17,4;14,9;18,3;17,4;15,7;14,8;85;83;85;58;4,9;1,2;
2025/01/16;0700 UTC;0;897,2;897,5;897,2;;18,4;14,6;18,6;17,4;15;14,5;86;78;79;18;4,6;2,2;
2025/01/16;0800 UTC;0;897,8;897,8;897,2;,1;19;15,3;19;18;15,3;14,5;82;78;79;16;5,4;2,5;
2025/01/16;0900 UTC;0;898,5;898,5;897,8;42,7;19;15,8;19;18,7;15,8;15,2;82;79;82;28;5,4;2,4;
2025/01/16;1000 UTC;0;898,8;898,8;898,5;237,6;19;16;19,1;18,9;16;15,8;83;82;83;28;6;2,7;
2025/01/16;1100 UTC;0;899,3;899,3;898,8;564,3;19,8;16,2;19,8;18,9;16,4;15,8;84;80;80;53;5,3;2;
2025/01/16;1200 UTC;0;899,7;899,8;899,3;1218;20,4;15,8;21;19,8;17;15,6;80;74;75;41;5,6;2,8;
2025/01/16;1300 UTC;0;899,8;899,8;899,7;2183,6;22,3;16,8;22,7;20,4;17,1;15,7;77;69;71;60;6,2;3;
2025/01/16;1400 UTC;0;899,6;899,9;899,6;1977;23;17;23,4;21,7;17,7;15,9;72;67;69;59;6,6;2,6;
2025/01/16;1500 UTC;0;899;899,6;899;2083;24,5;18;24,5;22,1;18,5;16,3;73;66;67;44;7,1;2,5;
2025/01/16;1600 UTC;0;898,5;899;898,5;3412,8;26,1;18,6;26,1;23,9;19,1;17;69;61;63;36;7,7;3,3;
2025/01/16;1700 UTC;0;898;898,5;898;3230,5;24,8;17,8;26,6;24,4;19,2;16,9;67;58;65;36;8;2,6;
2025/01/16;1800 UTC;0;897,7;898;897,7;1521,9;23,6;17,6;25,9;23,6;18,5;17;69;61;69;35;7,4;2;
2025/01/16;1900 UTC;,8;897,3;897,7;897,3;890,6;23,1;19;24;21,8;20,4;17,5;84;67;78;61;4,8;1,1;
2025/01/16;2000 UTC;0;897;897,3;896,9;761,9;23,1;18,4;23,7;22,9;19,6;17,6;79;72;75;18;4,6;1,6;
2025/01/16;2100 UTC;0;897,3;897,3;896,9;301,8;22,4;18,2;23,3;22,4;18,6;17,4;78;70;78;42;3,8;,9;
2025/01/16;2200 UTC;0;898;898;897,3;22,6;21,4;18,2;22,4;21,3;18,6;18,1;83;77;82;359;3,3;1,4;
2025/01/16;2300 UTC;0;898,6;898,6;898;;21,4;18,2;21,7;21,3;18,4;18,2;83;81;82;34;4,1;1,7;
2025/01/17;0000 UTC;0;899,2;899,2;898,6;;21,1;18,4;21,5;21,1;18,4;18,1;84;82;84;26;4,9;2,3;
2025/01/17;0100 UTC;0;899,5;899,5;899,2;;20,9;18,3;21,2;20,9;18,5;18,2;86;84;85;24;6,2;2,5;
2025/01/17;0200 UTC;0;899,7;899,7;899,5;;20,9;18,3;21;20,7;18,4;18,2;86;85;85;28;5,9;1,9;
2025/01/17;0300 UTC;0;899,3;899,8;899,3;;20,8;18,1;21;20,8;18,3;18,1;85;84;85;37;6,5;2,8;
2025/01/17;0400 UTC;0;898,8;899,4;898,8;;20,8;18;20,9;20,7;18,2;17,9;85;84;84;66;7,1;3;
2025/01/17;0500 UTC;0;898,6;898,8;898,5;;20,9;17,6;20,9;20,7;18;17,6;84;81;81;53;7,9;3,4;
2025/01/17;0600 UTC;0;898,1;898,6;898;;20,5;17,4;20,9;20,5;17,7;17,4;83;81;82;61;7,6;2,8;
2025/01/17;0700 UTC;0;898,1;898,1;897,9;;20,4;17,2;20,6;20,3;17,4;17,2;83;82;82;64;7,3;3,1;
2025/01/17;0800 UTC;0;898,4;898,4;898,1;;20,4;17,2;20,5;20,2;17,4;17,2;83;82;82;62;7;3;
2025/01/17;0900 UTC;0;898,9;898,9;898,4;39,3;20,2;17,1;20,5;20,1;17,3;17,1;83;82;83;72;7,5;2,9;
2025/01/17;1000 UTC;0;899,4;899,4;898,9;345,7;20,9;17,6;21;20,2;17,7;17;83;78;82;78;6,7;2,7;
2025/01/17;1100 UTC;0;899,5;899,5;899,4;1092,2;22,6;17,6;22,7;20,9;17,9;17,3;82;73;74;79;7,3;3,7;
2025/01/17;1200 UTC;0;899,6;899,7;899,5;1776,5;23,8;18,3;23,8;22,5;18,3;17,3;74;68;71;54;8,2;3;
2025/01/17;1300 UTC;0;899,7;899,8;899,5;2423,1;24,5;17,5;25,2;23,7;18,7;16,5;72;62;65;45;10,6;3,6;
2025/01/17;1400 UTC;0;899,6;899,8;899,5;3013,1;25,6;18,4;26,3;24;18,8;16,3;66;57;64;55;7,8;3,2;
2025/01/17;1500 UTC;0;899,2;899,6;899,2;3784,9;27;17,5;27,2;25,7;18,2;16,2;64;53;56;66;9,6;3,4;
2025/01/17;1600 UTC;0;898,6;899,2;898,5;3880,4;27,8;17,8;28,2;26,5;18,6;16,5;58;52;55;77;9,6;3,4;
2025/01/17;1700 UTC;0;898,3;898,6;898,3;3551,4;27,4;16,9;28,1;26,9;18;16,3;56;50;53;76;7,5;3,5;
2025/01/17;1800 UTC;0;898,1;898,3;898,1;2809,3;27,6;16;28,1;26,6;18,1;16;57;49;49;74;8,1;3,3;
2025/01/17;1900 UTC;0;897,7;898,2;897,7;1572,5;26,5;17,2;27,7;26;17,6;15,9;58;50;56;75;8,5;2,4;
2025/01/17;2000 UTC;0;897,4;897,7;897,4;1646,7;26,6;16,6;27,5;26,4;17,6;16,3;58;52;54;74;5,6;2,3;
2025/01/17;2100 UTC;0;897,7;897,7;897,4;514,1;23,1;17,4;26,6;23,1;17,4;16,5;71;54;71;20;5,2;1,2;
2025/01/17;2200 UTC;0;898,3;898,3;897,7;31,9;20,7;17,9;23,1;20,6;18,3;17,4;84;71;84;331;2,8;,6;
2025/01/17;2300 UTC;0;898,9;898,9;898,3;;19,5;17,2;20,7;19,4;17,9;16,9;87;84;87;352;2,4;,9;
2025/01/18;0000 UTC;0;899,4;899,4;898,9;;18,5;16,6;19,5;18,5;17,2;16,6;89;86;89;30;2,8;,8;
2025/01/18;0100 UTC;0;900;900;899,4;;18,7;17;18,8;18,3;17,2;16,5;90;89;90;63;1,5;,6;
2025/01/18;0200 UTC;0;899,9;900;899,8;;19,3;17,6;20;18,6;18,4;16,9;92;90;90;354;2,8;1,2;
2025/01/18;0300 UTC;0;899,4;899,9;899,4;;19,5;17,8;20,3;19,1;18,7;17,3;91;89;90;32;3,3;1,5;
2025/01/18;0400 UTC;0;899,1;899,4;899,1;;18,7;17,1;19,5;18,3;17,7;16,6;91;89;91;62;2,7;,8;
2025/01/18;0500 UTC;0;898,6;899,1;898,6;;18,4;17;18,7;18,2;17,2;16,7;91;90;91;18;1,6;,3;
2025/01/18;0600 UTC;0;898,4;898,6;898,4;;18,8;17,4;18,9;18,1;17,6;16,7;92;91;92;25;1,9;,4;
2025/01/18;0700 UTC;0;898,7;898,7;898,4;;19,1;17,8;19,2;18,7;17,8;17,3;92;92;92;41;1,7;,9;
2025/01/18;0800 UTC;0;898,7;898,7;898,6;;19;17,5;19,1;18,8;17,8;17,3;92;91;91;7;2,6;1,1;
2025/01/18;0900 UTC;0;899;899;898,7;56,6;19,7;17,9;19,8;18,8;18;17,4;91;89;89;24;3,7;1,8;
2025/01/18;1000 UTC;0;899,4;899,4;899;427,7;21,4;18,4;21,4;19,7;18,7;17,8;89;83;83;88;5;3;
2025/01/18;1100 UTC;0;899,4;899,5;899,3;1487,9;23;18,6;23,2;21,4;18,8;18,2;83;75;76;81;7,7;4;
2025/01/18;1200 UTC;0;899,5;899,5;899,3;1736,9;24;18,2;24;22,9;18,6;17,5;76;69;70;84;8,4;4,5;
2025/01/18;1300 UTC;0;899,2;899,5;899,2;3441,9;25,2;17,2;26,1;24;19;17,2;70;60;61;86;7,7;4;
2025/01/18;1400 UTC;0;899;899,4;899;3339,4;27,4;18;27,9;25;18,9;17;65;53;57;79;6,8;2,9;
2025/01/18;1500 UTC;0;898,5;899;898,5;3840,7;28,6;17,4;28,9;26,9;18,5;15,6;58;47;51;71;7,1;2,9;
2025/01/18;1600 UTC;0;898,1;898,6;898,1;3676,5;27,7;17,7;28,9;27,6;18,9;15,9;58;46;54;78;7;3,9;
2025/01/18;1700 UTC;0;897,6;898,1;897,6;3642,5;28,6;17,3;29,4;27,6;19,8;17,2;58;50;50;85;8,3;3,5;
2025/01/18;1800 UTC;0;897,1;897,6;897,1;2880,4;27,9;16,9;29;27,8;18,7;16,9;55;50;51;74;7,9;3,7;
2025/01/18;1900 UTC;0;896,6;897,1;896,6;2563;28,2;16,2;28,7;27,9;17,5;15,9;53;47;48;75;7,9;3,3;
2025/01/18;2000 UTC;0;896,4;896,7;896,4;1688,6;28,4;13;28,7;28,2;16,9;12,5;50;37;39;81;6,8;2,7;
2025/01/18;2100 UTC;0;896,5;896,5;896,4;681,2;23,1;17,2;28,5;23,1;17,2;11,8;69;36;69;350;5,1;,8;
2025/01/18;2200 UTC;0;897,1;897,1;896,5;46,1;22,3;16,2;23,6;22,3;17,3;16,1;71;67;68;348;3,7;1,1;
2025/01/18;2300 UTC;0;897,6;897,6;897,1;;20,3;16,5;22,3;19,9;16,8;16,1;80;68;79;292;3,1;1,6;
2025/01/19;0000 UTC;0;898,3;898,3;897,6;;18,4;16,2;20,3;18,4;16,7;16,1;87;78;87;355;3,1;,4;
2025/01/19;0100 UTC;0;898,6;898,7;898,3;;17,6;15,9;18,4;17,6;16,4;15,9;90;87;90;312;,9;,4;
2025/01/19;0200 UTC;0;898,3;898,6;898,3;;17,4;15,9;17,7;17,2;16,1;15,6;91;90;91;9;,9;,5;
2025/01/19;0300 UTC;0;897,8;898,3;897,8;;17;15,5;17,5;16,9;15,9;15,5;91;91;91;311;,9;,4;
2025/01/19;0400 UTC;0;897,2;897,8;897,2;;16,6;15,2;17;16,6;15,5;15,2;92;91;91;251;1,7;,9;
2025/01/19;0500 UTC;0;897;897,2;897;;16,1;14,8;16,6;16;15,3;14,7;92;91;92;276;1,7;,6;
2025/01/19;0600 UTC;0;896,8;897;896,8;;15,6;14,3;16,1;15,6;14,8;14,3;93;92;92;126;1,4;,5;
2025/01/19;0700 UTC;0;896,7;896,8;896,7;;15,5;14,5;15,8;15,2;14,6;14,1;94;92;94;296;1;,3;
2025/01/19;0800 UTC;0;896,9;896,9;896,7;;15,2;14,3;15,5;14,9;14,5;13,9;94;93;94;4;,8;,2;
2025/01/19;0900 UTC;,2;897,2;897,2;896,9;38;15,1;14,2;15,2;14,7;14,3;13,8;94;94;94;318;,6;,2;
2025/01/19;1000 UTC;0;897,4;897,5;897,2;741,4;19,3;17,5;19,3;15,1;17,9;14,2;94;89;89;132;1;,6;
2025/01/19;1100 UTC;0;897,3;897,5;897,3;1612;24,1;19,2;24,4;19,3;19,8;17,1;89;73;74;73;4;2,1;
2025/01/19;1200 UTC;0;897,2;897,3;897,1;2436,3;26,6;19,9;26,8;24;20,3;19;76;66;67;82;5,7;2,9;
2025/01/19;1300 UTC;0;897,1;897,3;897,1;3157,9;27,1;19;27,5;26,1;20,3;18,8;68;60;61;93;7,8;4,1;
2025/01/19;1400 UTC;0;896,7;897,2;896,7;3662,3;28,9;18,2;29;27;19,7;17,9;62;52;52;63;7,8;2,7;
2025/01/19;1500 UTC;0;896,2;896,7;896,2;3858,6;28,9;17,2;29,8;28,2;19,8;15,9;58;44;49;81;7,2;3,2;
2025/01/19;1600 UTC;0;896;896,2;895,8;2300,2;27,8;18,3;29,9;27,8;18,6;15,6;56;43;56;113;7;2,6;
2025/01/19;1700 UTC;0;895,7;896;895,7;811,2;26,2;18,4;27,8;25,9;19,3;17,8;66;55;63;199;6;2,3;
2025/01/19;1800 UTC;0;894,9;895,7;894,9;1820,8;28,2;19,7;29,1;26,2;21,9;17,5;66;54;60;188;3,6;1,9;
2025/01/19;1900 UTC;0;894,7;895;894,5;729,8;25,4;20;28,1;25,4;20,7;18,4;72;57;72;216;5,2;3;
2025/01/19;2000 UTC;21,8;895,5;897,1;894,4;28,4;18,9;17,1;25,4;18,3;20;14,9;89;72;89;219;18;3,1;
2025/01/19;2100 UTC;1,8;895,5;895,8;895,4;34,9;19,2;17,5;19,5;18,7;17,8;16,9;90;89;90;242;18;1,2;
2025/01/19;2200 UTC;0;895,9;895,9;895,5;9;19,1;17,4;19,7;19;18;17,3;91;90;90;225;2,8;1,3;
2025/01/19;2300 UTC;0;896,3;896,3;895,9;;18,9;17,3;19,2;18,8;17,6;17,2;91;90;91;255;2,3;1;
2025/01/20;0000 UTC;0;896,6;896,7;896,3;;18,4;16,9;18,9;18,3;17,4;16,8;91;90;91;265;2,4;,9;
2025/01/20;0100 UTC;0;897;897;896,6;;17,9;16,4;18,4;17,8;16,9;16,4;92;91;92;257;2,3;1,2;
2025/01/20;0200 UTC;0;897;897,2;897;;16,9;15,5;17,9;16,9;16,5;15,5;93;91;92;101;2,3;,3;
2025/01/20;0300 UTC;0;896,8;897;896,7;;16,7;15,7;16,9;16,6;15,9;15,4;94;92;94;255;1,1;,5;
2025/01/20;0400 UTC;0;896,3;896,8;896,3;;16,4;15,5;16,8;16,2;15,8;15,3;94;94;94;3;1,4;,6;
2025/01/20;0500 UTC;,2;895,8;896,3;895,8;;15,9;15;16,5;15,9;15,6;15;94;94;94;88;1,4;,3;
2025/01/20;0600 UTC;0;895,6;895,8;895,3;;16,1;15,2;16,2;15,8;15,3;14,9;94;94;94;352;1;,3;
2025/01/20;0700 UTC;0;895,7;895,8;895,5;;15,8;14,9;16,2;15,6;15,3;14,7;95;94;95;108;1,6;,4;
2025/01/20;0800 UTC;0;895,6;895,8;895,6;;16;15,1;16,3;15,7;15,4;14,8;95;94;95;317;1,1;,3;
2025/01/20;0900 UTC;0;895,9;896;895,6;35,8;16,4;15,5;16,7;15,7;15,8;14,8;95;94;95;85;1,4;,4;
2025/01/20;1000 UTC;0;896,3;896,3;895,9;730,6;21,5;20,5;21,5;16,4;20,5;15,6;95;94;94;8;3,2;1,8;
2025/01/20;1100 UTC;0;896,3;896,3;896,2;1680,8;24,4;19;24,4;21,5;21,3;18,5;94;71;72;91;6,5;3,4;
2025/01/20;1200 UTC;0;896,5;896,5;896,3;2442,7;26,2;18,3;26,2;24,4;18,8;17,8;72;61;62;85;7,5;3,9;
2025/01/20;1300 UTC;0;896,4;896,5;896,3;3150,4;27,8;17,2;27,9;26,2;19,1;17,2;63;53;53;75;7,5;3,2;
2025/01/20;1400 UTC;,2;896,1;896,5;896,1;3627,9;28,7;17,6;28,7;27,7;18,8;16;57;46;51;75;7,3;3,5;
2025/01/20;1500 UTC;0;895,7;896,2;895,7;3926,7;29,5;16,1;30;28,5;18,5;14,5;53;40;44;59;8;2,9;
2025/01/20;1600 UTC;0;895,1;895,7;895,1;4109,2;30,3;14,1;30,6;29,4;18,1;14,1;50;37;37;37;7,7;2,2;
2025/01/20;1700 UTC;0;894,6;895,1;894,5;3558,5;30,3;15,9;30,9;29,3;17,7;14,2;47;37;42;65;6,6;3,1;
2025/01/20;1800 UTC;0;893,8;894,6;893,8;2805,2;28,9;19,1;31,2;28,1;20,7;14,9;64;39;55;235;7,1;2,7;
2025/01/20;1900 UTC;0;893,7;894;893,7;1943,4;28,8;15,7;30,6;28,8;19,4;14,3;55;39;45;31;4,7;2,1;
2025/01/20;2000 UTC;0;893,8;893,9;893,3;985,2;28,3;16,8;29,4;27,5;17,8;14,8;55;42;50;280;5;1,7;
2025/01/20;2100 UTC;0;894,7;894,8;893,8;190,1;24,1;18,8;28,3;24,1;18,8;16,3;72;49;72;215;7,5;3,4;
2025/01/20;2200 UTC;0;894,4;894,7;894,3;12,9;22,7;19,2;24,1;22,7;19,6;18,9;81;72;81;343;7,5;1,9;
2025/01/20;2300 UTC;0;894,9;894,9;894,4;;21,5;18,9;22,8;21;19,4;18,8;88;81;85;328;3,6;1,3;
2025/01/21;0000 UTC;0;895,4;895,5;894,9;;20,2;18,3;21,6;20,1;18,8;18,1;89;84;89;279;3,1;,9;
2025/01/21;0100 UTC;0;896,2;896,2;895,4;;19,4;17,8;20,2;19,4;18,4;17,7;90;89;90;310;1,4;,5;
2025/01/21;0200 UTC;0;896,2;896,4;896,2;;19;17,5;19,5;18,8;18;17,3;91;90;91;77;1,1;,3;
2025/01/21;0300 UTC;0;895,8;896,2;895,8;;18,6;17,2;19,1;18,5;17,6;17,1;92;91;92;286;1,1;,3;
2025/01/21;0400 UTC;0;895,6;895,9;895,6;;18,4;17,1;18,7;18,3;17,5;16,8;92;91;92;2;1,2;,6;
2025/01/21;0500 UTC;0;895,5;895,6;895,5;;18,3;17,2;18,7;18,2;17,7;17;94;92;94;63;2,2;,3;
2025/01/21;0600 UTC;0;895,5;895,7;895,4;;18,8;17,8;18,9;18;17,9;16,9;94;93;94;19;3;1,9;
2025/01/21;0700 UTC;0;895,5;895,6;895,5;;18,5;17,5;19,1;18,2;18,1;17,1;94;93;94;69;3,3;,5;
2025/01/21;0800 UTC;0;895,8;895,8;895,5;;18,3;17,1;18,8;18,1;17,8;17,1;94;93;93;358;2,6;1,4;
2025/01/21;0900 UTC;0;896,4;896,4;895,8;36,6;18,3;17,2;19;18;17,9;16,9;94;93;93;241;2,6;,4;
2025/01/21;1000 UTC;0;896,8;896,8;896,4;729,9;23,6;21;23,6;18,3;21,3;17,2;94;85;85;40;2,4;1;
2025/01/21;1100 UTC;0;896,9;896,9;896,8;1589,5;26,1;19,6;26,1;23,6;21;19,1;85;67;67;63;3,4;1,4;
2025/01/21;1200 UTC;0;897,1;897,1;896,8;2421,1;28,1;19,1;28,5;26,1;20,4;18,8;70;57;58;102;4,1;2,2;
2025/01/21;1300 UTC;0;897,1;897,3;897;2898,4;29,4;15,6;30,1;27,8;19,8;15,6;60;43;43;70;6,2;2,5;
2025/01/21;1400 UTC;0;897,1;897,2;897,1;3397,6;30,5;13,7;30,5;29,1;18,2;12,4;49;34;36;269;6,9;1,8;
2025/01/21;1500 UTC;0;897;897,1;896,8;2311,9;27,5;18,4;30,5;27,5;19,1;15,9;57;37;57;231;6,8;3,6;
2025/01/21;1600 UTC;0;897,1;897,2;897;594,8;26;19,7;27,5;25,9;19,7;18,6;68;58;68;209;7,4;3;
2025/01/21;1700 UTC;0;897;897,1;896,8;757,1;25,8;19,8;26,1;25,6;20,6;18,9;73;65;70;219;6,3;1,8;
2025/01/21;1800 UTC;0;896,9;897,2;896,8;821,8;26,1;19,4;26,1;25,8;19,9;18,8;70;64;67;206;4,6;2,4;
2025/01/21;1900 UTC;0;896,3;896,9;896,3;946,9;26;19;26,4;26;19,4;18;67;60;65;226;6,4;3,2;
2025/01/21;2000 UTC;0;896,4;896,4;896,2;779,4;25,4;19;26;25,4;19,3;18,9;69;65;68;221;6,1;2,5;
2025/01/21;2100 UTC;0;896,9;896,9;896,3;325,6;24,6;18,8;25,4;24,5;19,4;18,8;73;67;70;282;7,1;2,1;
2025/01/21;2200 UTC;0;897,2;897,2;896,7;45,2;22,3;18,8;24,6;22,3;19,5;18,7;81;70;81;281;4,2;1,7;
2025/01/21;2300 UTC;0;897,9;897,9;897,2;;21,5;18,8;22,6;21,5;19,4;18,8;85;81;84;238;3,6;,5;
2025/01/22;0000 UTC;0;899,1;899,1;897,8;;22,1;18,8;22,6;21,4;19,6;18,7;86;81;82;255;3,8;1,3;
2025/01/22;0100 UTC;0;899,1;899,3;899;;20;17,7;22,1;20;18,9;17,7;87;81;87;221;3,3;1;
2025/01/22;0200 UTC;0;898,8;899,1;898,8;;19,7;17,4;20,6;19,4;18,3;17;88;85;86;229;4,1;1,5;
2025/01/22;0300 UTC;0;898,2;898,8;898,1;;18,5;16,2;20;18,5;17,7;16,2;87;86;87;286;4,2;1,1;
2025/01/22;0400 UTC;0;897,9;898,2;897,8;;19,5;17,2;19,9;18,4;17,4;16,3;88;85;86;271;4,5;1,3;
2025/01/22;0500 UTC;0;897,9;898,3;897,9;;18,5;16,8;19,5;18,4;17,1;16,4;89;85;89;316;2,2;,7;
2025/01/22;0600 UTC;0;898,9;898,9;897,9;;18,5;16,9;18,7;18,2;17;16,5;90;89;90;339;2;,6;
2025/01/22;0700 UTC;0;898,8;899,1;898,8;;18,7;17,2;18,7;18,5;17,2;16,9;91;90;91;262;1,5;,4;
2025/01/22;0800 UTC;0;898,1;898,8;898,1;;19,4;17,7;19,7;18,6;18,1;17,1;91;89;90;263;3,1;1,1;
2025/01/22;0900 UTC;0;897,5;898,1;897,4;81,1;19,4;17,6;19,5;18,6;17,7;16,8;90;89;89;239;3,3;1,7;
2025/01/22;1000 UTC;0;898,7;898,7;897,5;487,6;21,8;18,3;21,8;19,4;18,5;17,3;89;81;81;196;5,7;,5;
2025/01/22;1100 UTC;0;899,2;899,2;898,7;1002;23,9;18,5;24;21,5;19,1;17,7;81;72;72;100;3,5;,5;
2025/01/22;1200 UTC;0;899,8;899,8;899,2;1647;26,4;17,4;26,6;24;19,2;17,4;73;57;58;119;2,4;1,2;
2025/01/22;1300 UTC;0;899,7;899,8;899,7;2777,3;27,3;17,1;27,4;26;19,2;15,5;63;52;54;238;3,7;1,5;
2025/01/22;1400 UTC;0;899,4;899,7;899,4;3676,4;28,2;19,2;29,4;27,3;19,2;15,8;58;46;58;216;5,7;3,4;
2025/01/22;1500 UTC;0;899,3;899,4;899,3;3906,7;27,4;19,9;28,5;27,1;20,6;18,7;66;56;64;234;7,7;4,2;
2025/01/22;1600 UTC;0;899,1;899,4;899,1;2447,7;26,4;20,8;28,2;25,8;21;19,3;71;61;71;232;8,1;4,2;
2025/01/22;1700 UTC;3;899,3;899,4;898,4;909,4;21,5;18,1;26,7;21,5;20,8;18;81;69;81;38;9;2,2;
2025/01/22;1800 UTC;7;899,1;900,3;899,1;40,5;19,6;17,6;21,5;19,4;17,8;17,4;89;81;88;177;7,4;1,8;
2025/01/22;1900 UTC;0;899;900;898,9;53,3;20,1;18,1;20,5;19,5;18,6;17,5;90;88;88;173;4,6;,8;
2025/01/22;2000 UTC;0;898,2;899;897,9;78,5;20,9;18,5;21;20;18,9;18,1;89;86;86;231;4,7;1,1;
2025/01/22;2100 UTC;0;898,6;898,6;897,8;118,4;20,9;18,6;21,2;20,4;19,1;18,1;88;86;87;199;4,7;1,7;
2025/01/22;2200 UTC;0;899,4;899,4;898,6;24,1;20,9;18,8;21,2;20,5;19,2;18,4;89;87;88;195;4;1,4;
2025/01/22;2300 UTC;0;899,8;899,8;899,3;;20,6;18,3;21,1;20,6;18,8;18,3;88;86;87;258;4,2;1,6;
2025/01/23;0000 UTC;0;899,9;900;899,8;;20,1;18,1;20,6;20,1;18,6;18,1;88;87;88;213;4,6;2,3;
2025/01/23;0100 UTC;0;900,5;900,5;899,9;;19,1;17,5;20,1;19;18,1;17,3;90;88;90;279;5;,6;
2025/01/23;0200 UTC;0;900,7;900,8;900,5;;19;17,5;19,3;18,5;17,7;16,9;91;90;91;254;3,4;1,4;
2025/01/23;0300 UTC;0;900,2;900,7;900,2;;18,7;17,2;19,2;18,4;17,7;16,8;91;90;91;224;3,4;1,6;
2025/01/23;0400 UTC;,2;899,5;900,2;899,5;;18,2;16,7;18,8;18,1;17,3;16,5;91;90;91;245;4,5;1;
2025/01/23;0500 UTC;0;898,9;899,5;898,9;;17,8;16,3;18,3;17,7;16,8;16,2;91;91;91;250;2,5;,7;
2025/01/23;0600 UTC;0;898,7;899;898,7;;17,3;15,9;18;17,3;16,5;15,9;92;91;91;269;2;,6;
2025/01/23;0700 UTC;0;899;899;898,7;;17,5;16,1;17,8;17,1;16,4;15,7;92;91;92;284;2,4;1,2;
2025/01/23;0800 UTC;0;899;899,1;898,9;;16,1;14,7;17,5;16,1;16,1;14,7;92;91;92;131;2,4;,4;
2025/01/23;0900 UTC;0;899,5;899,5;899;52,7;16,1;15,1;16,5;15,9;15,5;14,6;94;92;94;1;1,4;,3;
2025/01/23;1000 UTC;0;900,2;900,2;899,5;650,8;19,6;18,6;19,6;16;18,6;15;94;94;94;289;1,3;,4;
2025/01/23;1100 UTC;0;900;900,3;900;1737,1;24,5;18,8;24,5;19,6;19,7;17,5;94;70;70;146;2,6;,7;
2025/01/23;1200 UTC;0;900,3;900,3;900;2562,9;26,6;16,1;27,1;24,3;19,4;15,8;71;51;52;179;2,5;,9;
2025/01/23;1300 UTC;,2;899,9;900,3;899,9;2907,3;27,6;17,1;28;26,2;18,7;15,7;60;50;53;125;4,1;1,4;
2025/01/23;1400 UTC;0;899,5;899,9;899,5;3113,2;28,2;16,3;28,8;27,2;19,1;16,1;58;46;48;38;2,9;1,1;
2025/01/23;1500 UTC;0;899;899,5;899;3920,1;29,5;16,7;29,5;28,2;17,8;14,4;52;41;46;23;4,6;1,5;
2025/01/23;1600 UTC;0;898,8;899;898,7;3968,6;27,4;20,4;29,7;27,1;21,3;14,6;69;41;66;227;8,3;4,2;
2025/01/23;1700 UTC;0;898,5;898,9;898,5;3608,1;25,5;19,5;27,6;25,5;21,1;19,5;72;66;70;218;8,8;5;
2025/01/23;1800 UTC;0;899;899;898,2;259,7;22,8;16,1;25,4;22,8;20,1;16;78;65;66;240;10;5,1;
2025/01/23;1900 UTC;9,4;898,7;899,9;898,2;26,6;20;18,3;22,8;18,6;18,3;16;90;66;90;294;10;1,8;
2025/01/23;2000 UTC;,2;899,9;900;898,7;37,5;20,9;18,8;21,7;20;18,9;18,2;90;84;88;248;6,3;2;
2025/01/23;2100 UTC;0;899,7;900;899,7;19,1;21,3;18,7;21,5;20,9;19,1;18,5;88;84;85;227;8,1;4;
2025/01/23;2200 UTC;0;898,9;899,7;898,9;2,6;20,5;18,3;21,3;20,5;18,8;18,3;87;85;87;210;8,1;,9;
2025/01/23;2300 UTC;0;899,3;899,3;898,7;;19,5;17,5;20,5;19,5;18,6;17,5;89;87;88;286;3,8;,8;
2025/01/24;0000 UTC;0;899,7;899,7;899,3;;19;17,3;19,5;18,9;17,5;16,9;90;88;89;269;3,2;,8;
2025/01/24;0100 UTC;0;900,3;900,3;899,7;;18,4;16,7;19;18,3;17,3;16,5;90;89;90;304;2,5;1,1;
2025/01/24;0200 UTC;0;900,4;900,5;900,3;;17,9;16,4;18,5;17,6;16,8;16;91;90;91;231;2,4;,6;
2025/01/24;0300 UTC;0;900;900,4;899,9;;17,5;16,1;17,9;17,4;16,4;15,9;92;91;92;244;1,9;1;
2025/01/24;0400 UTC;0;899,7;900,1;899,6;;16,6;15,3;17,5;16,4;16,1;15,1;92;91;92;281;1,9;,7;
2025/01/24;0500 UTC;0;899,5;899,7;899,4;;16,9;15,9;16,9;16,3;16;14,9;94;92;94;260;1,8;,9;
2025/01/24;0600 UTC;0;898,8;899,5;898,8;;16,3;15,4;16,9;15,8;15,9;14,8;94;94;94;224;1,8;,9;
2025/01/24;0700 UTC;0;898,9;898,9;898,7;;16,2;15,3;16,4;16,2;15,5;15,3;95;94;95;262;1,6;,5;
2025/01/24;0800 UTC;,2;899,2;899,2;898,9;;15,2;14,3;16,2;15,1;15,3;14,2;95;95;95;338;1,6;,9;
2025/01/24;0900 UTC;0;899,4;899,4;899,2;38,2;15,6;14,3;15,7;14,8;14,4;13,9;95;92;92;291;3,1;1,8;
2025/01/24;1000 UTC;0;899,9;899,9;899,4;325,4;16,8;15,8;16,8;15,3;15,8;13,9;93;91;93;111;2,9;,6;
2025/01/24;1100 UTC;0;900,2;900,2;899,8;1457,7;21,1;17,7;21,1;16,8;18;15,7;94;78;81;112;1,7;1;
2025/01/24;1200 UTC;0;900,2;900,3;900,2;2189,7;22,8;16,7;23,1;20,8;18,1;15,9;82;66;68;64;2,3;1,4;
2025/01/24;1300 UTC;0;899,8;900,2;899,8;2686,7;25,7;15;25,8;22,8;18,6;13,4;70;47;52;79;3,7;1,9;
2025/01/24;1400 UTC;0;899,5;899,8;899,4;2935,3;27,4;14,6;27,8;25,5;17,3;13,3;56;45;45;67;3,6;1,2;
2025/01/24;1500 UTC;0;899;899,5;899;3479,3;26,5;18;27,4;25,5;19;12,8;64;43;59;215;5,2;2,5;
2025/01/24;1600 UTC;0;898,8;899;898,8;3273,2;24,9;18,8;26,7;24,6;19,7;17,1;71;57;69;227;7;3,4;
2025/01/24;1700 UTC;0;898,4;898,8;898,3;3139,7;25;19;26,3;24,9;20,4;18,4;71;65;69;226;6,4;2,9;
2025/01/24;1800 UTC;0;898;898,4;898;2268,8;24,5;19,1;25,8;24,5;19,9;18,7;72;67;72;246;6,2;3,4;
2025/01/24;1900 UTC;0;897,8;898;897,8;553,5;23,2;19,5;24,6;23,1;19,6;19,1;80;72;80;216;6,2;2;
2025/01/24;2000 UTC;0;897,8;898;897,7;400,2;22,6;19,2;23,2;22,6;19,6;18,7;81;78;81;15;4,1;,4;
2025/01/24;2100 UTC;,2;898,1;898,1;897,7;105,3;21,8;19,6;22,6;21,8;19,7;19,3;87;82;87;323;2;,9;
2025/01/24;2200 UTC;,6;898,3;898,3;898,1;20,5;21,2;19,3;21,8;21;19,5;19;89;86;89;43;2,5;1;
2025/01/24;2300 UTC;0;898,8;898,8;898,3;;20,6;18,4;21,3;20,6;19,5;18,4;90;87;87;354;3,4;1,1;
2025/01/25;0000 UTC;0;899,2;899,2;898,7;;19;17,2;20,6;19;18,4;17,1;89;87;89;53;2,6;,9;
2025/01/25;0100 UTC;0;899,6;899,7;899,2;;19,4;17,4;19,6;19;17,7;17,1;90;88;88;10;4,3;1,6;
2025/01/25;0200 UTC;0;899,5;899,6;899,4;;18,5;16,8;19,5;18,3;17,5;16,5;90;88;90;2;4,3;1,4;
2025/01/25;0300 UTC;0;899,1;899,5;899,1;;17,9;16,3;19,1;17,7;17,2;15,9;90;87;90;87;3,3;1;
2025/01/25;0400 UTC;0;898,8;899,1;898,8;;19,1;17,1;19,2;17,7;17,6;16,1;91;88;88;7;4,2;1,8;
2025/01/25;0500 UTC;0;898,6;898,8;898,6;;17,8;14,6;19,2;17,8;17,2;14,6;88;81;82;6;3,8;1,7;
2025/01/25;0600 UTC;0;898,4;898,6;898,4;;16,2;13,9;17,9;16,2;14,7;13,9;87;81;87;341;4,2;1,1;
2025/01/25;0700 UTC;0;898,2;898,4;898,1;;15,8;14,3;16,3;15,6;14,5;13,9;91;87;91;6;2,9;1,3;
2025/01/25;0800 UTC;0;898,3;898,3;898,1;;16,7;15,4;17,4;15,8;16,1;14,5;93;91;92;12;2,8;1,6;
2025/01/25;0900 UTC;0;898,9;898,9;898,3;36,1;17,8;16,4;17,8;16,7;16,4;15,4;92;91;92;55;3;1,4;
2025/01/25;1000 UTC;0;899,4;899,4;898,8;261;19,5;17;19,6;17,5;17,2;16;92;85;85;83;4,2;2,6;
2025/01/25;1100 UTC;0;899,5;899,6;899,4;642,8;21;17,8;21,1;19,5;18;16,9;85;82;82;76;4,6;2,2;
2025/01/25;1200 UTC;,2;899,6;899,7;899,5;1283,5;22,9;18,1;23;21;18,7;17,7;82;75;75;73;5,8;2,5;
2025/01/25;1300 UTC;0;899,6;899,7;899,5;2308,7;24,6;18,2;24,6;22,2;19;17,5;77;67;68;75;8;3,4;
2025/01/25;1400 UTC;0;899,5;899,6;899,3;2032,1;24,9;18;24,9;23,4;18,7;16,1;72;62;66;68;7,6;3,4;
2025/01/25;1500 UTC;0;899;899,5;899;3071;25,3;17,5;26,2;24,4;19,2;16,7;69;59;62;75;7,4;3,3;
2025/01/25;1600 UTC;0;898,7;899;898,7;2672,8;25,3;16,7;26;25;18,3;16,4;64;56;59;66;8,2;2,8;
2025/01/25;1700 UTC;0;898;898,7;897,9;3012,1;26,3;17,8;26,8;25;18,4;15,9;63;53;59;74;7;3,1;
2025/01/25;1800 UTC;0;897,4;898;897,4;2327,8;26;16,5;27,2;25,8;18;15,6;60;51;56;60;6,6;2,7;
2025/01/25;1900 UTC;0;896,7;897,4;896,6;2554,5;26,1;17,2;27,2;26,1;17,6;16;58;52;58;78;5,9;2,6;
2025/01/25;2000 UTC;0;896,6;896,8;896,6;1570;25,4;17,3;26,6;25,4;17,6;16,5;61;55;61;65;6,1;2;
2025/01/25;2100 UTC;0;896,7;896,9;896,6;272,7;22,1;17,9;25,8;21,9;18,2;16,8;78;59;77;22;4,8;1,7;
2025/01/25;2200 UTC;0;897;897;896,7;20;21;17,6;22,1;20,4;18,3;17,5;85;77;81;337;2,6;1,8;
2025/01/25;2300 UTC;0;897,5;897,5;897;;19,5;17;21;19,3;17,5;16,6;86;81;85;326;3,9;1,3;
2025/01/26;0000 UTC;0;898;898;897,5;;19,4;17,4;19,7;18,6;17,6;16,3;89;84;88;355;3,9;1,8;
2025/01/26;0100 UTC;0;898,7;898,7;898;;19,2;17,4;19,7;19;17,5;17,1;89;87;89;359;2,8;1;
2025/01/26;0200 UTC;0;898,5;898,7;898,5;;19,6;17,8;19,6;19,2;17,9;17,4;90;89;90;41;2,3;,8;
2025/01/26;0300 UTC;0;897,9;898,5;897,9;;19,3;17,5;20;19,2;18,2;17,4;90;89;90;48;3;1,2;
2025/01/26;0400 UTC;0;897,5;897,9;897,5;;19,4;17,7;19,9;19,2;18,2;17,4;90;89;90;13;3,6;1,5;
2025/01/26;0500 UTC;0;897,1;897,5;897,1;;19,5;17,9;19,5;19,1;17,9;17,4;91;90;91;27;2,8;1,5;
2025/01/26;0600 UTC;0;896,7;897,1;896,7;;20,1;18,2;20,2;19,4;18,4;17,6;91;88;89;36;3,7;2;
2025/01/26;0700 UTC;0;896,7;896,8;896,7;;20,1;17,9;20,3;20;18,2;17,8;89;87;87;70;3,8;2,1;
2025/01/26;0800 UTC;0;897;897;896,7;;20;17,8;20,3;19,7;18,2;17,7;88;87;87;2;4,2;1,5;
2025/01/26;0900 UTC;0;897,4;897,4;897;35,6;21;17;21;19,9;18,1;17;88;78;78;20;4,3;2,9;
2025/01/26;1000 UTC;0;897,7;897,7;897,4;404,1;22;15,7;22,3;20,6;17;15,6;80;66;67;31;7,6;3,1;
2025/01/26;1100 UTC;0;897,8;897,9;897,6;1224,4;23,8;16,1;23,8;22;16,3;15,3;68;60;62;59;7,5;3;
2025/01/26;1200 UTC;0;898,1;898,2;897,8;1269,6;24,2;17,1;24,2;23,1;17,3;15,5;67;61;64;59;7,8;2,9;
2025/01/26;1300 UTC;0;898,2;898,3;898,1;1292,5;24,4;17,3;24,4;23,7;17,6;16,7;67;63;65;80;6,2;2,6;
2025/01/26;1400 UTC;0;898,1;898,2;898,1;1416,3;24,8;17,6;25,1;24,4;18,2;17,1;66;63;64;81;5,5;3,3;
2025/01/26;1500 UTC;0;897,7;898,1;897,7;1653;25,3;18,2;25,4;24,6;18,6;17,5;66;63;65;76;7,2;3,3;
2025/01/26;1600 UTC;0;897,1;897,7;897,1;2449,2;25,9;18,2;26,5;25,3;19,5;17,9;68;61;62;80;6,6;3,4;
2025/01/26;1700 UTC;0;896,1;897,2;896,1;1313,2;24,5;18,6;26,5;24,5;19;18;70;62;69;82;7,1;2,2;
2025/01/26;1800 UTC;0;896,4;896,6;895,7;220,1;20,4;17,6;24,5;20,4;19,5;17;84;70;84;217;10,9;2,2;
2025/01/26;1900 UTC;2;896,6;896,6;896,2;44,8;19,6;17,5;20,4;19,6;17,9;17,2;87;83;87;252;6;2,2;
2025/01/26;2000 UTC;2,8;897,4;897,6;896,6;22,5;19,1;16,9;20,1;19,1;17,9;16,9;89;86;87;210;4,3;1,1;
2025/01/26;2100 UTC;4,2;896,9;897,4;896,8;9,4;18,8;17,1;19,2;18,8;17,5;16,9;90;87;89;272;4,1;1,3;
2025/01/26;2200 UTC;4,6;897,3;897,3;896,7;2,2;18,5;17;18,9;18,4;17,1;16,8;91;89;91;21;2,6;,5;
2025/01/26;2300 UTC;1,8;897,8;897,9;897,3;;18,5;17;18,6;18,4;17,1;16,9;91;91;91;332;2,4;,8;
2025/01/27;0000 UTC;,4;898,1;898,1;897,7;;17,9;16,4;18,5;17,9;17,1;16,4;91;91;91;295;2,2;,8;
2025/01/27;0100 UTC;0;898;898,2;897,9;;17,5;16;17,9;17,5;16,3;16;91;91;91;315;2;1;
2025/01/27;0200 UTC;0;897,5;898;897,5;;17,3;15,7;17,7;17,2;16,2;15,7;91;91;91;254;2,5;,9;
2025/01/27;0300 UTC;0;897,7;897,7;897,4;;17,3;15,9;17,4;17,1;15,9;15,7;91;91;91;250;2,6;,4;
2025/01/27;0400 UTC;0;897,3;897,7;897,3;;17,3;15,9;17,3;17;15,9;15,5;92;91;92;82;1,2;,6;
2025/01/27;0500 UTC;0;896,4;897,3;896,4;;17,6;16,6;17,7;17,2;16,7;15,9;94;92;94;324;2,6;,8;
2025/01/27;0600 UTC;0;895,8;896,4;895,8;;17,7;16,7;17,9;17,5;16,9;16,5;94;94;94;15;2,2;1,1;
2025/01/27;0700 UTC;0;895,9;896;895,7;;17,5;16,5;17,9;17,5;16,9;16,5;94;94;94;349;2,1;,6;
2025/01/27;0800 UTC;0;895,8;895,9;895,5;;17,6;16,6;17,8;17,5;16,8;16,5;94;94;94;153;3,4;,5;
2025/01/27;0900 UTC;0;896,3;896,4;895,8;31;18,2;16,9;18,2;17,5;17;16,5;94;92;92;75;4,1;2,3;
2025/01/27;1000 UTC;0;896,7;896,7;896,3;342,5;19;17,2;19;17,9;17,2;16,3;92;89;89;103;4,2;,4;
2025/01/27;1100 UTC;0;897;897,1;896,7;504,1;20,1;18,1;20,1;19;18,1;17,1;89;88;88;64;1,4;,7;
2025/01/27;1200 UTC;,2;897;897,1;896,9;1385,4;23;16,9;23;20,1;18,4;16,7;88;68;69;74;5,4;3;
2025/01/27;1300 UTC;0;897,2;897,3;897;2215,8;24,7;18,4;25,1;23;18,8;16,5;70;64;68;74;6,4;2,9;
2025/01/27;1400 UTC;0;897,3;897,3;897,1;1883,7;24,4;17,9;25,4;23,8;18,8;17,2;71;63;67;46;5,8;2;
2025/01/27;1500 UTC;0;897,2;897,3;897,1;2473,6;25,4;17,7;26,7;24,4;20,3;17,1;70;59;62;83;5,7;2,5;
2025/01/27;1600 UTC;0;897,3;897,4;897,2;1894,6;22,3;18,8;25,5;22,3;19,5;17,1;82;60;80;229;6,5;3,2;
2025/01/27;1700 UTC;0;896,9;897,3;896,9;1403,1;22,9;19,3;22,9;22,3;19,4;18,5;82;78;80;223;5,2;2,2;
2025/01/27;1800 UTC;0;896,3;896,9;896,3;1173,7;24,4;18,9;24,4;22,6;19,3;18,3;80;70;71;225;3,7;1;
2025/01/27;1900 UTC;0;896,2;896,3;896,1;1743,4;21,9;18,5;24,7;21,9;19,4;18,3;81;68;81;221;6,7;3,8;
2025/01/27;2000 UTC;0;896,1;896,3;896,1;973,8;22,4;18,5;23;21,9;19,1;18,2;82;76;79;227;6,7;2,1;
2025/01/27;2100 UTC;,4;896,7;896,7;896;190,9;20,9;18,5;22,4;20,9;18,6;18,3;86;78;86;248;5,4;2,5;
2025/01/27;2200 UTC;3;896,9;896,9;896,6;8,9;19,1;17,1;20,9;19,1;18,6;17,1;88;86;88;10;4,7;1,4;
2025/01/27;2300 UTC;1,2;897,9;897,9;896,9;;18,8;17,1;19,1;18,7;17,1;16,9;90;88;90;63;3,4;,9;
2025/01/28;0000 UTC;2,6;898,5;898,5;897,9;;18,5;16,8;18,8;18,4;17,1;16,7;90;90;90;43;3,1;1;
2025/01/28;0100 UTC;,2;898,7;898,7;898,4;;18,4;16,8;18,6;18,3;16,9;16,6;91;90;91;322;2,7;,7;
2025/01/28;0200 UTC;0;897,9;898,7;897,9;;18,3;16,8;18,5;18,3;17;16,8;91;91;91;59;1,6;,7;
2025/01/28;0300 UTC;0;897,4;897,9;897,4;;18,1;16,7;18,4;18;17;16,6;92;91;92;69;1,9;,4;
2025/01/28;0400 UTC;0;896,8;897,4;896,8;;18;16,8;18,1;17,9;16,9;16,6;93;92;93;81;2,2;1,2;
2025/01/28;0500 UTC;0;896,4;896,9;896,4;;18,3;17,1;18,4;17,9;17,3;16,8;94;93;93;17;3,6;1,5;
2025/01/28;0600 UTC;0;896,1;896,4;896,1;;18,2;16,7;18,5;17,8;17,3;16,3;93;91;91;12;3,3;1,5;
2025/01/28;0700 UTC;0;896,2;896,2;896;;18,7;16,9;18,8;18,1;17,1;16,6;91;89;89;86;3,5;1,6;
2025/01/28;0800 UTC;0;896,3;896,4;896,2;,2;18,7;17;18,8;18,7;17;16,9;90;89;90;38;3,5;,5;
2025/01/28;0900 UTC;0;896,9;896,9;896,3;19,8;19;17,4;19;18,7;17,4;17;91;90;91;14;2,2;,8;
2025/01/28;1000 UTC;0;897,3;897,3;896,8;251,1;20,1;18,2;20,1;19;18,3;17,4;91;89;89;69;2,4;1,1;
2025/01/28;1100 UTC;0;897,5;897,5;897,3;846,2;21,2;18,1;21,2;20,1;18,3;17,9;89;82;83;89;4,4;2,6;
2025/01/28;1200 UTC;,2;897,8;897,8;897,5;1226,1;22,4;18,4;22,6;21,1;18,8;17,8;83;76;78;68;5,6;2,6;
2025/01/28;1300 UTC;0;897,8;897,8;897,6;1965,8;23,8;18,8;23,8;22,2;18,8;17,6;78;72;74;74;6,1;2,6;
2025/01/28;1400 UTC;0;897,8;897,9;897,7;2067,9;24,7;18,6;24,7;22,9;19,2;17,6;75;67;69;72;5,5;2,7;
2025/01/28;1500 UTC;0;897,5;897,8;897,5;2645,2;25,1;18,3;25,4;24,3;19,5;17,2;71;63;66;74;6;3,2;
2025/01/28;1600 UTC;0;896,8;897,5;896,8;2235,8;25;18,3;25,8;24,7;19,4;17,7;69;64;66;91;5,9;3,1;
2025/01/28;1700 UTC;0;896,1;896,8;896,1;1771;26,3;18,4;26,3;24,8;19,5;17,4;69;60;62;67;5,7;2,1;
2025/01/28;1800 UTC;0;895,5;896,1;895,4;2349,7;24,3;19,1;26,9;24,3;19,7;16,7;75;55;73;226;6,6;3,4;
2025/01/28;1900 UTC;0;895;895,5;894,9;985,4;23,3;19,3;24,9;23,3;20,3;19,1;79;73;78;217;6,9;3,3;
2025/01/28;2000 UTC;0;894,7;895,1;894,7;1458,4;23,1;19,2;24,8;23,1;19,9;19;81;73;79;211;7,1;3,7;
2025/01/28;2100 UTC;8,6;895,6;895,6;894,7;197,4;19,7;17,4;23,2;19,7;19,4;17,1;86;76;86;308;7,4;1,6;
2025/01/28;2200 UTC;13,4;896,2;896,3;895,6;22,7;19,5;17,8;19,9;19,5;18;17,5;90;86;90;54;3,8;1;
2025/01/28;2300 UTC;1,2;896,7;896,7;896,2;;19,4;17,8;19,5;19,3;17,9;17,7;91;90;91;92;2,6;,9;
2025/01/29;0000 UTC;0;897,6;897,7;896,7;;19,4;17,8;19,5;19,3;17,9;17,8;91;91;91;46;2,6;1;
2025/01/29;0100 UTC;,2;897,6;897,7;897,6;;19,3;17,7;19,4;19,2;17,9;17,7;91;91;91;58;2,6;1;
2025/01/29;0200 UTC;0;898,1;898,2;897,6;;19;17,5;19,4;19;17,8;17,4;91;90;91;56;2,3;,9;
2025/01/29;0300 UTC;0;898;898,1;897,9;;19,6;17,8;19,6;18,9;18,1;17,3;91;90;90;74;3,6;1,9;
2025/01/29;0400 UTC;,6;897,4;898;897,4;;19,5;17,3;20;19,5;18,2;17,3;90;86;87;48;6,6;2,5;
2025/01/29;0500 UTC;,2;896,4;897,4;896,4;,7;19,1;16,5;19,6;19,1;17,4;16,5;87;84;85;69;7,6;2,7;
2025/01/29;0600 UTC;0;895,6;896,4;895,6;;18,6;16,1;19,2;18,6;16,5;16;85;83;85;80;7,4;3,7;
2025/01/29;0700 UTC;0;895,4;895,6;895,3;;18,3;15,5;18,7;18,2;16,1;15,5;85;84;84;91;6,6;2;
2025/01/29;0800 UTC;0;895,5;895,5;895,4;;17,6;15,5;18,3;17,5;15,6;15,2;88;84;88;345;4,4;1,6;
2025/01/29;0900 UTC;0;895,7;895,7;895,4;53,9;18,2;15,8;18,3;17;16,1;15;89;86;86;17;3,3;1,5;
2025/01/29;1000 UTC;0;896,3;896,3;895,6;590;20,8;15,4;20,8;17,8;17,1;15,4;88;71;71;53;5,5;1,6;
2025/01/29;1100 UTC;0;896,9;896,9;896,3;1656,4;22,2;15,4;22,9;20,8;16,8;14,7;74;61;65;86;8,2;3,8;
2025/01/29;1200 UTC;0;897,3;897,3;896,9;974,1;21,8;15,4;22,2;21,6;15,7;15,1;69;65;67;83;6,9;4,1;
2025/01/29;1300 UTC;0;897,7;897,7;897,3;707,6;21,5;16,8;22;21,5;16,8;15,5;74;67;74;81;8,3;3;
2025/01/29;1400 UTC;0;897,9;898;897,6;976;22,8;17,7;22,9;21,5;17,9;16,8;76;72;73;56;6,6;3;
2025/01/29;1500 UTC;0;897,8;898;897,7;1478,2;23;16,7;23,6;22,3;18,2;16,5;74;66;68;66;7,9;3,6;
2025/01/29;1600 UTC;0;897;897,8;897;1556,8;22,8;17,3;23,3;22,7;17,9;16,6;73;68;71;78;7,9;3,5;
2025/01/29;1700 UTC;0;896,4;897;896,3;1804,2;22,4;17,2;24,2;22,4;18,4;17,1;74;68;72;72;7,4;2,6;
2025/01/29;1800 UTC;0;895,9;896,4;895,8;1201,3;22,7;17,3;23,4;22,3;17,9;17,1;73;69;72;57;6,5;1,8;
2025/01/29;1900 UTC;0;895,6;896;895,6;425,6;21,9;17,1;22,8;21,9;17,5;16,9;75;71;74;61;6,6;2,5;
2025/01/29;2000 UTC;0;895,6;895,7;895,4;147,1;20,2;17,6;21,9;20,2;17,6;16,9;85;74;85;77;6,6;2,2;
2025/01/29;2100 UTC;,2;896,2;896,2;895,6;16,9;20;17,8;20,3;20;17,8;17,6;87;85;87;62;4,8;1,1;
2025/01/29;2200 UTC;1;896,4;896,5;896,2;3;19,8;17,9;20;19,8;18,1;17,8;89;87;89;76;4,5;2,1;
2025/01/29;2300 UTC;1,2;896,9;896,9;896,4;;19,9;18;19,9;19,8;18,1;17,9;89;89;89;83;5,3;2,5;
2025/01/30;0000 UTC;,4;897,1;897,1;896,9;;19,9;18,1;20;19,9;18,1;18;89;89;89;73;5,1;2,1;
2025/01/30;0100 UTC;0;897,6;897,6;897,1;;19,9;17,9;20;19,8;18,1;17,9;90;88;88;79;6;2,1;
2025/01/30;0200 UTC;0;897,2;897,6;897,2;;19,9;17,8;19,9;19,7;17,9;17,7;88;88;88;66;6,5;2,3;
2025/01/30;0300 UTC;0;896,8;897,2;896,8;;20,1;17,5;20,2;19,9;17,9;17,5;88;85;85;61;6,7;2,8;
2025/01/30;0400 UTC;0;896,5;896,8;896,5;;19,6;16,5;20,1;19,6;17,4;16,5;85;82;82;40;7,8;3,2;
2025/01/30;0500 UTC;,2;895,8;896,5;895,8;;18,9;16,1;19,6;18,8;16,8;16;85;82;84;71;7,3;2,3;
2025/01/30;0600 UTC;0;895,6;895,8;895,6;;18,7;16,4;19;18,7;16,4;16,1;86;84;86;77;5,7;2,7;
2025/01/30;0700 UTC;0;895,2;895,6;895,1;;18,9;16,7;19;18,6;16,7;16,3;87;86;87;66;5,4;2,8;
2025/01/30;0800 UTC;0;895,3;895,3;895,2;;19,2;17;19,2;18,9;17;16,7;88;87;87;81;6,1;3,5;
2025/01/30;0900 UTC;0;895,6;895,6;895,2;9,6;19,8;17,4;19,9;19,1;17,5;17;88;86;86;75;6,5;2,4;
2025/01/30;1000 UTC;0;896,1;896,1;895,6;92,6;20,1;17,6;20,3;19,8;17,7;17,3;86;84;86;76;8,5;2,6;
2025/01/30;1100 UTC;0;896,5;896,5;896,1;269,4;20,8;17,8;20,8;20,1;18;17,6;87;83;83;71;6,4;2,2;
2025/01/30;1200 UTC;0;897,1;897,1;896,5;383,3;20,8;18;21,1;20,8;18;17,7;84;82;84;69;6,4;2;
2025/01/30;1300 UTC;,2;897,3;897,3;897,1;568,3;21,4;18;21,5;20,6;18,4;17,9;86;81;81;75;7;3,3;
2025/01/30;1400 UTC;,2;897,6;897,6;897,3;605;21,1;18,2;21,5;20,6;18,4;17,9;85;80;83;65;7,2;2,7;
2025/01/30;1500 UTC;,4;897,2;897,7;897,2;750,4;21,5;18,1;21,5;20,9;18,5;17,9;85;81;81;73;6,6;2,5;
2025/01/30;1600 UTC;0;896,7;897,2;896,7;733,5;21,7;18,1;22,1;21,2;18,4;17,8;82;77;80;75;8,1;2,6;
2025/01/30;1700 UTC;0;895,7;896,7;895,7;906,7;23;18,3;23;21,6;18,4;17,5;81;72;75;54;7,2;2,5;
2025/01/30;1800 UTC;0;895,1;895,7;895,1;1188,4;22,9;17,4;23,6;22,9;18,8;17,1;76;68;71;71;7,5;3,1;
2025/01/30;1900 UTC;0;895,3;895,3;895,1;476,6;22,5;18;22,9;22,4;18;17,4;76;71;76;71;7,5;2,3;
2025/01/30;2000 UTC;3,6;895,4;895,7;895;161,7;19,4;16,2;22,5;19,4;18;16,2;82;75;82;50;9,2;3,7;
2025/01/30;2100 UTC;8,2;895,6;895,7;895,4;19,3;18,2;16,2;19,4;18,2;16,6;16,2;88;82;88;77;9,3;2,7;
2025/01/30;2200 UTC;2,8;895,7;895,7;895,5;,2;17,8;16,1;18,2;17,7;16,2;16;90;88;90;18;6;1,8;
2025/01/30;2300 UTC;,6;896,2;896,2;895,7;;18,1;16,5;18,1;17,7;16,5;16;91;90;90;61;3,2;1,5;
2025/01/31;0000 UTC;0;896,4;896,5;896,2;;19;17,3;19;18,1;17,3;16,5;90;90;90;73;3,5;1,3;
2025/01/31;0100 UTC;1,2;897,2;897,2;896,3;0;19,1;16,5;20,4;19;17,8;16,4;90;80;85;59;12,2;4,3;
2025/01/31;0200 UTC;4,4;896,7;897,2;896,5;;18,2;16;19,4;18,1;16,8;16;88;84;87;76;11;4,3;
2025/01/31;0300 UTC;,4;896,2;896,7;896,2;;18,1;15,5;18,3;17,8;16;15,4;87;84;85;69;8,2;3,7;
2025/01/31;0400 UTC;0;895,7;896,2;895,7;;18,2;15,9;18,4;18,1;15,9;15,3;86;83;86;60;8;3,1;
2025/01/31;0500 UTC;0;895,3;895,7;895,2;;18,3;15,4;18,6;17,9;15,9;15,2;87;83;83;68;7,2;2,8;
2025/01/31;0600 UTC;0;894,9;895,3;894,9;,1;18,6;15,5;18,7;17,9;15,5;15,2;85;81;82;74;6,7;3;
2025/01/31;0700 UTC;0;894,7;894,9;894,6;;18,9;16,2;19;18,2;16,2;15,3;85;81;84;65;7,8;2,9;
2025/01/31;0800 UTC;0;894,8;894,8;894,7;,4;19,2;16,6;19,5;18,9;16,8;16,2;85;84;85;73;8,5;2,8;
2025/01/31;0900 UTC;0;895,6;895,6;894,8;5,3;19,5;17,1;19,5;19,1;17,1;16,6;86;85;86;70;6,5;2,4;
2025/01/31;1000 UTC;0;896;896;895,6;35,4;19,7;17;19,8;19,4;17,3;17;86;85;85;69;7,5;2,5;
2025/01/31;1100 UTC;0;896;896,1;896;113,3;19,8;17;19,8;19,6;17,2;17;85;84;84;63;7,4;3,3;
2025/01/31;1200 UTC;0;896,3;896,3;896;257,5;20,3;17,1;20,4;19,8;17,2;17;84;81;82;63;9,5;3,3;
2025/01/31;1300 UTC;0;896,5;896,5;896,2;625,6;20,8;17,2;21,2;20,3;17,7;17;82;79;80;61;9,7;3,6;
2025/01/31;1400 UTC;0;896,2;896,6;896,1;523,4;21,3;17,7;21,3;20,7;17,7;17;81;79;80;77;8,9;3,7;
2025/01/31;1500 UTC;0;895,8;896,2;895,8;1108,5;21,9;17,5;22,1;21,2;18;17,3;80;75;76;60;9;4,2;
2025/01/31;1600 UTC;0;894,9;895,8;894,9;1114,8;22,7;18,1;22,9;21,9;18,2;17,3;77;73;75;72;9;3,5;
2025/01/31;1700 UTC;0;894,3;895;894,3;875,3;23,1;17,9;23,1;22,7;18,2;17,5;76;72;73;58;7,7;2,4;
2025/01/31;1800 UTC;,2;894;894,3;894;614,2;23,5;17,7;23,5;23,1;18,2;17,5;73;69;70;59;6,9;2,5;
2025/01/31;1900 UTC;0;894;894,1;893,9;477,9;23,1;17,9;23,7;23,1;18,1;17,6;72;69;72;64;6,7;2,1;
2025/01/31;2000 UTC;0;894;894,2;893,9;159,5;22,5;18,5;23,1;22,4;18,5;17,9;78;72;78;76;4,6;1,7;
2025/01/31;2100 UTC;0;894,8;894,8;894;56,8;21,9;16,6;22,5;21,9;18,5;16,6;79;71;71;41;8,8;3;
2025/01/31;2200 UTC;1,8;895,2;895,2;894,7;;18,4;16;21,9;18,4;16,2;15,2;86;70;86;82;8,9;3,1;
2025/01/31;2300 UTC;2,4;895,6;895,6;895,2;;18,4;16,5;18,5;18;16,5;16;89;86;89;22;7,3;1,5;
2025/02/01;0000 UTC;,2;895,9;895,9;895,6;;18,3;16,3;18,4;18,1;16,4;16,1;89;88;88;15;4,1;2,3;
2025/02/01;0100 UTC;0;896,3;896,5;895,9;;18,6;16,6;18,7;18,3;16,6;16,2;88;87;88;30;4,4;1,6;
2025/02/01;0200 UTC;0;896,1;896,3;896,1;;18,9;16,8;18,9;18,5;16,8;16,5;88;88;88;20;4,8;1,7;
2025/02/01;0300 UTC;0;895,6;896,1;895,6;;18,9;16,6;19,3;18,9;16,9;16,6;88;86;86;68;4;1,8;
2025/02/01;0400 UTC;0;895;895,6;895;,8;19,4;16,7;19,5;18,9;16,9;16,7;87;85;85;68;5,4;2,7;
2025/02/01;0500 UTC;0;894,5;895;894,4;;19,5;16,5;20,1;19,3;16,9;16,5;85;81;83;76;8,6;3,3;
2025/02/01;0600 UTC;0;894,3;894,5;894,2;;19,4;16,4;19,7;19,4;16,6;16,4;83;82;83;72;7,6;2,9;
2025/02/01;0700 UTC;0;894,3;894,4;894,2;;19,3;16,5;19,4;19;16,6;16,3;85;83;84;34;6,3;2;
2025/02/01;0800 UTC;0;894,7;894,7;894,3;;19,5;16,2;19,7;19,1;16,5;16,2;84;80;81;68;5,7;2,7;
2025/02/01;0900 UTC;0;895,2;895,2;894,7;11,5;20,1;15,8;20,3;19,4;16,3;15,8;82;75;77;67;10;3,1;
2025/02/01;1000 UTC;0;895,6;895,7;895,2;128,3;19,9;16,1;20,1;19,8;16,1;15,8;79;76;78;57;9,5;2,6;
2025/02/01;1100 UTC;0;895,9;895,9;895,5;297,7;20,5;16,4;20,7;19,9;16,4;16;79;75;77;60;9,1;3,5;
2025/02/01;1200 UTC;0;896,2;896,3;895,9;269,4;20,3;16,8;20,6;20,3;16,8;16,3;80;77;80;67;8,2;3,5;
2025/02/01;1300 UTC;0;896,3;896,3;896,1;533,2;20,9;17,1;21;20,3;17,2;16,8;80;78;79;59;9,4;3,9;
2025/02/01;1400 UTC;0;896,1;896,3;896,1;624,8;21,1;17,2;21,2;20,8;17,4;17;80;78;79;60;11,1;4,1;
2025/02/01;1500 UTC;0;895,7;896,1;895,7;689;22;17,9;22;20,9;17,9;17,1;80;76;78;66;9,7;3;
2025/02/01;1600 UTC;0;895,2;895,7;895,2;856,6;22,1;17,5;22,4;21,7;18;17,2;78;74;75;59;7,9;3,5;
2025/02/01;1700 UTC;0;894,6;895,2;894,5;1017,5;22,9;17,2;22,9;22,1;18,1;17,2;76;70;71;73;7,5;3,6;
2025/02/01;1800 UTC;0;893,9;894,6;893,8;1215,7;23,4;17,2;23,6;22,9;17,9;16,7;71;66;69;61;8,7;2,5;
2025/02/01;1900 UTC;0;893,6;893,9;893,5;751;23,4;16,7;23,4;23;17,5;16,5;70;66;66;53;7,7;2,4;
2025/02/01;2000 UTC;0;893,7;893,7;893,5;504,1;23,1;17,3;23,5;23,1;17,6;16,6;71;66;70;66;7,8;1,5;
2025/02/01;2100 UTC;0;893,7;893,8;893,5;162,4;21,7;17,9;23,1;21,5;17,9;17,3;79;70;79;57;4,8;,6;
2025/02/01;2200 UTC;0;894,1;894,1;893,7;22,7;21;17,7;21,7;21;18,1;17,5;82;79;81;61;3,8;1,1;
2025/02/01;2300 UTC;0;894,6;894,6;894,1;;21,4;17,6;21,7;20,7;18,2;17,6;84;78;79;60;3,7;1,5;
2025/02/02;0000 UTC;0;894,8;894,8;894,6;;20,3;17,8;21,4;20,2;18,1;17,5;85;79;85;71;3,5;1,4;
2025/02/02;0100 UTC;0;895,2;895,2;894,8;;20;17,7;20,6;19,9;18,1;17,5;87;85;86;35;2,6;1;
2025/02/02;0200 UTC;0;895,2;895,2;895,1;;20,3;17,9;20,5;20;18;17,7;87;85;86;69;3,9;,9;
2025/02/02;0300 UTC;2,6;895,1;895,3;895;;20,5;18,5;20,6;20,1;18,5;17,9;89;85;88;53;3,9;1,1;
2025/02/02;0400 UTC;,2;895,1;895,1;894,9;;20,5;18,4;20,7;20,3;18,7;18,2;89;87;88;73;4,7;1,4;
2025/02/02;0500 UTC;1;894,4;895,1;894,4;;19,9;17,6;20,5;19,7;18,4;17,6;88;87;87;66;5,5;1,3;
2025/02/02;0600 UTC;0;894;894,4;894;;20,2;17,7;20,3;19,8;18;17,6;87;85;86;73;7,1;2,3;
2025/02/02;0700 UTC;0;894,3;894,3;894;0;20,2;17,9;20,3;19,9;18;17,6;87;86;87;74;5,6;2;
2025/02/02;0800 UTC;0;894,5;894,6;894,3;,7;20,5;18,3;20,6;20,1;18,3;17,8;87;86;87;49;4,9;1,6;
2025/02/02;0900 UTC;0;895,2;895,2;894,5;15,3;20,6;18,2;20,7;20,5;18,4;18,2;87;86;86;61;4,7;1,8;
2025/02/02;1000 UTC;0;895,7;895,7;895,2;321,5;21,6;18,7;21,6;20,6;18,8;18,2;86;84;84;64;5,8;2,5;
2025/02/02;1100 UTC;0;896;896,1;895,7;458,1;21,8;17,8;21,9;21,3;18,7;17,7;84;77;78;58;7,3;3,3;
2025/02/02;1200 UTC;0;896,6;896,6;896;1371,1;22;18;23,5;21,8;18,8;17,1;79;71;78;67;9,3;2,7;
2025/02/02;1300 UTC;,6;896,9;896,9;896,5;855,9;21,2;17,7;22,3;21,2;18,8;17,4;83;77;80;57;7,6;2,7;
2025/02/02;1400 UTC;,2;896,5;896,9;896,5;2891,4;24,1;18,6;24,1;21,1;19,6;17,7;83;71;72;80;8,3;4,5;
2025/02/02;1500 UTC;0;896;896,5;895,9;3343,1;25,1;18,4;25,5;23,5;19,4;17,8;73;65;67;75;8,3;3,9;
2025/02/02;1600 UTC;0;895,6;896;895,6;2187,2;24,9;17,4;26,3;24,5;19;16,8;68;59;63;62;9,3;3,2;
2025/02/02;1700 UTC;0;895,1;895,6;895,1;1421,2;25,3;17,3;25,7;24,5;18,7;17;69;61;61;46;6,9;2,2;
2025/02/02;1800 UTC;0;894,8;895,1;894,8;1439,9;24,1;18;26,2;24,1;18,9;17,3;70;61;69;27;6;2,7;
2025/02/02;1900 UTC;0;894,5;894,8;894,5;1191,4;26;18,4;26;24;18,4;16,5;70;62;63;37;6,6;2,5;
2025/02/02;2000 UTC;0;894,4;894,5;894,2;1406,6;24,6;16,9;26;24,3;18,2;16,8;65;60;62;46;6,7;3,1;
2025/02/02;2100 UTC;0;894,6;894,7;894,4;300,4;21,8;17,6;24,6;21,8;17,8;16,8;77;62;77;34;6,2;1;
2025/02/02;2200 UTC;0;894,8;894,9;894,6;31,2;21,2;17,1;22;21,1;18,4;17;84;76;77;81;4,2;1,7;
2025/02/02;2300 UTC;0;895,3;895,3;894,7;;17,9;15,5;21,4;17,9;17,2;15,4;86;77;86;341;4,2;1,3;
2025/02/03;0000 UTC;0;896,1;896,1;895,3;;17,1;15,2;18,1;17,1;16;15,1;89;86;89;16;3,2;1,9;
2025/02/03;0100 UTC;0;896,6;896,6;896,1;;18,6;16,2;18,6;17;16,7;15;90;86;86;29;3,5;1,9;
2025/02/03;0200 UTC;0;896,7;896,8;896,6;;18,1;15,8;18,9;17,4;16,4;15;88;83;86;21;4;2,3;
2025/02/03;0300 UTC;0;896,5;896,8;896,5;;18,2;16,2;18,6;17,8;16,7;15,6;89;86;88;29;3,4;1,5;
2025/02/03;0400 UTC;0;896;896,5;896;;17,6;15,9;18,5;17,2;16,6;15,3;90;87;90;24;3,4;1,7;
2025/02/03;0500 UTC;0;895,7;896,1;895,7;;17,5;15,3;18,1;17,1;16,2;15;90;87;87;14;3,5;2,3;
2025/02/03;0600 UTC;0;895,5;895,7;895,5;;17;15,3;17,9;16,6;15,9;14,7;90;87;90;3;3,5;1,7;
2025/02/03;0700 UTC;0;895,6;895,7;895,5;;18,1;16,1;18,1;16,7;16,3;14,9;90;87;88;347;3,6;1,7;
2025/02/03;0800 UTC;,2;896;896;895,6;;17;15,1;18,2;16,6;16;14,8;90;87;89;3;3,6;1,4;
2025/02/03;0900 UTC;0;896,5;896,5;895,9;29,5;17,4;15,9;17,4;16,3;15,9;14,6;91;89;91;349;2,9;1,3;
2025/02/03;1000 UTC;0;897;897;896,5;724,2;20,6;16,2;20,6;17,1;16,7;15,5;91;76;76;66;4,5;2,8;
2025/02/03;1100 UTC;0;897,4;897,4;897;1386,8;22,6;16,3;22,8;20,7;16,7;15,5;76;66;68;79;5,4;2,8;
2025/02/03;1200 UTC;0;897,9;897,9;897,4;1576,5;23,3;16,8;23,7;22,5;16,8;15,6;68;62;67;68;6;3;
2025/02/03;1300 UTC;0;898;898,1;897,8;2241,5;24,7;16,4;24,8;23,1;18,3;16;69;60;60;72;6,5;3,3;
2025/02/03;1400 UTC;0;897,7;898;897,6;3438,7;25,2;17,2;26,1;24,3;18,6;15,8;64;56;61;72;7,6;3,7;
2025/02/03;1500 UTC;0;897,4;897,8;897,4;4153,2;26,8;16,9;26,8;25,1;18,6;15,6;62;52;55;76;7,9;3,3;
2025/02/03;1600 UTC;0;897,2;897,4;897,1;4204,7;27,2;17;27,7;26,2;18,6;15,7;59;51;54;70;7,1;3,3;
2025/02/03;1700 UTC;0;896,8;897,2;896,8;3423,9;26,3;15,6;28,1;26,1;18,1;14,7;59;46;52;76;6,9;2,7;
2025/02/03;1800 UTC;0;896,5;896,8;896,5;2543,5;26,3;16,6;27,5;26,2;17,3;14,8;55;48;55;60;7,2;1,9;
2025/02/03;1900 UTC;0;896,1;896,5;896,1;1247,3;25,6;16,3;26,5;25,3;17,1;15,1;60;52;56;16;5,5;1,6;
2025/02/03;2000 UTC;0;896,1;896,2;896;1615,6;25,4;16,7;26,2;25,4;17,5;15,8;60;55;59;31;5;1,7;
2025/02/03;2100 UTC;0;896,1;896,1;896;577,2;22,8;18;25,4;22,7;18,4;15,9;75;57;74;348;4,2;,7;
2025/02/03;2200 UTC;0;896,6;896,6;896,1;46,2;20,8;15,6;22,9;20,7;18,2;15,6;79;70;72;347;3,7;1,4;
2025/02/03;2300 UTC;0;897,5;897,5;896,6;;18,3;14,7;20,8;18,3;15,5;14,4;80;71;80;336;3,8;,8;
2025/02/04;0000 UTC;0;897,9;897,9;897,5;;17,1;15,1;18,4;17,1;15,5;14,5;88;80;88;344;2,4;,6;
2025/02/04;0100 UTC;0;898,5;898,5;897,9;;16,5;14,8;17,2;16,5;15,3;14,8;90;88;90;81;1,1;,4;
2025/02/04;0200 UTC;0;898,4;898,6;898,4;;16;14,6;16,8;16;15,2;14,5;91;90;91;268;1,2;,4;
2025/02/04;0300 UTC;0;898,3;898,4;898,2;;15,7;14,3;16,2;15,7;14,8;14,3;92;91;92;315;1,1;,5;
2025/02/04;0400 UTC;0;898;898,3;898;;15,4;14,2;15,8;15,3;14,5;14,1;93;92;93;349;,9;,5;
2025/02/04;0500 UTC;0;897,6;898,1;897,6;;15,4;14,4;15,6;15,1;14,6;14,1;94;93;94;27;1,1;,3;
2025/02/04;0600 UTC;0;897,3;897,6;897,3;;14,9;14;15,5;14,9;14,5;14;94;94;94;50;,7;,2;
2025/02/04;0700 UTC;0;897,4;897,4;897,3;;15,4;14,5;15,4;14,8;14,5;13,9;94;94;94;32;1,8;,7;
2025/02/04;0800 UTC;0;897,5;897,5;897,4;;15;14,2;15,4;14,7;14,5;13,8;95;94;95;311;1,3;,2;
2025/02/04;0900 UTC;0;897,8;897,8;897,4;26;15,3;14,5;15,8;14,7;14,8;13,8;95;95;95;7;1,9;1,2;
2025/02/04;1000 UTC;0;898,1;898,1;897,8;510;18,6;17,7;18,6;15,3;17,7;14,5;95;94;94;15;3,1;1,7;
2025/02/04;1100 UTC;0;898,1;898,1;898;1593,8;23,2;16,5;23,2;18,6;19,6;16;94;66;66;78;5,3;2,6;
2025/02/04;1200 UTC;0;898,3;898,3;898,1;2591;25,3;16;25,6;23,1;17,3;16;68;56;56;78;7,5;3,8;
2025/02/04;1300 UTC;0;898,5;898,5;898,3;2164;25,7;16,3;26,5;23,9;17,2;14,8;61;51;56;27;8,7;3,3;
2025/02/04;1400 UTC;0;898,3;898,6;898,3;3116,5;26,7;16,2;26,8;24,6;17,1;14,1;59;46;53;77;6,9;3,1;
2025/02/04;1500 UTC;0;898;898,4;898;3754,8;27,6;14,1;28,2;26,3;17,4;13,5;54;42;43;40;7;2,5;
2025/02/04;1600 UTC;0;897,8;898,1;897,8;3385,6;27,7;13,4;28;26,3;16,1;13,4;51;41;41;80;7,4;3,2;
2025/02/04;1700 UTC;0;897,4;897,8;897,4;2901,9;27,7;12,6;28,1;27;15;11;46;36;39;83;7,2;2,9;
2025/02/04;1800 UTC;0;897;897,4;897;3007,6;27,8;9,8;28,3;27,4;14,4;9,8;44;33;33;84;6,2;3,1;
2025/02/04;1900 UTC;0;896,6;897;896,5;2483,1;27,9;10,3;28,2;27,5;13,9;7,8;43;29;33;56;5,5;1,9;
2025/02/04;2000 UTC;0;896,4;896,6;896,3;1017,5;23,1;14,2;28,1;22,9;14,9;8,1;60;29;57;332;3,6;1,1;
2025/02/04;2100 UTC;0;896,6;896,6;896,3;441;22,4;13,8;24;22,4;15,4;13,6;61;53;58;331;3,4;1,8;
2025/02/04;2200 UTC;0;897,2;897,2;896,6;21,9;19,2;15,5;22,5;19;15,5;13,9;79;58;79;317;3,6;,7;
2025/02/04;2300 UTC;0;897,8;897,8;897,2;;17,8;15,6;19,3;17,8;15,7;15,2;87;79;87;110;1,9;,5;
2025/02/05;0000 UTC;0;898,4;898,4;897,8;;17,7;15,5;18,1;17,7;15,9;15,4;87;86;87;102;1,8;,4;
2025/02/05;0100 UTC;0;898,6;898,7;898,4;;16,8;15,1;17,8;16,7;15,6;15;90;87;90;102;1,8;,6;
2025/02/05;0200 UTC;0;898,7;898,7;898,6;;16,1;14,6;17,1;16,1;15,6;14,5;91;90;91;75;2,1;,6;
2025/02/05;0300 UTC;0;898,4;898,7;898,4;;15,7;14,3;16,5;15,7;15,1;14,2;92;91;91;8;1,8;,4;
2025/02/05;0400 UTC;0;897,9;898,4;897,9;;15,2;13,9;16;15;14,7;13,7;92;91;92;299;1,1;,4;
2025/02/05;0500 UTC;0;897,7;897,9;897,7;;14,3;13,1;15,2;14,1;13,9;12,8;93;92;92;1;1,1;,5;
2025/02/05;0600 UTC;,2;897,8;897,8;897,6;;13,8;12,9;14,4;13,8;13,4;12,6;94;92;94;306;1,2;,3;
2025/02/05;0700 UTC;0;897,9;897,9;897,7;;13,6;12,7;14,1;13,3;13,2;12,5;94;94;94;248;1,1;,2;
2025/02/05;0800 UTC;0;898;898;897,8;;13;12,1;13,7;13;12,8;12,1;95;94;94;307;1;,3;
2025/02/05;0900 UTC;0;898,6;898,6;898;24,8;13;12,2;13,2;12,8;12,3;11,9;95;94;95;45;,8;,2;
2025/02/05;1000 UTC;0;898,9;898,9;898,6;464,8;17,1;16,2;17,1;13;16,2;12,2;95;95;95;22;2,1;1,1;
2025/02/05;1100 UTC;0;899,2;899,2;898,9;1538,3;22,5;16,4;22,5;17,1;17,9;15,9;95;67;68;87;5,4;3,2;
2025/02/05;1200 UTC;0;899,3;899,3;899,2;2482;24,2;16,9;24,5;22,5;17,3;16;68;62;64;82;7;3,9;
2025/02/05;1300 UTC;0;899,3;899,4;899,3;3002;24,9;16,5;25,6;23,8;17,8;15,6;64;56;60;60;6,7;3;
2025/02/05;1400 UTC;0;898,9;899,3;898,9;3410,4;26;15,9;26,5;24,6;17,8;15,2;62;52;54;72;6,9;3,3;
2025/02/05;1500 UTC;0;898,7;898,9;898,7;3532,3;26,7;15,6;26,9;25,7;16,8;14,5;56;49;51;45;8,5;3;
2025/02/05;1600 UTC;0;898,3;898,7;898,3;3216,5;25,8;15,1;27,4;25,6;17,5;12,9;57;44;52;82;7,3;3,7;
2025/02/05;1700 UTC;0;897,7;898,3;897,7;3374,6;27,4;13,7;27,4;25,5;16;12,4;54;41;43;75;7,1;3,4;
2025/02/05;1800 UTC;0;897,2;897,7;897,2;2935,3;27,4;13,9;27,5;26,5;13,9;10,9;44;37;43;70;6,7;3,2;
2025/02/05;1900 UTC;0;896,8;897,2;896,8;2495;26,8;9,7;27,9;26,8;14,3;9,7;45;34;34;25;6,9;2,9;
2025/02/05;2000 UTC;0;896,9;896,9;896,8;1509,6;26,1;11,6;27,1;26;14;10,7;46;34;40;52;5,1;1,8;
2025/02/05;2100 UTC;0;896,9;896,9;896,7;481;20,9;15,6;26,2;20,7;15,6;11,2;72;39;72;350;4,1;1,2;
2025/02/05;2200 UTC;0;897,4;897,4;896,9;19,7;18,2;14,7;20,9;18,2;15,7;14,6;80;71;80;357;2,7;1,2;
2025/02/05;2300 UTC;0;897,9;897,9;897,3;;18,3;15,1;19;17,9;15,6;14,7;82;79;82;13;2,9;1;
2025/02/06;0000 UTC;0;898,7;898,7;897,9;;16,9;14,9;18,6;16,8;15,4;14,7;88;81;88;13;2,2;,5;
2025/02/06;0100 UTC;0;899;899;898,7;;16,1;14,4;17;16,1;15;14,4;90;88;89;323;1,3;,5;
2025/02/06;0200 UTC;0;898,8;899;898,8;;15,7;14,3;16,2;15,6;14,5;13,9;91;89;91;360;1,3;,3;
2025/02/06;0300 UTC;0;898,7;898,9;898,7;;15,3;13,8;15,8;15,2;14,4;13,8;92;91;91;329;,8;,3;
2025/02/06;0400 UTC;0;898,3;898,8;898,3;;14,8;13,6;15,4;14,6;14,1;13,3;92;91;92;151;,8;,3;
2025/02/06;0500 UTC;0;898;898,3;898;;14,8;13,8;14,9;14,4;13,8;13,2;94;92;94;59;1;,4;
2025/02/06;0600 UTC;0;898;898,1;897,9;;14,1;13,1;15;14;14,1;13;94;93;94;295;1;,4;
2025/02/06;0700 UTC;0;898;898;897,7;;13,6;12,7;14,5;13,4;13,5;12,5;94;94;94;325;1,1;,2;
2025/02/06;0800 UTC;0;898,5;898,5;898;;13,1;12,2;13,6;13,1;12,7;12,2;95;94;95;317;,7;,2;
2025/02/06;0900 UTC;0;899,2;899,2;898,5;15,2;12,7;11,9;13,3;12,7;12,5;11,9;95;95;95;270;1;,5;
2025/02/06;1000 UTC;,2;899,5;899,6;899,2;557,5;16,4;15,5;16,4;12,7;15,5;11,9;95;95;95;127;1,1;,6;
2025/02/06;1100 UTC;0;899,7;899,7;899,5;1508,4;22,7;17,2;22,7;16,4;17,5;15,6;95;67;71;171;1,6;,7;
2025/02/06;1200 UTC;0;899,5;899,7;899,4;2380,7;24,8;13,7;25,1;22,7;17,3;13,6;72;50;50;85;5,5;3,2;
2025/02/06;1300 UTC;0;899,6;899,7;899,5;3058;26,2;14,5;26,7;24,8;15,2;12,8;52;43;49;72;6,2;2,4;
2025/02/06;1400 UTC;0;899,3;899,6;899,2;3372,8;27;15,1;27,2;26;16,1;12,9;52;43;48;56;5,4;1,8;
2025/02/06;1500 UTC;0;899;899,3;898,9;3384,8;26,3;15,9;27,5;26,2;16,9;13,9;54;45;53;65;6,3;3,2;
2025/02/06;1600 UTC;0;898,5;899;898,4;3162,7;26,7;15,7;27,4;26,1;17,3;15,2;57;49;51;75;6,3;2,9;
2025/02/06;1700 UTC;0;898,5;898,6;898,3;1898,3;26,2;15,4;27,2;25,8;17,1;15,2;58;49;51;54;6,9;1,9;
2025/02/06;1800 UTC;0;898,1;898,5;898;2062,5;26,6;17,3;26,6;25,3;17,6;14,9;60;50;57;66;5;2,2;
2025/02/06;1900 UTC;0;897,7;898,1;897,7;2206,3;26,3;16,2;27,1;25,5;17,5;15,5;58;51;54;54;5;2,1;
2025/02/06;2000 UTC;0;897,7;897,8;897,6;1119,3;25,8;17,2;26,5;25,5;17,4;15,4;60;52;59;20;4,4;,9;
2025/02/06;2100 UTC;0;897,8;897,8;897,6;390,9;22,7;17,2;26,3;22,5;17,6;16,1;73;57;71;4;2,5;1,4;
2025/02/06;2200 UTC;0;897,9;898,1;897,8;28,9;20,5;16,9;22,7;20,4;17,8;16,8;83;71;80;358;2,6;1,5;
2025/02/06;2300 UTC;0;898,4;898,4;897,9;;19,4;16,5;20,6;18,8;17;16,1;85;80;83;326;2,7;1,6;
2025/02/07;0000 UTC;0;898,7;898,9;898,4;;17,6;15,7;19,4;17,6;16,4;15,7;89;83;89;324;2,7;,7;
2025/02/07;0100 UTC;0;898,7;898,9;898,6;;17,6;16;17,6;17;16;15,3;91;89;90;258;1,9;1,3;
2025/02/07;0200 UTC;0;898,7;898,8;898,7;;16,1;14,5;17,7;16,1;16,1;14,5;91;89;91;324;1,9;,4;
2025/02/07;0300 UTC;0;898,1;898,7;898,1;;15,4;14,1;16,1;15,2;14,6;13,8;92;91;92;326;1,3;,6;
2025/02/07;0400 UTC;0;897,9;898,1;897,9;;14,8;13,6;15,4;14,7;14,1;13,4;93;92;92;270;1,1;,5;
2025/02/07;0500 UTC;0;897,2;897,9;897,2;;14,3;13,3;14,8;14,1;13,6;12,9;94;92;94;301;1,1;,4;
2025/02/07;0600 UTC;0;897,1;897,2;897;;13,6;12,8;14,3;13,5;13,3;12,6;94;93;94;236;1,3;,4;
2025/02/07;0700 UTC;0;897,1;897,2;897;;13,3;12,4;13,7;13,2;12,8;12,3;95;94;95;345;1,2;,3;
2025/02/07;0800 UTC;0;897,4;897,4;897,1;;13;12,1;13,4;12,8;12,6;12;95;94;95;323;1,3;,6;
2025/02/07;0900 UTC;0;897,8;897,8;897,4;16,4;12,8;12;13,1;12,6;12,2;11,7;95;95;95;126;1,2;,5;
2025/02/07;1000 UTC;0;898,2;898,2;897,8;519,4;16;15,1;16;12,8;15,1;12;95;95;95;221;1,3;,3;
2025/02/07;1100 UTC;0;898,1;898,4;898;1561,9;21,4;16,8;21,5;16;19,6;15,2;95;76;76;144;1,3;,7;
2025/02/07;1200 UTC;0;898,5;898,5;898,1;2353,3;25,1;17,3;25,1;21;18;16,2;77;61;62;119;2,3;1,1;
2025/02/07;1300 UTC;0;898,7;898,7;898,5;3054,1;26,8;14,2;27,1;25,1;18,9;12,5;64;42;46;253;5,1;1,4;
2025/02/07;1400 UTC;0;898,7;898,7;898,6;3635,8;27,5;13,1;28;26,6;14,8;10,8;49;36;41;282;4,9;2,3;
2025/02/07;1500 UTC;0;898,5;898,7;898,3;3894,4;27,5;15,7;28,2;27,3;15,7;11,8;49;37;49;243;7,9;3;
2025/02/07;1600 UTC;0;898,4;898,5;898,1;3846,7;26,4;15,2;28,1;26,3;16,8;14,2;54;44;50;225;8,8;4,1;
2025/02/07;1700 UTC;0;898,1;898,4;898,1;3599;27,6;15,1;27,6;26,4;16,7;13,5;54;43;47;240;7,9;3,1;
2025/02/07;1800 UTC;0;897,7;898,1;897,7;1894,6;26,4;14,7;28;26;15,9;13,3;53;41;49;243;7;2,8;
2025/02/07;1900 UTC;0;897,6;897,8;897,5;2080,7;25,6;15,6;27,1;25,6;16,4;14,4;55;47;54;238;7,2;2,8;
2025/02/07;2000 UTC;0;897,6;897,6;897,4;831,6;23,8;17,9;25,8;23,8;18,1;15,5;70;54;70;257;8,1;2,1;
2025/02/07;2100 UTC;0;897,8;897,8;897,5;263;23,2;17,1;23,8;23;18;17,1;72;68;68;266;5,5;1,9;
2025/02/07;2200 UTC;0;898,2;898,2;897,7;175;21,7;16,5;23,3;21,7;17,3;16,5;73;68;72;239;5,1;1,7;
2025/02/07;2300 UTC;0;898,6;898,6;898,1;;20,3;15,9;21,7;20,1;16,6;15,8;78;72;76;275;3,5;1,8;
2025/02/08;0000 UTC;0;898,9;898,9;898,6;;17,6;15;20,4;17,6;16;15;86;76;84;305;3;1,7;
2025/02/08;0100 UTC;0;899,1;899,2;898,9;;16,5;13;17,7;16,2;15;13;87;80;80;312;3;2,2;
2025/02/08;0200 UTC;0;899,1;899,2;899;;13,9;10,4;16,6;13,9;13;10,3;80;75;79;289;3,5;,3;
2025/02/08;0300 UTC;0;898,9;899,1;898,9;;12,9;8,5;14,2;12,6;11,3;8,3;84;71;74;301;3,8;1,5;
2025/02/08;0400 UTC;0;898,4;898,9;898,4;;11,8;9,8;13;11,3;9,8;8,3;87;74;87;264;3,4;,9;
2025/02/08;0500 UTC;0;898;898,4;898;;10,1;8,1;11,8;10,1;9,8;8,1;88;84;88;296;2;,4;
2025/02/08;0600 UTC;0;897,8;898;897,8;;9,6;8,1;10,1;9,6;8,4;8;90;88;90;345;1,6;,7;
2025/02/08;0700 UTC;0;897,9;897,9;897,7;;9,3;7,9;9,8;9,3;8,3;7,8;91;90;91;17;1,3;,3;
2025/02/08;0800 UTC;,2;898,1;898,1;897,8;;9,1;7,9;9,4;8,8;8;7,5;92;91;92;14;,8;,3;
2025/02/08;0900 UTC;0;898,9;898,9;898,1;15,2;9,1;7,9;9,3;8,9;8;7,7;92;92;92;62;,7;,2;
2025/02/08;1000 UTC;0;899,5;899,5;898,9;502,1;12,6;11,7;12,6;9,1;11,7;7,9;95;92;94;162;1;,4;
2025/02/08;1100 UTC;0;899,6;899,7;899,4;1562,9;19,8;13,9;19,9;12,6;14,9;11,8;95;68;69;140;1,5;,7;
2025/02/08;1200 UTC;0;899,6;899,7;899,6;2391,3;24,7;14,7;24,7;19,4;15,6;13,4;72;52;54;171;2,1;1;
2025/02/08;1300 UTC;0;899,7;899,7;899,6;3156,9;25,7;10,1;26,6;24,1;14,5;9,4;53;35;38;68;4,8;2;
2025/02/08;1400 UTC;0;899,6;899,7;899,6;3330,9;26,6;13,1;27,3;25,4;13,8;9,4;46;34;43;35;5,2;2,1;
2025/02/08;1500 UTC;0;899,4;899,6;899,4;4232,7;27,3;11,9;28,3;26,3;13,3;9,3;44;32;38;95;7,1;2,8;
2025/02/08;1600 UTC;0;899;899,4;898,9;4015,9;27;9,1;27,9;26,3;13,5;9,1;43;31;32;110;7,1;3,6;
2025/02/08;1700 UTC;0;898,8;899;898,7;2386,4;24;17,7;27,8;24;17,9;6,6;68;26;68;223;7,6;4,2;
2025/02/08;1800 UTC;0;898,6;898,8;898,6;2811,2;23,9;17,8;25,9;23,7;18,5;16,5;69;59;68;221;7,6;3;
2025/02/08;1900 UTC;0;898,4;898,6;898,4;1452,9;23,1;17,6;24,7;23,1;18,1;17,2;72;66;71;217;7,5;4;
2025/02/08;2000 UTC;0;898,5;898,6;898,4;1073;22,2;17,9;24,1;21,9;18,2;17,3;79;67;77;217;7,2;2,6;
2025/02/08;2100 UTC;0;898,7;898,7;898,4;261,8;21,4;17,8;22,2;21,3;18;17,7;80;76;80;216;6,4;1,9;
2025/02/08;2200 UTC;4,4;899,7;899,7;898,6;9,6;19,6;17,4;21,4;19,6;18,2;17,4;88;80;88;196;6,2;2,6;
2025/02/08;2300 UTC;2,8;900;900;899,5;;19,3;17,7;19,6;19,2;17,7;17,4;90;88;90;199;7;1,6;
2025/02/09;0000 UTC;0;900,3;900,3;900;;19,2;17,6;19,4;19,1;17,8;17,5;91;90;91;258;3;,8;
2025/02/09;0100 UTC;0;900,8;900,8;900,3;;18,7;17,2;19,3;18,6;17,7;17,1;91;90;91;14;2,6;1;
2025/02/09;0200 UTC;,2;900,4;900,8;900,4;;17,9;16,4;19;17,9;17,5;16,4;91;91;91;34;2,5;,8;
2025/02/09;0300 UTC;0;900,3;900,5;900,3;;17,3;15,9;17,9;16,9;16,5;15,5;92;91;91;350;3,3;1,4;
2025/02/09;0400 UTC;0;899,9;900,3;899,9;;16,9;15,3;17,4;16,8;15,9;15,1;91;90;90;66;3,8;,7;
2025/02/09;0500 UTC;0;899,6;899,9;899,6;;16,7;14,8;17,6;16,6;16;14,8;91;88;89;353;3,3;1,5;
2025/02/09;0600 UTC;0;899,5;899,6;899,4;;16,3;14,1;16,9;16,1;15,1;14,1;90;87;87;344;4,1;1,8;
2025/02/09;0700 UTC;0;899,5;899,5;899,4;;15,9;14;17;15,6;14,8;13,5;89;85;88;332;3,7;1,7;
2025/02/09;0800 UTC;0;899,7;899,7;899,5;;16;13,8;16,3;15,5;14,2;13,5;89;86;87;20;3,8;1,4;
2025/02/09;0900 UTC;,2;900,4;900,4;899,7;14,2;14,9;13,3;16,1;14,6;13,9;12,8;90;86;90;177;3,6;,4;
2025/02/09;1000 UTC;0;900,9;900,9;900,4;566,8;18,5;15,9;18,6;14,6;16,5;13;92;85;85;116;1,4;,6;
2025/02/09;1100 UTC;0;901,2;901,2;900,9;1531,7;22;14,7;22,3;18,5;17,7;14,7;85;63;63;49;3,8;1,9;
2025/02/09;1200 UTC;0;901,3;901,3;901,2;2391;23,4;15,7;23,7;22;16,7;15;69;61;62;35;5;2,1;
2025/02/09;1300 UTC;0;901,3;901,4;901,2;2075,9;24,2;15,4;24,7;22,8;17,2;14,9;68;58;58;47;5,4;1,5;
2025/02/09;1400 UTC;0;901;901,3;901;2604,6;24,9;15,8;25,8;23,4;18,1;15,2;65;54;57;10;4,8;1,8;
2025/02/09;1500 UTC;0;900,5;901;900,5;3548,7;25,9;16,9;27,1;24,8;18,2;15,3;63;52;58;46;5,5;2;
2025/02/09;1600 UTC;0;900,2;900,5;900,2;2984,3;23,1;17,9;27,4;22,9;18,6;15,9;73;52;72;232;6,6;3,6;
2025/02/09;1700 UTC;0;899,8;900,1;899,7;3701,8;24,3;18,7;26,5;23,1;19,8;17,5;74;60;71;223;5,9;2,4;
2025/02/09;1800 UTC;2,4;899,2;899,8;899,2;1776,9;23,1;19,1;24,7;22,5;20,8;17,7;84;69;78;241;6,3;3,1;
2025/02/09;1900 UTC;0;898,9;899,2;898,9;1534,5;23,1;17,9;24,4;23,1;19,3;17,7;78;69;73;222;6,2;2,9;
2025/02/09;2000 UTC;0;899;899,2;898,7;519,6;21,9;18,7;23,1;21,9;18,8;18;82;73;82;240;6,1;3,1;
2025/02/09;2100 UTC;0;899,3;899,3;899;192,9;21;18,2;22;21;18,7;17,9;84;80;84;207;5,2;1,5;
2025/02/09;2200 UTC;0;899,7;899,7;899,2;32,3;20,1;17,8;21,1;20,1;18,2;17,8;86;84;86;250;3;,8;
2025/02/09;2300 UTC;0;900,1;900,1;899,7;;19,2;17,4;20,1;19,2;17,8;17,4;90;86;89;262;1,8;,7;
2025/02/10;0000 UTC;0;900,3;900,3;900,1;;18,4;16,8;19,2;18,3;17,4;16,8;91;89;91;297;1,6;,6;
2025/02/10;0100 UTC;0;900,5;900,5;900,3;;17,6;16,2;18,4;17,6;16,8;16,1;92;91;91;320;3,2;1,1;
2025/02/10;0200 UTC;0;900,3;900,5;900,3;;16,6;15,2;17,6;16,6;16,1;15,2;92;91;92;338;3,2;,4;
2025/02/10;0300 UTC;0;899,8;900,3;899,8;;16,4;15,4;17,4;16,2;16,2;15;94;92;94;80;1,9;,9;
2025/02/10;0400 UTC;0;899,5;899,8;899,4;;16,1;15;16,8;15,9;15,8;14,9;94;93;93;18;2,9;1;
2025/02/10;0500 UTC;,2;899,1;899,5;899,1;;16;13,2;16,5;15,3;15,1;13;94;84;84;5;3,9;1,4;
2025/02/10;0600 UTC;0;898,7;899,1;898,7;;15,4;12,9;16,3;15,2;13,7;12,3;86;80;85;50;4,8;1,1;
2025/02/10;0700 UTC;0;898,6;898,8;898,6;;14,3;12,5;15,9;14,2;13,8;12,4;89;85;89;343;2,7;,7;
2025/02/10;0800 UTC;0;899;899;898,6;;15,5;14;15,6;14,2;14,1;12,5;91;89;90;72;3,6;1,1;
2025/02/10;0900 UTC;0;899,4;899,5;898,9;11,7;17,3;13,9;17,5;15,5;15,3;13,4;90;81;81;20;5,8;2,4;
2025/02/10;1000 UTC;0;900,1;900,1;899,4;482,3;19,6;15,2;19,6;16,4;15,8;13,5;86;76;76;58;5,8;1,5;
2025/02/10;1100 UTC;0;900,4;900,4;900,1;1521,2;21,5;14,7;21,5;19,4;15,8;14,1;78;64;65;37;5,9;2,6;
2025/02/10;1200 UTC;0;900,5;900,5;900,3;2410,6;23;14,8;23,3;21,5;16,1;14,2;67;59;60;27;6,9;3;
2025/02/10;1300 UTC;0;900,3;900,5;900,3;3194,1;24,8;14,5;24,9;22,7;16,6;14;65;52;53;39;7,3;3;
2025/02/10;1400 UTC;,2;900,1;900,4;900,1;3804,9;25,5;14,6;26,4;24,4;16,4;12,9;56;46;51;40;6,8;2,8;
2025/02/10;1500 UTC;0;899,7;900,1;899,7;4035,2;25,8;13,9;27;25,3;16,3;13;55;45;48;30;7,8;2;
2025/02/10;1600 UTC;0;899,3;899,7;899,3;2818,1;26,2;16,4;26,5;24,9;17,2;13,4;58;47;55;66;6,3;2,4;
2025/02/10;1700 UTC;0;899;899,3;899;1997,8;25,6;15,2;26,2;24,8;16,4;14,5;58;50;53;21;6,3;2,2;
2025/02/10;1800 UTC;0;898,3;899;898,3;2177,8;27;15,4;27;24,7;16,7;13,4;57;44;49;107;4,8;1,6;
2025/02/10;1900 UTC;0;898;898,3;898;2214,6;26;12,4;27,7;25,4;16,2;11,6;55;40;43;83;5;2,9;
2025/02/10;2000 UTC;0;897,8;898;897,8;1412,6;25;14;26,7;25;14,8;11,5;51;38;51;73;5;1,7;
2025/02/10;2100 UTC;0;897,9;898;897,8;367,9;21;16,2;25;21;16,3;14,2;74;51;74;345;4,4;,6;
2025/02/10;2200 UTC;0;898,2;898,2;897,9;28,7;19,5;16,2;21,2;19;16,7;15,7;83;73;81;328;2,8;1,5;
2025/02/10;2300 UTC;0;898,6;898,7;898,2;;18,6;15,8;19,6;18,2;16,2;15,4;85;78;83;323;3,9;,9;
2025/02/11;0000 UTC;0;899;899;898,7;;16,7;14,6;18,6;16,7;15,8;14,6;88;83;87;285;2,5;,5;
2025/02/11;0100 UTC;0;899,2;899,3;899;;16,3;14,6;17,3;16,3;15,6;14,5;90;87;90;249;2,8;1,2;
2025/02/11;0200 UTC;0;899,3;899,4;899,2;;15,4;13,9;16,4;15,2;14,7;13,6;91;89;91;335;2;,3;
2025/02/11;0300 UTC;0;899,1;899,3;899,1;;15,7;14,4;15,8;15;14,5;13,5;92;91;92;70;1,6;,4;
2025/02/11;0400 UTC;0;898,5;899,2;898,5;;16,1;15;16,3;15,4;15,3;14;94;92;93;56;3,5;1;
2025/02/11;0500 UTC;0;898;898,5;897,9;;16,3;14,6;17,5;16;16,4;14,3;94;88;90;7;4,7;1,3;
2025/02/11;0600 UTC;0;897,6;898;897,5;;16,2;14,7;16,3;15,3;14,8;13,6;91;89;91;28;2,4;1,5;
2025/02/11;0700 UTC;0;897,6;897,6;897,5;;15,5;14,1;16,3;15;14,8;13,4;91;89;91;17;2,9;1,6;
2025/02/11;0800 UTC;0;898;898;897,6;;15;13,6;15,8;15;14,4;13,5;92;91;91;235;2,6;,5;
2025/02/11;0900 UTC;0;898,5;898,5;898;19,2;14,8;13,4;15,7;14,7;14,3;13,3;92;91;91;301;2,2;,5;
2025/02/11;1000 UTC;0;899,3;899,3;898,5;390,4;17,1;15,8;17,1;14,7;15,9;13,4;94;91;92;95;1,2;,4;
2025/02/11;1100 UTC;0;899,9;899,9;899,3;780,3;20;15,9;20;17,1;17,2;15,6;92;76;77;28;3,1;1,5;
2025/02/11;1200 UTC;0;900,2;900,2;899,9;841;20,9;15,5;20,9;20;16;14,9;78;71;71;27;4;2,1;
2025/02/11;1300 UTC;0;900,1;900,2;900,1;1591,9;21,9;15,9;22,1;20,9;16,7;15,1;74;66;69;52;4,7;2,1;
2025/02/11;1400 UTC;0;899,4;900,1;899,4;2746,3;24;16,5;24,1;21,9;17,3;15;70;62;63;78;5,3;2,8;
2025/02/11;1500 UTC;0;898,9;899,5;898,9;3434,1;24,7;15,5;26,1;23,2;18,4;15,3;68;55;57;32;6,1;2,6;
2025/02/11;1600 UTC;0;898,3;898,9;898,3;3799;25,3;15,5;26,2;24,5;18,2;15,1;63;53;55;14;6,2;2,1;
2025/02/11;1700 UTC;0;897,6;898,3;897,6;3742,3;26,6;14,4;27,4;25,3;17;14,4;58;47;47;64;6,3;2,8;
2025/02/11;1800 UTC;0;897,1;897,6;897,1;3347,1;27,1;15,9;27,7;26,3;16,9;13,7;55;45;51;79;5,8;2,5;
2025/02/11;1900 UTC;0;897,2;897,3;897,1;1434,3;25,5;16,3;27,1;25,3;16,8;15,1;59;48;57;52;5,9;1,4;
2025/02/11;2000 UTC;0;896,9;897,2;896,9;959,4;24,9;17;25,7;24,6;17,6;15,8;62;55;62;30;4,8;1,5;
2025/02/11;2100 UTC;0;896,9;896,9;896,8;372,8;22,9;17,2;24,9;22,8;17,3;16;71;58;70;70;5;1;
2025/02/11;2200 UTC;0;897,1;897,1;896,8;48,2;19,9;17,4;22,9;19,7;17,5;17,1;85;70;85;321;2,6;,8;
2025/02/11;2300 UTC;0;897,7;897,7;897,1;;19,1;16,6;20,3;18,8;17,4;16,3;86;82;85;336;2,3;,9;
2025/02/12;0000 UTC;0;898,2;898,2;897,7;;18,3;16;19,4;18,3;16,8;15,9;87;83;87;33;3,8;1,2;
2025/02/12;0100 UTC;0;898,5;898,5;898,2;;17,5;15,7;18,3;17,5;16;15,6;89;87;89;44;2,1;,6;
2025/02/12;0200 UTC;0;898,7;898,7;898,5;;17,3;15,8;17,5;16,9;15,9;15,3;91;89;91;83;1,5;,6;
2025/02/12;0300 UTC;0;898,5;898,7;898,5;;18,1;16,8;18,1;17,3;16,8;15,8;92;91;92;103;1,5;,7;
2025/02/12;0400 UTC;0;898,2;898,5;898,2;;19,5;17,2;19,6;18,1;18,1;16,8;94;87;87;36;3,4;1,5;
2025/02/12;0500 UTC;0;897,9;898,2;897,9;;18,1;15,2;19,6;18,1;17,1;15,2;87;79;83;83;5,3;,8;
2025/02/12;0600 UTC;0;897,9;898;897,8;;16,3;14,6;18,1;16,3;15,4;14,5;90;83;90;346;1,5;,8;
2025/02/12;0700 UTC;0;898,1;898,1;897,8;;15,6;14,1;16,3;15,6;14,6;14;91;89;91;313;1,5;,7;
2025/02/12;0800 UTC;,2;898,3;898,3;898,1;;15,5;14,2;15,7;15,3;14,3;13,9;92;91;92;2;1,3;,6;
2025/02/12;0900 UTC;0;898,7;898,7;898,3;22,6;15,6;14,4;15,8;15,3;14,7;14;93;92;93;90;1,2;,5;
2025/02/12;1000 UTC;0;899;899;898,7;413,1;18,4;16,9;18,4;15,5;16,9;14,4;94;90;91;139;1,3;,4;
2025/02/12;1100 UTC;0;899,3;899,4;899;1303,4;21,7;17,4;21,7;18,4;17,4;16,1;91;75;77;85;3,4;2;
2025/02/12;1200 UTC;0;899,4;899,4;899,2;2448,5;23,7;17,1;23,9;21,7;17,9;16,9;76;67;67;80;6,3;3,2;
2025/02/12;1300 UTC;0;899,5;899,6;899,4;2793,8;23,8;16,4;25,4;23,6;18,5;16,1;70;60;63;45;6,1;2,7;
2025/02/12;1400 UTC;0;899,2;899,5;899,2;2383,2;24,9;16,6;25,6;23,9;18,7;16;67;59;60;67;5,8;2,4;
2025/02/12;1500 UTC;0;898,7;899,2;898,7;2373,7;25,1;17,2;25,7;24,5;17,6;15,9;64;57;62;72;5,5;2,9;
2025/02/12;1600 UTC;0;898,4;898,8;898,4;2816,8;26,2;15,3;26,5;24,6;17,9;15,3;64;51;51;70;5,6;2,7;
2025/02/12;1700 UTC;0;897,9;898,4;897,9;2656,8;25,6;16,2;27;25,4;17,6;14,4;58;49;56;65;6,2;2,6;
2025/02/12;1800 UTC;0;897,5;897,9;897,5;2026,7;25,7;15,7;26;25,3;16,9;14,4;58;49;54;74;5,9;2,7;
2025/02/12;1900 UTC;0;897,2;897,6;897,2;1131,1;24,5;15,3;26,1;24,5;16,9;15,1;58;52;57;52;5,5;2,2;
2025/02/12;2000 UTC;0;897,1;897,3;897,1;683,3;23,8;15,4;24,6;23,8;16;14,6;61;55;59;51;5,4;1,3;
2025/02/12;2100 UTC;0;896,9;897,1;896,9;316,1;21,6;15,8;23,8;21,6;15,9;15;70;58;70;20;3,3;1,4;
2025/02/12;2200 UTC;0;897,2;897,2;896,9;25,2;19,4;15,2;21,6;19,4;16,3;15,2;79;70;77;29;3;1,1;
2025/02/12;2300 UTC;0;897,8;897,8;897,2;;17,7;15,3;19,4;17,7;15,5;15;86;77;85;6;2,4;1,3;
2025/02/13;0000 UTC;0;898,7;898,7;897,8;;17,1;15;17,8;16,9;15,4;14,8;88;85;88;313;2,3;,4;
2025/02/13;0100 UTC;0;899;899,1;898,7;;16,2;14,4;17,1;16,2;15;14,4;90;87;89;302;1,8;,4;
2025/02/13;0200 UTC;0;899,2;899,4;899;;16,3;14,8;16,3;15,9;14,8;14,3;91;89;91;254;1,5;1;
2025/02/13;0300 UTC;0;898,8;899,2;898,8;;15,9;14,5;16,3;15,8;14,8;14,3;91;90;91;312;1,5;,5;
2025/02/13;0400 UTC;0;898,7;898,8;898,7;;15,4;14,1;15,9;15,4;14,6;14,1;92;91;92;61;1;,4;
2025/02/13;0500 UTC;0;898,5;898,7;898,4;;15;14;15,6;15;14,5;13,8;94;92;93;246;,7;,4;
2025/02/13;0600 UTC;0;898,4;898,5;898,4;;14,9;14;15,3;14,8;14,3;13,9;94;93;94;282;1,4;,2;
2025/02/13;0700 UTC;0;898,3;898,4;898,3;;14,5;13,6;14,9;14,2;14;13,3;94;94;94;340;1;,4;
2025/02/13;0800 UTC;0;898,8;898,8;898,3;;14,2;13,3;14,7;14,1;13,8;13,2;95;94;94;340;1,2;,1;
2025/02/13;0900 UTC;0;899,2;899,2;898,7;27,5;14,4;13,5;14,4;13,9;13,5;13,1;95;94;95;257;,5;,3;
2025/02/13;1000 UTC;0;899,3;899,3;899,1;449,3;16,9;16;16,9;14,4;16,1;13,6;95;95;95;114;,9;,4;
2025/02/13;1100 UTC;0;899,7;899,7;899,3;874,8;20,7;18,8;20,7;16,9;19;16,1;95;89;89;69;2,5;1,2;
2025/02/13;1200 UTC;0;899,4;899,7;899,4;2346,2;24,6;17,7;24,7;20,7;19;17,4;89;65;65;83;5,3;2,8;
2025/02/13;1300 UTC;0;899,1;899,4;899,1;3241,4;26,2;18,4;26,7;24,5;19,4;16,9;69;58;62;56;6,9;2,8;
2025/02/13;1400 UTC;0;899,1;899,2;899;2239,3;25,6;18,4;26,3;24;18,8;17,7;70;61;65;76;6,2;3,2;
2025/02/13;1500 UTC;0;898,7;899,1;898,6;2947,2;26,2;18,4;26,6;25;19,1;17,4;66;59;62;77;7,3;3,5;
2025/02/13;1600 UTC;0;898,3;898,7;898,3;2945,8;26,1;17,4;26,7;25,5;18,6;16,8;63;56;59;79;7,6;2,8;
2025/02/13;1700 UTC;0;897,6;898,3;897,6;3231,2;27,2;16,2;28,3;26,1;18,2;15,3;60;47;51;60;6,8;2,3;
2025/02/13;1800 UTC;0;897,2;897,6;897,2;2238,6;28,4;13,6;28,5;26,5;17,4;13,6;56;40;40;10;5,5;1,7;
2025/02/13;1900 UTC;0;896,8;897,2;896,8;2522,3;28;15,3;29,5;27,6;16,5;12,8;48;39;46;312;4;,8;
2025/02/13;2000 UTC;0;896,3;896,8;896,3;1272,4;26,1;16,8;28,7;26;17,8;14,9;60;45;57;259;4,7;1;
2025/02/13;2100 UTC;0;896,5;896,5;896,2;388,1;24,7;17,2;26,2;24,5;18,6;16,1;69;54;63;194;4,1;1,3;
2025/02/13;2200 UTC;0;896,7;896,7;896,5;27,9;22,9;17,3;25;22,9;18;17,1;71;62;71;250;7,3;2,1;
2025/02/13;2300 UTC;0;897,7;897,7;896,8;;21,8;17,8;23;21,7;17,8;17,3;78;71;78;167;4,7;1,7;
2025/02/14;0000 UTC;0;898,3;898,4;897,7;;21,5;17,6;21,8;21,3;18;17,6;81;78;79;231;4,6;1,8;
2025/02/14;0100 UTC;0;898,8;898,8;898,3;;20,9;17,6;21,5;20,8;17,8;17,6;82;79;82;212;3,6;1,9;
2025/02/14;0200 UTC;0;898,9;899,1;898,8;;20,3;17;21,3;20,3;17,7;17;82;79;82;220;4,7;1,3;
2025/02/14;0300 UTC;0;898,7;899;898,6;;19,9;17,5;20,4;19,9;17,6;17;86;81;86;208;3,7;1,9;
2025/02/14;0400 UTC;2;897,9;898,7;897,9;;19,4;17,6;19,9;19,4;17,7;17,3;89;86;89;342;2,9;,6;
2025/02/14;0500 UTC;0;897,4;897,9;897,4;;19,1;17,5;19,4;19;17,6;17,3;91;89;90;215;2;,9;
2025/02/14;0600 UTC;0;897,2;897,5;897,2;;18,4;16,9;19,1;18,4;17,6;16,9;91;90;91;284;1,9;,7;
2025/02/14;0700 UTC;0;896,9;897,2;896,9;;17,1;15,7;18,5;16,9;17;15,5;92;91;92;271;1,5;,7;
2025/02/14;0800 UTC;0;897,3;897,3;896,9;;16,3;15,3;17,5;16,1;16,5;14,9;94;92;94;322;2,3;,7;
2025/02/14;0900 UTC;0;897,5;897,5;897,3;13;15,7;14,7;16,7;15,6;15,8;14,6;94;93;94;339;2,4;,3;
2025/02/14;1000 UTC;0;898,1;898,1;897,5;368,9;17,4;16,4;17,4;15,5;16,4;14,6;94;94;94;168;1,4;,6;
2025/02/14;1100 UTC;0;898,5;898,5;898,1;1122,4;20,7;19;20,9;17,2;19,5;16,3;94;90;90;137;1,8;,6;
2025/02/14;1200 UTC;0;898,4;898,5;898,4;2069,7;24,3;18,7;24,3;20,6;19;17,6;90;71;71;87;3,8;2,2;
2025/02/14;1300 UTC;0;898,4;898,5;898,3;3005,5;26,4;18,6;26,4;24;18,9;16,6;71;58;62;91;5,5;3;
2025/02/14;1400 UTC;0;898,2;898,4;898,2;3457;26,6;15,3;27,3;25,3;18,5;14,4;63;46;50;66;6;2,9;
2025/02/14;1500 UTC;0;897,8;898,2;897,8;4039,4;27,7;15,3;28,5;26,5;17,3;14,6;56;45;47;52;5,6;2,6;
2025/02/14;1600 UTC;0;897,4;897,9;897,3;3403,5;26,6;18,1;28,1;25;19,8;13,9;69;42;60;225;6,8;2,8;
2025/02/14;1700 UTC;0;897;897,4;896,9;2436,7;24,7;18,6;27,2;24,6;18,9;17,5;70;58;69;237;7,2;2,2;
2025/02/14;1800 UTC;0;896,3;897;896,3;395,4;21,7;18,8;24,7;21,7;18,8;16,4;83;66;83;109;5,1;1,5;
2025/02/14;1900 UTC;3,6;896,4;896,5;895,9;250,8;19,9;17,3;22,1;19,9;19;17,3;86;80;85;179;6,3;1,6;
2025/02/14;2000 UTC;,4;896,2;896,4;896;154,3;19,6;17,7;19,9;19,3;17,9;16,9;89;84;89;223;4,6;1,4;
2025/02/14;2100 UTC;0;896,1;896,2;896,1;161,4;19,5;17,5;19,7;19,2;17,6;17,2;89;87;89;247;4;1,2;
2025/02/14;2200 UTC;0;896,5;896,5;896,1;9,9;19,4;17,6;19,7;19,2;17,9;17,3;90;89;89;212;3,2;1,5;
2025/02/14;2300 UTC;0;897,1;897,1;896,4;;18,8;17;19,4;18,8;17,6;17;90;89;90;222;4,5;2,3;
2025/02/15;0000 UTC;0;897,6;897,6;897,1;;18,2;16,6;19;18,1;17,3;16,4;90;89;90;234;3,5;,7;
2025/02/15;0100 UTC;0;897,6;897,8;897,6;;17,3;15,8;18,4;17,3;16,8;15,8;91;90;91;330;2,5;1;
2025/02/15;0200 UTC;,2;897,8;897,9;897,6;;17,1;16;17,5;16,9;16,1;15,5;93;91;93;311;1,8;,4;
2025/02/15;0300 UTC;0;897,4;897,8;897,4;;16,4;15,4;17,6;16,4;16,6;15,4;94;93;94;25;1,6;,3;
2025/02/15;0400 UTC;0;897,1;897,4;897,1;;15,6;14,6;16,4;15,6;15,3;14,6;94;94;94;330;1,5;,3;
2025/02/15;0500 UTC;0;896,9;897,1;896,9;;15,5;14,6;16,4;15,4;15,5;14,4;94;94;94;321;2,4;,6;
2025/02/15;0600 UTC;0;896,1;896,9;896,1;;15,5;14,7;16,1;15,2;15,2;14,3;95;94;94;316;1,4;,2;
2025/02/15;0700 UTC;0;896,2;896,3;896;;15,3;14,5;15,6;15;14,7;14,1;95;94;95;290;,9;,4;
2025/02/15;0800 UTC;0;896,4;896,4;896,2;;14,9;14;15,4;14,8;14,5;14;95;95;95;320;,9;,5;
2025/02/15;0900 UTC;,2;897,1;897,1;896,4;11,8;14,7;13,8;14,9;14,6;14;13,7;95;95;95;328;1,2;,3;
2025/02/15;1000 UTC;0;898;898;897,1;283,8;15,8;14,9;15,8;14,6;14,9;13,8;95;95;95;188;,9;,3;
2025/02/15;1100 UTC;0;898,2;898,3;898;1269,9;20,4;19,5;20,4;15,8;19,5;14,9;95;94;94;117;1,4;,8;
2025/02/15;1200 UTC;0;898,3;898,3;898,2;2307,6;24,2;15,1;24,3;20,3;20,6;15,1;94;56;57;72;4,7;2,3;
2025/02/15;1300 UTC;0;898,4;898,4;898,3;3011,2;25,9;17,7;26,1;24,2;17,7;15,1;62;54;61;52;5,3;2,2;
2025/02/15;1400 UTC;0;898;898,4;898;3589,5;26,6;16;27,1;25,6;17,2;15;60;48;52;49;6,8;2,5;
2025/02/15;1500 UTC;0;897,7;898;897,7;3882,3;26,4;14,2;27,4;26;17,1;14,2;56;47;47;56;6,6;3,3;
2025/02/15;1600 UTC;0;897,3;897,7;897,3;3659,1;27,3;16,1;27,7;26,2;17,3;14,7;54;47;50;68;6,4;1,7;
2025/02/15;1700 UTC;0;896,7;897,3;896,7;3671,4;27,2;14,2;29;26,8;17,9;14;53;42;45;165;4,3;1,2;
2025/02/15;1800 UTC;0;896;896,7;896;1342,9;22,4;15;27,2;22,1;17,4;12,9;64;45;63;217;5,2;1,9;
2025/02/15;1900 UTC;0;895,8;896;895,7;1431,7;24,5;17,3;24,5;22,1;17,3;14,5;66;59;64;251;4,8;1,9;
2025/02/15;2000 UTC;0;895,8;895,8;895,6;1450;25,3;18,5;26,3;24,4;18,8;16,4;67;60;66;215;4,9;2,1;
2025/02/15;2100 UTC;2,2;896,2;896,3;895,8;245,8;21,2;18,5;25,4;21,2;18,9;17,2;85;63;85;1;5,2;1,1;
2025/02/15;2200 UTC;0;896,2;896,2;896,1;16,1;20,1;18,4;21,2;20,1;18,8;18,3;90;84;90;16;2,6;,4;
2025/02/15;2300 UTC;0;897,1;897,1;896,2;;19,1;17,6;20,1;19,1;18,3;17,5;91;89;91;268;1,4;,8;
2025/02/16;0000 UTC;0;897,9;897,9;897,1;;18,4;17;19,4;18,4;18,1;17;92;91;92;44;1,8;,7;
2025/02/16;0100 UTC;0;898,2;898,2;897,9;;18,1;17,1;18,6;17,8;17,4;16,7;94;92;94;320;1,5;,7;
2025/02/16;0200 UTC;,2;898,4;898,5;898,2;;17;16;18,4;17;17,5;16;94;94;94;108;1,2;,4;
2025/02/16;0300 UTC;0;898,2;898,4;898,2;;16,9;16;17,5;16,7;16,6;15,7;94;94;94;44;1;,5;
2025/02/16;0400 UTC;0;897,9;898,2;897,9;;16,2;15,3;17;16,1;16,1;15,3;94;94;94;317;,9;,3;
2025/02/16;0500 UTC;0;897,8;898;897,8;;15,8;14,9;16,5;15,5;15,6;14,6;95;94;95;276;1,3;,4;
2025/02/16;0600 UTC;0;897,5;897,8;897,5;;15,1;14,3;15,8;14,9;14,9;14,1;95;95;95;352;1,5;,7;
2025/02/16;0700 UTC;0;898,2;898,2;897,5;;13,9;13,1;15,6;13,9;14,7;13,1;95;95;95;354;1,4;,4;
2025/02/16;0800 UTC;,2;898,4;898,5;898,2;;13,9;13,1;14,4;13,7;13,6;12,9;95;95;95;254;1;,3;
2025/02/16;0900 UTC;0;898,4;898,5;898,4;8,5;13,8;13;14;13,5;13,2;12,7;95;95;95;20;,9;,5;
2025/02/16;1000 UTC;0;898,9;898,9;898,4;398,7;16,5;15,6;16,5;13,6;15,7;12,8;95;95;95;69;1,6;,8;
2025/02/16;1100 UTC;0;899,3;899,3;898,9;1433,2;20,8;17,8;21;16,5;19,3;15,6;95;83;83;110;2;,6;
2025/02/16;1200 UTC;0;899,2;899,3;899,1;2340,5;24,4;16,5;24,4;20,6;17,9;15,1;83;60;62;91;6;3,4;
2025/02/16;1300 UTC;0;899,2;899,3;899,2;3072,9;25,5;17;26,5;24,2;18,5;16;64;55;60;70;6,8;2,9;
2025/02/16;1400 UTC;0;898,9;899,2;898,8;3645,9;26,1;17,5;26,2;25,2;18;16,5;62;57;59;84;7,6;3,7;
2025/02/16;1500 UTC;0;898,6;898,9;898,5;3891,5;27,5;17,7;27,8;26;18,5;16;60;51;55;79;7,6;2,7;
2025/02/16;1600 UTC;0;898;898,6;898;3913,9;28,4;15,3;28,4;27;18;12,6;56;39;45;63;6,5;2,4;
2025/02/16;1700 UTC;0;897,5;898,1;897,5;3661,4;28,6;12,5;29;27,9;15,7;10,4;46;32;37;74;6,5;2,7;
2025/02/16;1800 UTC;0;897,2;897,5;897,2;3171,2;28,6;12,2;29,3;28,3;14,9;10;44;31;36;63;6,7;2,5;
2025/02/16;1900 UTC;0;897,1;897,2;897;2423;28,4;11,4;28,9;28,2;13,8;11,1;40;33;35;69;6,7;1,9;
2025/02/16;2000 UTC;0;897;897,1;896,9;1125,4;24,2;15,3;28,6;24,2;15,4;10,2;58;33;58;338;4,8;1,5;
2025/02/16;2100 UTC;0;897,2;897,2;896,9;241,2;22,8;16;24,2;22,2;17,2;15,3;72;57;66;323;3,8;2,7;
2025/02/16;2200 UTC;0;897,6;897,6;897,2;16,1;20,1;15,8;22,8;20,1;16;15,7;76;66;76;345;4;1,4;
2025/02/16;2300 UTC;0;898,1;898,1;897,5;;18,5;15,7;20,1;18,4;16,2;15,7;84;76;84;285;2,8;,5;
2025/02/17;0000 UTC;0;898,6;898,6;898,1;;17;15,2;18,5;17;16;15,2;89;84;89;347;1,3;,5;
2025/02/17;0100 UTC;0;898,9;898,9;898,6;;15,7;14;17;15,7;15,1;14;90;89;89;324;1,3;,5;
2025/02/17;0200 UTC;0;898,8;899;898,8;;15,5;14;15,9;15,4;14,3;13,9;91;89;91;284;1,3;,2;
2025/02/17;0300 UTC;0;898,7;898,8;898,7;;15,2;14;15,5;14,9;14,2;13,5;92;91;92;195;1,4;,6;
2025/02/17;0400 UTC;0;898,7;898,8;898,6;;15,5;14,5;15,7;14,8;14,8;13,5;94;92;94;323;1,2;,4;
2025/02/17;0500 UTC;0;898,3;898,7;898,3;;15,7;14,8;16;15,2;15;14,2;94;94;94;80;1,5;,4;
2025/02/17;0600 UTC;,2;898,2;898,4;898,1;;15,5;14,6;16;15,2;15;14,3;94;94;94;162;1,2;,3;
2025/02/17;0700 UTC;0;898,2;898,2;898;;15,4;14,5;15,7;15,1;14,8;14,2;95;94;95;94;1,1;,4;
2025/02/17;0800 UTC;0;898,5;898,5;898,2;;15,4;14,6;15,7;14,8;14,8;13,9;95;94;95;9;1,7;,7;
2025/02/17;0900 UTC;0;899;899;898,5;8,4;14,9;14;15,4;14,8;14,4;13,9;95;95;95;5;2,4;,7;
2025/02/17;1000 UTC;0;899,2;899,3;899;406,9;18,9;18;18,9;14,3;18;13,5;95;94;94;53;2,1;,8;
2025/02/17;1100 UTC;0;899,4;899,4;899,2;1464,7;23,5;15,9;23,5;18,8;18,5;15,4;95;62;62;86;5,8;3,2;
2025/02/17;1200 UTC;0;899,7;899,7;899,4;2363,9;25,3;15;25,3;23,5;17,3;14,9;64;53;53;85;8,6;4;
2025/02/17;1300 UTC;0;899,7;899,7;899,6;3100,8;26,7;15,6;26,9;25,2;16,7;14,9;55;50;51;82;7,8;3,3;
2025/02/17;1400 UTC;0;899,5;899,8;899,5;3607,2;28;17;28,3;26,3;17,4;15,1;53;48;51;74;8,3;2,8;
2025/02/17;1500 UTC;0;899,3;899,6;899,3;3900,2;28,7;14,2;29,6;27,3;17,4;13,5;51;38;41;81;6,5;2,4;
2025/02/17;1600 UTC;0;898,6;899,2;898,6;3895,7;29,5;15,2;29,7;28,6;16,9;12,8;47;36;42;57;6,3;1,9;
2025/02/17;1700 UTC;0;897,9;898,6;897,9;3637;30,3;16,1;30,6;29;17,3;13,5;46;37;42;52;6,8;2,3;
2025/02/17;1800 UTC;0;897,3;897,9;897,3;3217;30,6;16,2;31;29,7;17;12,4;45;33;42;37;5,6;2;
2025/02/17;1900 UTC;0;896,9;897,3;896,9;2482,6;29,9;13,9;31,1;29,8;17;13,4;44;36;38;72;5,8;1,7;
2025/02/17;2000 UTC;0;896,8;896,9;896,8;1355,8;28,7;14,3;30;28,3;16,2;13,7;46;37;41;47;4,9;1,5;
2025/02/17;2100 UTC;0;896,9;897;896,8;343,8;24;16,6;28,7;24;17,1;14,6;64;41;63;322;4;3;
2025/02/17;2200 UTC;0;897;897,1;896,8;16,2;21,7;16,2;24;21,6;16,8;15,9;72;63;71;357;4,2;1,5;
2025/02/17;2300 UTC;0;897,2;897,2;897;;19,5;16,1;21,9;19,5;16,3;15,8;81;70;81;333;3;,5;
2025/02/18;0000 UTC;0;897,6;897,7;897,2;;18;15,8;19,5;17,9;16,2;15,6;87;81;87;325;1,6;,5;
2025/02/18;0100 UTC;0;898,1;898,1;897,6;;16,9;15,3;18;16,8;15,8;15;90;87;90;241;1,7;1,1;
2025/02/18;0200 UTC;0;898,1;898,2;898,1;;16;14,5;17;15,7;15,4;14,1;91;90;91;268;1,7;,7;
2025/02/18;0300 UTC;0;898;898,2;898;;14,5;13,1;16;14,5;14,5;13;91;91;91;259;1,2;,5;
2025/02/18;0400 UTC;0;898;898,1;898;;13,3;11,8;14,5;13,1;12,9;11,6;91;90;91;342;1,6;,4;
2025/02/18;0500 UTC;0;898;898,2;898;;12,6;11,2;13,3;12,6;11,8;11,2;91;90;91;331;1,6;,5;
2025/02/18;0600 UTC;0;897,6;898;897,6;;12,6;11,3;12,8;12,6;11,5;11,1;92;91;92;242;1,6;,3;
2025/02/18;0700 UTC;0;897,7;897,7;897,6;;12,5;11,4;12,8;12,3;11,9;11,1;94;92;93;354;1,4;,3;
2025/02/18;0800 UTC;0;898,1;898,1;897,7;;12,3;11,4;12,8;12,3;11,8;11,3;94;93;94;257;,8;,2;
2025/02/18;0900 UTC;,2;898,6;898,6;898,1;9,7;12,1;11,2;12,5;12,1;11,6;11,2;95;94;94;45;,8;,3;
2025/02/18;1000 UTC;0;898,9;898,9;898,6;432,5;15,4;14,5;15,4;12;14,5;11,2;95;94;94;173;,9;,4;
2025/02/18;1100 UTC;0;899;899;898,9;1411,9;21,1;15,7;21,2;15,4;16,5;14,5;94;72;72;138;1,4;,6;
2025/02/18;1200 UTC;0;898,8;899;898,8;2289,9;25,9;16,4;26;20,8;17,9;15,3;74;54;56;65;3,2;1,8;
2025/02/18;1300 UTC;0;898,4;898,8;898,4;3034,3;28,4;16,9;28,5;25,6;17,9;14,9;59;44;50;90;4,3;1,9;
2025/02/18;1400 UTC;0;897,9;898,4;897,9;3565,7;30,1;11,3;30,6;28,2;17;7,2;50;24;31;214;7;1,5;
2025/02/18;1500 UTC;0;897,6;897,9;897,6;3887,8;30,2;6;31,2;29,7;12,2;3,6;32;18;22;241;6,3;3,1;
2025/02/18;1600 UTC;0;897,1;897,6;897,1;3918,1;30,1;6,6;31,1;29,7;11,5;5,1;34;21;23;243;6,7;3,4;
2025/02/18;1700 UTC;0;896,5;897,1;896,5;3643,8;30,2;8,2;31;29,7;10,3;4,5;29;19;25;262;6,8;2,4;
2025/02/18;1800 UTC;0;895,9;896,5;895,9;3161,5;30,5;5,8;30,8;30,1;10,6;3,6;29;18;21;227;5,8;2,9;
2025/02/18;1900 UTC;0;895,6;896;895,6;2523,8;30,2;8,8;30,7;30;9,1;2,3;27;17;26;263;6,8;1,8;
2025/02/18;2000 UTC;0;895,6;895,7;895,4;1431,8;28,2;11,9;30,5;28;14,1;8,6;41;26;37;25;4,1;,9;
2025/02/18;2100 UTC;0;895,8;895,8;895,5;225,3;24,2;15,2;28,2;23,5;16,8;12,2;64;36;57;327;4,3;2,7;
2025/02/18;2200 UTC;0;896,3;896,3;895,8;18,1;20,5;15,8;24,2;20,5;16,1;15,1;75;57;75;316;4,3;,8;
2025/02/18;2300 UTC;0;897;897;896,3;;20;15,6;20,8;19,5;16,3;15,3;80;72;76;277;3,1;1,4;
2025/02/19;0000 UTC;0;897,9;897,9;897;;19,3;15,3;20;18,3;16,1;15,3;84;76;77;205;3,1;1,4;
2025/02/19;0100 UTC;0;898,4;898,4;897,9;;19,6;15,3;20,8;19,5;15,7;14,7;77;69;76;246;4,8;1,3;
2025/02/19;0200 UTC;0;898,4;898,5;898,3;;17,6;14,2;19,6;17,4;15,2;14,1;82;76;81;270;3,7;1,4;
2025/02/19;0300 UTC;0;898,3;898,5;898,3;;16,7;13,6;17,8;16,5;14,6;13,3;84;81;82;270;2,7;1,6;
2025/02/19;0400 UTC;0;898;898,3;898;;14,2;12,2;16,7;13,5;13,7;10,9;88;78;88;275;3,9;,9;
2025/02/19;0500 UTC;0;898,1;898,1;897,9;;14;12,4;15,6;12,8;13,6;10,8;90;83;90;287;2,7;1,2;
2025/02/19;0600 UTC;0;897,9;898,2;897,9;;15;13,4;15,2;13,1;13,7;11,3;91;86;90;246;3,8;1,7;
2025/02/19;0700 UTC;0;898,3;898,4;897,9;;15,1;13,4;15,3;13,3;13,6;11,4;91;87;90;227;4,2;1,7;
2025/02/19;0800 UTC;0;898,6;898,6;898,3;;15,4;13,2;16,6;13,7;15;11,9;92;87;87;242;4,3;1,1;
2025/02/19;0900 UTC;0;898,7;898,7;898,6;7,3;15,1;13,5;16,3;14,4;14,7;12,4;91;86;90;291;3,6;,8;
2025/02/19;1000 UTC;0;899,3;899,3;898,7;468,7;17,8;15,7;17,8;15,1;15,9;13,1;91;84;88;258;3,1;1,2;
2025/02/19;1100 UTC;0;899,6;899,7;899,3;1387,1;21,1;16,5;21,1;17,7;16,8;15,3;88;74;75;195;3,6;1,5;
2025/02/19;1200 UTC;0;899,6;899,6;899,5;2301,3;24,7;14;24,7;21,2;17,3;13,1;76;49;51;88;3,9;2;
2025/02/19;1300 UTC;0;899,6;899,6;899,4;3039,4;26;10,9;26,6;24,4;15,2;10,9;54;38;39;72;5,4;2,7;
2025/02/19;1400 UTC;0;899,6;899,7;899,6;3551,9;27,4;11,1;27,4;25,9;14,5;7,8;47;29;36;41;7,5;2,6;
2025/02/19;1500 UTC;0;899,2;899,6;899,2;3806,1;27,3;12,1;27,9;26,4;13,1;7,4;41;28;39;39;6,3;2,4;
2025/02/19;1600 UTC;0;898,5;899,2;898,5;3818,5;28,1;9,4;28,4;27;13,4;8,7;43;30;31;15;6,5;2,7;
2025/02/19;1700 UTC;0;898,1;898,6;898;3582,6;28,7;9,6;29,1;27,4;12,3;8,1;37;27;30;42;6,5;2,3;
2025/02/19;1800 UTC;0;898,1;898,1;898;3092,8;28,4;7,6;29,2;28;10,4;4,9;32;23;27;16;6;2,4;
2025/02/19;1900 UTC;0;897,8;898,1;897,8;2356,4;28,1;6,9;28,7;27,9;7,9;2,9;28;20;26;71;5,7;2,1;
2025/02/19;2000 UTC;0;897,9;897,9;897,7;1456,5;26,2;8,7;28,3;26,2;8,7;4,2;33;22;33;2;4,7;1,3;
2025/02/19;2100 UTC;0;898,1;898,1;897,9;343,5;21,9;12;26,2;21,7;12,2;7;55;29;53;332;3,2;1,5;
2025/02/19;2200 UTC;0;898,2;898,2;898,1;11,3;18,5;13,5;21,9;18,5;13,9;12,6;72;54;72;6;3,1;1,5;
2025/02/19;2300 UTC;0;898,5;898,5;898,2;;17,1;13,9;18,9;17,1;13,9;13,3;81;72;81;4;2,5;,4;
2025/02/20;0000 UTC;0;899,1;899,1;898,5;;16,2;13,4;17,3;16,2;14,1;13,3;84;80;83;261;2,1;,4;
2025/02/20;0100 UTC;0;899;899,2;899;;15,4;13,2;16,2;15,2;13,6;12,9;88;83;86;3;1,4;,5;
2025/02/20;0200 UTC;0;899;899,1;898,9;;14,7;12,7;15,5;14,7;13,4;12,7;88;86;88;326;1,2;,5;
2025/02/20;0300 UTC;0;898,8;899,1;898,8;;14,3;12,5;14,8;14,3;12,9;12,5;90;88;89;12;1,6;,8;
2025/02/20;0400 UTC;0;898,6;898,8;898,5;;14,7;13,2;14,7;14;13,2;12,3;91;89;91;12;2,4;,9;
2025/02/20;0500 UTC;0;898,7;898,7;898,5;;15;13,7;15,5;14,5;14,1;12,9;92;90;91;37;1,8;1;
2025/02/20;0600 UTC;0;898,7;898,8;898,7;;15,6;14,4;15,6;14,8;14,4;13,4;92;91;92;38;2,3;,8;
2025/02/20;0700 UTC;0;898,6;898,7;898,4;;14,8;13,3;15,9;14,7;14,6;13,3;92;91;91;39;2,9;,5;
2025/02/20;0800 UTC;,2;899;899;898,6;;14,6;13,4;15;14,2;13,7;12,8;93;91;93;24;2,2;1;
2025/02/20;0900 UTC;0;899,7;899,7;899;10,4;14,8;13,8;14,8;14,2;13,8;13;94;92;94;20;3;,8;
2025/02/20;1000 UTC;0;900,1;900,1;899,7;412;18,9;18;18,9;14,6;18;13,7;95;94;94;109;1,7;,6;
2025/02/20;1100 UTC;0;900,5;900,5;900;724,5;20;17,4;20,4;18,9;18,6;16,8;94;83;85;46;5,3;1,9;
2025/02/20;1200 UTC;0;900,6;900,8;900,5;1242;21,8;17,3;21,9;19,9;18,2;17,1;85;75;75;82;5,7;3,2;
2025/02/20;1300 UTC;0;900,6;900,7;900,4;3021,6;24,7;17,2;24,8;21,8;18;16,6;76;62;63;78;7,7;3,9;
2025/02/20;1400 UTC;0;900,4;900,7;900,4;3582,5;26,3;16,4;27,1;24,6;18,4;16;64;54;55;74;7,5;4,1;
2025/02/20;1500 UTC;0;900,1;900,5;900,1;3857,8;27,4;16,3;27,8;25,9;17,4;15,2;56;48;51;90;7,1;2,9;
2025/02/20;1600 UTC;0;899,6;900,1;899,6;3882,6;28,2;16,5;28,4;26,9;17,8;14,8;54;45;49;52;6,3;2,4;
2025/02/20;1700 UTC;0;899,2;899,6;899,2;2078,5;26,9;15,2;29;26,9;16,5;13,3;51;41;49;55;4,9;1,1;
2025/02/20;1800 UTC;0;898,7;899,2;898,7;1429,7;29;17,3;29;26,5;17,5;15;56;45;49;297;3,9;,9;
2025/02/20;1900 UTC;0;898,6;898,7;898,5;2437,6;28,9;16,6;29,4;27,3;17,4;14,9;52;43;48;250;4,5;1,9;
2025/02/20;2000 UTC;0;898,9;898,9;898,5;1559,5;26,4;16;29;26,4;17,2;15,1;54;45;53;274;4,9;1,7;
2025/02/20;2100 UTC;0;899,2;899,3;898,9;300;22,8;17,4;26,6;22,4;18;15,3;76;51;72;314;3,8;2,5;
2025/02/20;2200 UTC;0;899,7;899,7;899,2;10;20,8;15,9;22,8;20,8;17,4;14,9;74;68;74;312;4,4;1,7;
2025/02/20;2300 UTC;0;900,5;900,5;899,7;;18,7;15,7;20,7;18,7;16,1;15,3;83;74;83;307;3,8;,7;
2025/02/21;0000 UTC;0;900,6;900,6;900,5;;17,9;15,9;18,7;17,9;16,3;15,7;88;83;88;285;1,1;,3;
2025/02/21;0100 UTC;0;901;901;900,6;;17,1;15,5;17,9;17;16;15,3;90;88;90;250;1,6;,5;
2025/02/21;0200 UTC;0;900,6;901;900,6;;17,8;16,3;17,9;17,1;16,4;15,4;91;90;91;254;2;1,2;
2025/02/21;0300 UTC;0;900,3;900,7;900,3;;16,9;15,5;17,8;16,9;16,3;15,4;91;90;91;279;2;,3;
2025/02/21;0400 UTC;0;899,9;900,3;899,9;;16,4;15,1;17,2;16,1;15,8;14,7;92;91;92;44;1,3;,3;
2025/02/21;0500 UTC;0;899,5;899,9;899,5;;15,8;14,8;16,4;15,6;15,1;14,4;94;92;94;353;,8;,4;
2025/02/21;0600 UTC;0;899,4;899,6;899,3;;15,6;14,7;15,9;15,3;15;14,3;94;93;94;295;1,1;,3;
2025/02/21;0700 UTC;0;899,5;899,5;899,4;;15,3;14,4;15,6;14,9;14,6;14,1;94;94;94;288;,8;,4;
2025/02/21;0800 UTC;0;899,8;899,9;899,5;;15,1;14,3;15,4;15,1;14,5;14,2;95;95;95;256;,8;,3;
2025/02/21;0900 UTC;0;900,2;900,2;899,8;8,2;15;14,2;15,3;15;14,5;14,1;95;95;95;314;,7;,3;
2025/02/21;1000 UTC;0;900,8;900,8;900,2;306,5;16,6;15,8;16,6;15;15,8;14,1;95;95;95;147;,8;,3;
2025/02/21;1100 UTC;0;901,2;901,2;900,8;1384,4;20,7;16,6;20,9;16,7;18,9;15,9;95;77;77;120;1,7;,8;
2025/02/21;1200 UTC;0;901,2;901,3;901,1;2261,4;25,3;14,7;25,3;20,7;18;13,2;79;50;52;347;2,2;,8;
2025/02/21;1300 UTC;0;901,1;901,2;901,1;3087,2;26,3;14,2;27,7;24,8;16,7;13,3;55;45;47;191;3,2;1,3;
2025/02/21;1400 UTC;0;901;901,2;901;2287,9;26,5;15,7;26,9;23,7;18,3;13,2;70;46;51;250;4,8;1,8;
2025/02/21;1500 UTC;0;900,8;901;900,8;3300,9;25,7;15,8;27,3;25,4;17,3;14,5;57;47;54;223;7,2;4;
2025/02/21;1600 UTC;0;900,6;900,9;900,6;3686,5;25,5;17;26,5;25;18,5;15,6;63;54;60;226;7,5;4,3;
2025/02/21;1700 UTC;0;900,2;900,6;900,2;3614,2;26,4;16,2;27,1;25,5;17,6;15,5;60;51;54;239;7,5;3,3;
2025/02/21;1800 UTC;0;899,9;900,2;899,8;3100,8;26,4;17;27,2;26;17,6;15,8;58;52;56;235;8,4;3,3;
2025/02/21;1900 UTC;0;899,4;899,9;899,4;2200,1;25;18,1;27;24,7;18,5;16,5;66;54;65;224;7,9;3,8;
2025/02/21;2000 UTC;0;899,4;899,5;899,3;1248,3;24;18,2;25,3;23,8;18,4;17,9;71;64;70;224;6,9;3,2;
2025/02/21;2100 UTC;0;899,6;899,6;899,3;225,8;22,5;18,7;24;22,5;18,9;18,2;79;70;79;207;8,5;3,4;
2025/02/21;2200 UTC;0;900;900;899,6;8,6;21,4;18,5;22,5;21,4;18,8;18,4;83;78;83;214;7,6;3;
2025/02/21;2300 UTC;0;900,4;900,4;900;;20,8;18,2;21,4;20,8;18,5;18,2;85;83;85;201;7,4;3,9;
2025/02/22;0000 UTC;0;901;901;900,4;;20;17,9;20,8;20;18,2;17,9;88;85;88;227;6,8;1,3;
2025/02/22;0100 UTC;0;901,2;901,2;901;;18,3;16,5;20;18,3;17,9;16,5;90;87;89;309;2,8;,9;
2025/02/22;0200 UTC;0;901,4;901,5;901,2;;17,5;16;18,6;17,4;17;15,9;91;89;91;231;1,5;,3;
2025/02/22;0300 UTC;0;901;901,4;901;;16,8;15,4;17,8;16,8;16,3;15,4;92;91;92;10;2;,5;
2025/02/22;0400 UTC;0;900,9;901,1;900,9;;16,9;15,9;17,3;16,6;16,3;15,3;94;92;94;74;1,1;,2;
2025/02/22;0500 UTC;0;900,5;900,9;900,5;;17,2;16,3;17,4;16,8;16,4;15,9;94;94;94;324;1;,6;
2025/02/22;0600 UTC;0;900,1;900,5;900,1;;16,5;15,6;17,2;16,4;16,1;15,5;94;94;94;1;1,7;,2;
2025/02/22;0700 UTC;0;899,7;900,1;899,7;;16;15,1;16,6;16;15,7;15,1;94;94;94;20;1,6;1;
2025/02/22;0800 UTC;0;900,2;900,2;899,7;;15,3;14,4;16,1;15,3;15,2;14,4;95;94;95;22;1,9;,4;
2025/02/22;0900 UTC;,2;900,7;900,7;900,2;4,8;13,8;13;15,6;13,8;14,7;12,9;95;95;95;342;1,9;,6;
2025/02/22;1000 UTC;0;901;901;900,7;259;16;15,1;16;13,8;15,1;13;95;95;95;70;2,1;1,1;
2025/02/22;1100 UTC;0;901,4;901,4;901;1413,6;20,1;15,9;20,2;16;17,5;15,2;95;77;77;122;2,1;1,2;
2025/02/22;1200 UTC;0;901,6;901,6;901,4;2096,9;23,8;15;23,8;20;16,1;13,3;77;57;58;31;5,1;1,9;
2025/02/22;1300 UTC;0;901,5;901,6;901,5;3022,8;24,7;14,2;24,7;23;16;12,6;61;50;52;44;5,4;2,4;
2025/02/22;1400 UTC;0;901,3;901,5;901,3;3549,6;25,6;12,3;26,3;24,1;14,7;11;54;41;44;67;5,9;2,4;
2025/02/22;1500 UTC;0;900,9;901,3;900,9;3713,2;26,2;12,3;27,7;25,2;14,9;11,6;47;40;42;338;7,1;1,8;
2025/02/22;1600 UTC;0;900,4;900,9;900,4;2796,3;26,5;11,2;27,7;25,2;15,8;11;50;38;38;28;5,2;2;
2025/02/22;1700 UTC;0;899,8;900,4;899,8;2453;27,4;11,8;27,5;25,4;13,9;10,1;48;37;38;113;4,9;2,4;
2025/02/22;1800 UTC;0;899,4;899,8;899,4;2303,4;26,7;16,4;28,5;24,9;16,5;11,3;57;38;53;237;5,5;2,2;
2025/02/22;1900 UTC;0;899,2;899,4;899,1;2013,2;25,3;13,6;27,3;25,3;16,4;13,6;54;47;48;108;5,5;2,5;
2025/02/22;2000 UTC;0;899,3;899,3;899,1;632,8;25,2;15,8;25,3;24,4;16,1;13,8;60;48;56;242;4,7;1,1;
2025/02/22;2100 UTC;0;899,3;899,3;899,2;142,7;20,7;16,5;25,2;20,7;17;15,3;77;56;77;303;2,7;,4;
2025/02/22;2200 UTC;0;899,5;899,5;899,3;8,2;18,7;15,9;20,8;18,5;16,5;15,7;84;74;84;318;2,5;1,1;
2025/02/22;2300 UTC;0;900;900;899,5;;18,4;15,4;19,2;18,4;16,2;15,1;85;80;83;298;3,8;1,3;
2025/02/23;0000 UTC;0;900,3;900,3;900;;17,7;15,8;18,6;17,1;15,8;14,9;89;82;89;311;3,2;,8;
2025/02/23;0100 UTC;0;900,8;900,8;900,3;;16,5;14,9;17,8;16,1;16;14,4;91;87;90;327;1,9;,6;
2025/02/23;0200 UTC;0;901;901,1;900,8;;16,3;14,8;16,8;16,2;15,3;14,6;91;90;91;327;1;,3;
2025/02/23;0300 UTC;0;900,6;901;900,6;;15,8;14,5;16,3;15,7;14,9;14,3;92;91;92;282;1,5;,3;
2025/02/23;0400 UTC;0;900,3;900,6;900,3;;15,7;14,7;16;15,3;15,1;14;94;92;94;309;1,4;,4;
2025/02/23;0500 UTC;0;899,9;900,3;899,9;;16,3;15,2;16,5;15,4;15,5;14,2;94;93;94;15;3,1;1,3;
2025/02/23;0600 UTC;0;899,6;899,9;899,6;;15,6;14,3;16,3;15,3;15;13,8;94;91;92;43;2,9;,5;
2025/02/23;0700 UTC;0;899,7;899,7;899,5;;14,9;13,8;15,7;14,7;14,4;13,5;93;92;93;34;1,7;,6;
2025/02/23;0800 UTC;0;899,7;899,7;899,6;;14,9;14;15,3;14,3;14,3;13,2;94;93;94;45;1,7;,7;
2025/02/23;0900 UTC;0;900,1;900,1;899,6;7;14,6;13,7;14,9;14,4;14;13,5;94;94;94;74;2,4;,9;
2025/02/23;1000 UTC;0;900,4;900,4;900;239,5;18;16,8;18;14,6;16,8;13,8;95;93;93;64;3,1;1,4;
2025/02/23;1100 UTC;0;901,1;901,1;900,4;870,5;20,5;16,4;20,5;18;16,9;16,1;93;77;77;28;6,3;2,2;
2025/02/23;1200 UTC;0;901,6;901,6;901,1;882,5;21;16;21,2;20,4;16,9;16;78;73;73;39;6,8;1,9;
2025/02/23;1300 UTC;0;901,7;901,8;901,6;1655,6;22,3;15,8;23,4;21;17,6;15,7;75;66;67;50;5,8;2,6;
2025/02/23;1400 UTC;0;901,5;901,7;901,5;2276,8;23,4;15,9;24,4;22,3;17,5;15,2;69;59;63;55;6,1;2,7;
2025/02/23;1500 UTC;0;901;901,5;901;3151,4;26;16,6;26,1;23,4;17,4;15,2;65;54;56;77;6,1;1,8;
2025/02/23;1600 UTC;0;900,3;901;900,2;2857,1;26,3;17,1;26,8;24,9;17,7;14,9;60;50;57;50;5,5;2,2;
2025/02/23;1700 UTC;0;899,9;900,4;899,9;2667,6;27,3;15,8;27,3;25;17;14,5;58;47;49;98;5,1;2,3;
2025/02/23;1800 UTC;0;899,1;899,9;899,1;3068,7;27,4;15,8;27,9;26,1;17,1;14,1;54;46;49;57;5,8;1,5;
2025/02/23;1900 UTC;0;898,9;899,1;898,8;1716,3;25,1;15,3;28,2;24,9;16,3;13,3;56;43;54;10;5,8;3,2;
2025/02/23;2000 UTC;0;898,9;899;898,6;795,8;23;17,5;26,6;23;17,5;14,3;71;49;71;228;7,3;3,2;
2025/02/23;2100 UTC;0;899,1;899,2;898,9;125,4;21,4;18,3;23;21,4;18,4;17,6;83;72;82;343;7,3;,8;
2025/02/23;2200 UTC;0;899,1;899,2;899,1;9,9;20,2;17,4;21,4;20,2;18,5;17,4;86;82;84;6;2;,9;
2025/02/23;2300 UTC;0;899,8;899,8;899,1;;19,1;15,8;20,3;19,1;17,3;15,6;84;76;81;330;3,7;1,6;
2025/02/24;0000 UTC;0;900,2;900,2;899,7;;17,3;14,8;19,3;17,3;15,9;14,8;85;78;85;318;4,5;,7;
2025/02/24;0100 UTC;0;900,4;900,4;900,2;;16;14;17,4;15,9;15,1;13,9;89;86;88;60;2,5;,8;
2025/02/24;0200 UTC;0;900,5;900,5;900,3;;15,6;12,9;16,6;15,5;14,9;12,9;90;84;84;37;3,6;1,6;
2025/02/24;0300 UTC;0;900,4;900,6;900,4;;15,5;12,1;16,3;15,4;13,5;12;86;80;80;344;5,1;1,9;
2025/02/24;0400 UTC;0;899,9;900,4;899,9;;15,5;10,5;16;15,1;12,3;10,5;80;72;72;329;5,3;2,5;
2025/02/24;0500 UTC;0;899,6;899,9;899,6;;14,9;11,2;15,5;14,3;11,3;10,1;81;71;79;348;5;1,7;
2025/02/24;0600 UTC;0;899,5;899,7;899,4;;14,4;11,4;16,1;14;11,8;10,9;83;75;82;39;4,7;,9;
2025/02/24;0700 UTC;0;899,8;899,8;899,5;;14,1;11,8;14,9;14;12,3;11,3;87;82;87;25;3,7;1;
2025/02/24;0800 UTC;0;900;900;899,7;;13,7;12;14,5;13,6;12,5;11,5;90;86;89;308;2,9;,3;
2025/02/24;0900 UTC;0;900,5;900,5;900;5,5;13;11,5;13,8;13;12,2;11,5;91;89;91;10;1,9;,7;
2025/02/24;1000 UTC;0;901,1;901,1;900,5;375,1;17;14,1;17;13;14,6;11,6;93;83;83;100;1,3;,4;
2025/02/24;1100 UTC;0;901,4;901,4;901,1;1378,7;21,1;14,9;21,1;17;15,3;13,7;84;68;68;87;3,4;1,7;
2025/02/24;1200 UTC;0;901,8;901,9;901,4;2254,8;23,9;15,7;24;21,1;16,3;13,6;70;58;60;31;5,9;2,3;
2025/02/24;1300 UTC;0;901,8;901,9;901,7;2971,6;25,3;16,8;25,5;23,5;17;15,2;63;55;59;81;7,9;3,1;
2025/02/24;1400 UTC;0;901,6;902;901,6;3079,8;24,8;15,9;25,8;24,2;17,1;15,4;62;55;58;87;7,9;2,8;
2025/02/24;1500 UTC;0;901,3;901,6;901,3;3440,6;25,6;15,2;26,4;24,4;17;14,9;60;50;52;88;7,2;4,1;
2025/02/24;1600 UTC;0;900,8;901,4;900,8;3389,7;27,1;15,9;27,1;25,2;17,1;14,7;56;50;50;103;7,2;2,3;
2025/02/24;1700 UTC;0;900,3;900,8;900,3;2049,9;25,6;14,7;27,3;25,4;16,9;13,7;57;45;51;83;5,4;2,7;
2025/02/24;1800 UTC;0;899,7;900,3;899,5;2034,9;25,9;14,7;28,4;25,2;17,2;13,9;57;44;50;82;5,1;2,1;
2025/02/24;1900 UTC;0;899,8;899,8;899,2;2128,1;24,4;15,4;28,8;24,4;16,2;13,3;57;42;57;101;8,1;2,7;
2025/02/24;2000 UTC;0;899,9;900;899,7;210;21,3;15,5;24,4;21,3;16,4;13,9;70;55;69;248;6,4;,7;
2025/02/24;2100 UTC;0;900,6;900,6;899,6;171,9;22,1;16,9;22,1;20,6;17,1;15,6;78;69;72;31;5,9;2;
2025/02/24;2200 UTC;0;900,9;901;900,5;55,3;21,2;16,8;22,5;21;17;16,6;76;71;76;28;5,9;1,5;
2025/02/24;2300 UTC;0;901,3;901,4;900,9;;20;17,2;21,4;19,9;17,2;16,7;84;75;84;20;5,9;2,6;
2025/02/25;0000 UTC;0;901,7;901,7;901,2;;19,9;16,8;20;19,7;17,2;16,6;84;81;83;36;6,3;1,3;
2025/02/25;0100 UTC;0;902;902;901,7;;19,2;16,3;20;19,2;16,9;16,3;85;81;83;64;3,2;1,1;
2025/02/25;0200 UTC;0;901,9;902;901,8;;18,3;15,3;19,1;18,1;16,6;15,2;87;82;83;345;4,9;2;
2025/02/25;0300 UTC;0;902,1;902,2;901,9;;18,5;15,5;18,7;17,4;15,5;14;83;76;83;20;5,2;1,6;
2025/02/25;0400 UTC;0;901,8;902,2;901,8;;19,5;15,3;19,6;18,5;15,5;15;83;76;77;350;6,6;1,9;
2025/02/25;0500 UTC;0;901,4;901,8;901,4;;19,8;15,5;19,9;19,4;15,6;15,3;78;76;76;11;6;2,4;
2025/02/25;0600 UTC;0;901,1;901,4;901;;19,9;15,9;20,1;19,7;15,9;15,4;78;75;78;15;5,1;2,3;
2025/02/25;0700 UTC;0;901,1;901,4;901;;19,8;16,5;19,9;19,4;16,6;16;83;78;81;352;5,3;2,2;
2025/02/25;0800 UTC;0;901,3;901,3;901;;20;16,4;20,2;19,8;16,5;16,2;81;78;80;32;6,3;1,8;
2025/02/25;0900 UTC;0;901,9;901,9;901,3;3,2;20;16,1;20;19,8;16,3;16;80;78;78;15;7,3;3,1;
2025/02/25;1000 UTC;0;902,5;902,5;901,9;240,7;20,3;16;20,4;20;16,3;15,8;78;76;76;24;6,3;2,7;
2025/02/25;1100 UTC;0;902,9;902,9;902,5;787,9;22,2;16,1;22,3;20,3;16,6;15,6;77;68;68;82;6,3;2,6;
2025/02/25;1200 UTC;0;903,3;903,3;902,9;2289,5;22,6;16;24,1;22;16,8;14,8;69;61;66;32;6,8;2,7;
2025/02/25;1300 UTC;0;903,1;903,3;903,1;2604,5;24,3;15,6;24,6;22,3;17,1;14,9;68;56;58;64;7,2;3,6;
2025/02/25;1400 UTC;0;902,9;903,2;902,9;3194,6;25;15,4;25,5;23,8;16,6;14,3;60;51;55;84;7,1;2,9;
2025/02/25;1500 UTC;0;902,4;902,9;902,4;3494,7;26,1;14,3;26,7;24,3;17,1;14,1;59;47;48;113;7,1;3;
2025/02/25;1600 UTC;0;901,7;902,4;901,7;3995,6;27,6;14,7;27,8;25,6;16,1;13,2;53;42;45;50;6;2,3;
2025/02/25;1700 UTC;0;901,2;901,7;901,2;2475,3;28,1;14,5;28,3;25,7;16,2;13,5;50;43;44;71;5,6;2,7;
2025/02/25;1800 UTC;0;900,8;901,3;900,7;1199,2;25,6;16;28,1;25;17,3;12,9;62;42;55;268;5,9;2,9;
2025/02/25;1900 UTC;0;900,3;900,8;900,3;803,7;25,1;17,8;26,6;24,1;17,8;15;67;52;64;53;5,7;,9;
2025/02/25;2000 UTC;0;900,2;900,4;900,2;1442,7;25,7;14,9;27;25,1;18,2;12,8;65;44;51;45;4,7;1,3;
2025/02/25;2100 UTC;0;900,4;900,4;900,1;214,4;22,1;15,1;25,7;22;15,4;13,7;66;50;65;336;3,8;2,1;
2025/02/25;2200 UTC;0;900,8;900,8;900,4;3,6;19,9;15,9;22,1;19,8;15,9;14,9;78;65;78;331;3,4;,8;
2025/02/25;2300 UTC;0;901,2;901,2;900,8;;19,1;16;20,6;19,1;16,7;15,7;82;75;82;15;3,5;1,1;
2025/02/26;0000 UTC;0;901,6;901,6;901,2;;19,2;15,9;19,8;18,8;16,5;15,7;84;79;81;2;3,8;1,8;
2025/02/26;0100 UTC;0;901,8;901,8;901,5;;18,9;15;19,3;18,2;15,9;14,9;82;78;78;328;6,4;2,5;
2025/02/26;0200 UTC;0;901,9;902;901,8;;17;13,6;18,9;17;14,8;13,5;84;78;80;344;5,1;1,9;
2025/02/26;0300 UTC;0;901,9;901,9;901,7;;17,1;14,7;17,1;15,6;15,2;13,4;89;80;86;36;4,8;1,6;
2025/02/26;0400 UTC;0;901,7;902;901,7;;18,8;14,8;18,9;17,1;15,1;14,5;86;78;78;11;6,3;3;
2025/02/26;0500 UTC;0;901,3;901,7;901,3;;18,3;14,4;18,8;18,1;14,8;14,2;78;77;78;20;5,3;2;
2025/02/26;0600 UTC;0;901;901,3;900,9;;16,6;13,4;18,4;16,5;14,3;13,4;83;77;82;18;4;1,5;
2025/02/26;0700 UTC;0;901,1;901,1;900,9;;15,7;12,6;16,6;15,4;13,3;12;83;75;82;52;5,6;1,4;
2025/02/26;0800 UTC;0;901,4;901,4;901,1;;13,6;11,6;15,7;13,6;12,4;11,2;88;79;88;267;3,2;,7;
2025/02/26;0900 UTC;0;901,7;901,7;901,4;2,4;12,6;11,1;13,6;12,5;11,8;10,9;90;87;90;31;1,6;,4;
2025/02/26;1000 UTC;0;902,1;902,1;901,7;323,5;16;13,4;16;12,4;13,9;10,9;94;84;84;163;1,3;,4;
2025/02/26;1100 UTC;0;902,7;902,7;902,1;1336,2;20,7;14,7;20,7;16;15,5;13,4;84;69;69;135;2;1,1;
2025/02/26;1200 UTC;0;902,7;902,8;902,4;2265,8;23,6;13,1;23,7;20,6;15,1;11,2;70;49;52;46;5,5;2,1;
2025/02/26;1300 UTC;0;902,8;902,9;902,6;2966,3;24,4;13,8;24,4;22,8;14,2;12,2;55;47;52;76;6,1;2,9;
2025/02/26;1400 UTC;0;902,1;902,8;902,1;3535,4;25,1;13,7;25,9;23,9;14,8;11,6;55;44;49;37;5,8;2,6;
2025/02/26;1500 UTC;0;901,6;902,2;901,6;3874,9;26;12,9;27,2;24,9;15,7;12,5;53;44;44;26;7,1;2,3;
2025/02/26;1600 UTC;0;901;901,6;901;3205,7;25,6;13,6;27,3;25,4;15,7;13;52;43;47;63;6,8;2,6;
2025/02/26;1700 UTC;0;900,3;901;900,3;2987,8;27,4;14,7;27,9;25,2;15,8;13,4;53;43;46;47;6,4;2,7;
2025/02/26;1800 UTC;0;899,7;900,3;899,7;2934,2;27,4;14,6;27,9;25,8;15,3;13,2;49;43;46;50;6,4;2,4;
2025/02/26;1900 UTC;0;899,5;899,7;899,4;2011,1;25,9;13,6;27,4;25,8;14,9;13;48;43;47;71;5,3;2,2;
2025/02/26;2000 UTC;0;899,5;899,5;899,4;843,4;25;12,5;26;24,8;14,4;12,1;51;44;46;17;4,8;2;
2025/02/26;2100 UTC;0;899,5;899,5;899,4;305,3;21,7;14;25;21,5;14,6;12,1;64;45;62;338;3,9;1,4;
2025/02/26;2200 UTC;0;899,6;899,6;899,5;17,6;19,7;13,5;21,7;19,7;14,1;13,4;67;62;67;338;3,9;1,3;
2025/02/26;2300 UTC;0;900,2;900,2;899,6;;17,6;14,2;19,7;17,6;14,4;13,6;80;68;80;39;3,6;,5;
2025/02/27;0000 UTC;0;900,4;900,4;900,2;;16,1;13,9;17,6;16,1;14,4;13,9;87;80;87;14;1,6;,6;
2025/02/27;0100 UTC;0;900,7;900,7;900,4;;15,1;13,4;16,1;15,1;14;13,4;90;87;90;355;1,6;,7;
2025/02/27;0200 UTC;0;901,1;901,1;900,7;;15;13,5;15,4;14,5;13,8;12,9;91;89;91;336;1,4;,5;
2025/02/27;0300 UTC;0;901,2;901,3;901,1;;14,5;13,1;15;14,2;13,7;12,6;92;90;91;63;1,4;,6;
2025/02/27;0400 UTC;0;900,8;901,2;900,8;;14,7;13,5;15;13,9;13,7;12,5;93;91;93;77;1,3;,2;
2025/02/27;0500 UTC;0;900,5;900,8;900,5;;15;14,1;15,2;14,2;14,3;12,9;94;92;94;74;1,5;,3;
2025/02/27;0600 UTC;0;900,2;900,5;900,1;;14,3;13,3;15;14,3;14;13,1;94;93;94;23;2;,7;
2025/02/27;0700 UTC;0;900,2;900,2;900,1;;14,7;13,8;15;14,3;14,1;13,3;95;94;94;78;2,1;,9;
2025/02/27;0800 UTC;0;900,2;900,2;900,1;;14,8;13,9;15,3;14,6;14,4;13,7;95;94;94;14;2,1;1;
2025/02/27;0900 UTC;0;900,4;900,5;900,2;5,5;15;14,1;15,3;14,6;14,5;13,8;95;94;95;1;3,7;1;
2025/02/27;1000 UTC;0;900,6;900,6;900,4;294,9;18,2;17,3;18,2;14,8;17,3;13,9;95;94;94;23;5,4;1,9;
2025/02/27;1100 UTC;0;901;901;900,6;441,8;19,9;17;20;18,3;17,3;16,2;94;82;83;78;5,4;,8;
2025/02/27;1200 UTC;0;901,2;901,2;901;796,6;21,1;16,2;21,2;19,8;17,3;16;84;74;74;16;5,3;2,2;
2025/02/27;1300 UTC;0;901,3;901,4;901,2;1214,9;22,7;16,4;22,8;20,9;17,1;15,6;75;66;68;14;5,3;1,9;
2025/02/27;1400 UTC;0;901;901,3;901;2442,2;24,1;16,1;25,6;22,4;17,7;15,6;69;56;61;28;5;1,9;
2025/02/27;1500 UTC;0;900,3;901;900,3;3091,7;26,7;16,5;26,8;23,8;17,9;15,5;65;52;54;51;6,3;2,8;
2025/02/27;1600 UTC;0;899,9;900,3;899,9;3943,6;27,4;16;28,1;26,4;17;13,8;54;45;50;51;6,3;2,7;
2025/02/27;1700 UTC;0;899,4;899,9;899,3;3693,7;28,4;14,7;28,8;26,6;16,2;14,5;50;43;43;94;5,9;2,7;
2025/02/27;1800 UTC;0;898,9;899,4;898,9;3050;25,8;16;29,7;25,8;16,4;13,7;55;39;55;209;5,2;1,4;
2025/02/27;1900 UTC;29,2;899,6;900,1;898,8;145,2;18,4;17,4;25,8;17,5;17,4;14,9;94;55;94;279;9,3;2,7;
2025/02/27;2000 UTC;1,2;899,5;899,6;899,2;424,3;19,8;17,9;20,3;18,4;18,6;17;94;88;89;204;5,9;,8;
2025/02/27;2100 UTC;0;899,2;899,6;899,1;90,1;19;17,2;19,8;18,7;17,6;16,8;90;88;90;313;4,6;2,4;
2025/02/27;2200 UTC;0;899,4;899,4;899,1;6,4;18,3;16,6;19;18,2;17,2;16,5;91;89;90;273;4,6;1,1;
2025/02/27;2300 UTC;0;900;900;899,4;;17,5;16,2;18,3;17,3;16,6;15,9;92;90;92;254;2;1;
2025/02/28;0000 UTC;0;900,5;900,5;899,9;;16,6;15,6;17,8;16,4;16,8;15,4;94;92;94;250;2,5;1;
2025/02/28;0100 UTC;0;900,9;900,9;900,5;;16,9;16;17,5;16,4;16,6;15,5;94;94;94;49;2,6;,4;
2025/02/28;0200 UTC;0;900,9;901,2;900,9;;16,8;15,9;16,9;16,1;16;15,1;95;94;94;17;2,4;1;
2025/02/28;0300 UTC;,2;900,8;901;900,8;;17,6;16,7;17,7;16,3;16,8;15,4;95;94;94;357;4,5;1,9;
2025/02/28;0400 UTC;0;900,4;900,8;900,3;;16,8;14,5;17,6;16,8;16,7;14,5;94;86;86;17;3,9;1,3;
2025/02/28;0500 UTC;0;900,5;900,6;900,3;;17,1;14,6;17,4;16,3;14,8;14,2;88;84;85;3;5;2,4;
2025/02/28;0600 UTC;0;900,1;900,5;900;;16,5;14,4;17,2;16,1;14,7;14;89;85;87;357;4,9;2,1;
2025/02/28;0700 UTC;0;900,2;900,3;900;;15,2;13,5;16,8;15,2;14,6;13,5;90;84;90;8;4,4;1,4;
2025/02/28;0800 UTC;0;900,4;900,5;900,2;;15,9;14,2;16,5;14,9;15,1;13,3;92;90;90;1;3,7;1,6;
2025/02/28;0900 UTC;0;901,1;901,1;900,4;3,3;15,7;14;16,1;15,2;14,6;13,6;91;90;90;46;4;1;
2025/02/28;1000 UTC;,2;901,5;901,5;901,1;366,2;18,8;15,4;18,8;15,6;15,8;13,9;91;81;81;42;5,3;2,1;
2025/02/28;1100 UTC;0;901,7;901,7;901,5;1282,8;20,9;15,1;21;18,7;15,9;14,7;81;69;70;14;5,9;2,7;
2025/02/28;1200 UTC;0;902;902,1;901,7;1615,6;22,1;15,3;22,3;20,7;16,9;15;73;65;65;85;6,6;3,2;
2025/02/28;1300 UTC;0;902;902;901,9;2765,6;23,4;15,1;24;22,1;16,4;14,1;68;56;60;28;6,7;3,3;
2025/02/28;1400 UTC;0;901,9;902;901,8;3353,7;23,9;13,9;25,3;23,4;16,5;13,9;61;52;54;37;7,6;2,9;
2025/02/28;1500 UTC;0;901,4;901,9;901,4;3234,1;24,9;14,6;26,3;23,8;16,1;13,3;57;47;53;33;7,1;2,6;
2025/02/28;1600 UTC;0;901,1;901,4;901;2766,2;25,7;13,9;26,5;24,8;16,3;13,1;56;44;48;67;7,8;2,7;
2025/02/28;1700 UTC;0;900,6;901,1;900,6;3231,1;27,2;14,7;27,2;25,4;16,4;11,6;54;41;46;36;6,1;2,2;
2025/02/28;1800 UTC;0;900;900,6;900;2880,1;26,4;13,2;27,7;25,8;15,3;12,6;49;41;44;57;6;1,8;
2025/02/28;1900 UTC;0;899,6;900,1;899,5;2346,2;26,9;14;27,4;26,4;14,6;12,7;48;42;45;27;5,5;2,5;
2025/02/28;2000 UTC;0;899,5;899,6;899,5;1490,8;26,4;15,2;27,3;25,9;15,3;13;50;43;50;38;4,9;1,3;
2025/02/28;2100 UTC;0;899,8;899,8;899,4;376,8;23,6;16,1;26,4;23,6;16,1;13;63;45;63;96;5,6;2,9;
2025/02/28;2200 UTC;0;900,3;900,3;899,7;6,2;22,2;16,2;23,6;21,7;16,6;16,1;72;63;69;44;5,6;2,1;
2025/02/28;2300 UTC;0;900,9;900,9;900,3;;20,4;15,8;22,2;20,2;16,3;15,6;77;68;75;357;5,8;1,6;
2025/03/01;0000 UTC;0;901,5;901,5;900,9;;18,9;15,6;20,4;18,6;15,9;15,3;82;75;81;4;4,2;1,3;
2025/03/01;0100 UTC;0;901,6;901,6;901,4;;17,6;14,4;18,9;17,5;15,6;14,3;83;77;82;13;3,9;1,7;
2025/03/01;0200 UTC;0;902;902;901,6;;18,4;13,8;18,4;17,4;14,6;13,8;82;74;74;9;5,6;2,7;
2025/03/01;0300 UTC;0;901,7;902,1;901,7;;18,2;13,8;18,9;17,6;13,8;13,2;76;71;76;17;7;2,5;
2025/03/01;0400 UTC;0;901,6;901,9;901,6;;18,7;14,5;18,8;17,3;14,5;13,2;78;75;76;354;6,5;2,7;
2025/03/01;0500 UTC;0;901,1;901,7;901,1;;18,6;14,5;18,9;18,4;14,5;14,3;78;75;77;11;6,7;3,1;
2025/03/01;0600 UTC;0;901,2;901,2;901;;18,7;14,5;18,7;17,7;14,5;14,1;81;76;77;15;6;3,1;
2025/03/01;0700 UTC;0;901,1;901,2;901;;18,5;14,3;18,8;18;14,6;14,2;79;76;77;332;6;2,4;
2025/03/01;0800 UTC;0;901,4;901,4;901;;15,9;13,9;18,5;15,8;14,3;13,6;88;75;88;351;4,4;1;
2025/03/01;0900 UTC;0;901,9;901,9;901,4;5,2;15,7;13,8;16,5;15,6;14,4;13,5;89;85;88;54;4;,9;
2025/03/01;1000 UTC;0;902,1;902,1;901,8;394,8;20,6;15,3;20,6;15,6;15,9;13,7;89;71;72;28;4,8;2,3;
2025/03/01;1100 UTC;0;902,5;902,5;902,1;1769,5;23,1;15,2;23,5;20,6;16,5;14,3;72;61;61;51;6;2,2;
2025/03/01;1200 UTC;0;902,9;902,9;902,5;771,9;21,5;15,9;23,5;20,9;16,5;15;72;61;70;24;6,7;2,5;
2025/03/01;1300 UTC;0;903;903;902,9;1151,6;23,1;16;23,3;21,4;17;15,6;71;63;64;42;5,5;2,2;
2025/03/01;1400 UTC;0;902,7;903;902,6;1452,8;23,3;15,9;23,9;22,7;17,1;15,2;68;60;63;44;5,4;2;
2025/03/01;1500 UTC;0;902,2;902,7;902,2;2824,6;25,1;14,9;26;23,2;17,1;14,4;64;52;53;52;8,4;2,2;
2025/03/01;1600 UTC;0;901,6;902,2;901,6;2406,9;25,6;14,9;26,3;24,7;16,7;14,5;58;49;52;56;6,9;2,5;
2025/03/01;1700 UTC;0;901,1;901,6;901,1;2304;26,1;15,7;26,6;25,1;16,4;14,3;56;50;53;38;7,7;2,4;
2025/03/01;1800 UTC;0;901;901,2;901;1525,4;25,2;15,5;26,8;24,7;17,8;14,7;59;50;55;29;5,3;1,9;
2025/03/01;1900 UTC;0;900,6;901;900,6;1721,6;26,5;15,6;26,8;24,6;16,6;14,4;57;48;51;35;5,7;1,7;
2025/03/01;2000 UTC;0;900,7;900,8;900,5;1402,4;25,2;16,2;26,5;24,8;16,7;15,3;59;51;57;35;5,4;1,3;
2025/03/01;2100 UTC;0;900,8;900,8;900,6;246,8;21,3;15,7;25,2;21,3;16,6;15,4;71;57;71;30;3,8;1,3;
2025/03/01;2200 UTC;0;901,1;901,1;900,8;4,4;19,3;16;21,3;19,3;16,5;15,7;81;71;81;25;3,2;,6;
2025/03/01;2300 UTC;0;901,5;901,5;901,1;;17,5;15;20;17,5;16;14,9;86;74;85;56;3,7;,8;
2025/03/02;0000 UTC;0;901,9;901,9;901,5;;17,9;15,6;18,2;17,2;16,2;14,8;89;85;86;24;3;1,6;
2025/03/02;0100 UTC;0;902;902,1;901,9;;17,5;14,6;18,6;17,5;15,9;14,4;87;79;83;339;3,9;1,4;
2025/03/02;0200 UTC;0;901,8;902;901,7;;17,5;12,8;17,8;17;14,8;12,8;84;74;74;359;4,4;2,2;
2025/03/02;0300 UTC;0;901,3;901,9;901,3;;17,1;12,2;17,9;16,4;13,1;11,7;80;70;73;354;4,5;2,2;
2025/03/02;0400 UTC;0;900,9;901,4;900,9;;15,6;12,9;17,1;15,4;13,4;12,2;85;73;84;16;3,8;1,4;
2025/03/02;0500 UTC;0;900,8;900,9;900,7;;15;12,9;16,5;15;13,9;12,4;88;81;88;16;4,8;,9;
2025/03/02;0600 UTC;0;900,8;900,9;900,7;;13,9;12,2;15;13,6;12,9;11,9;90;88;90;338;2,6;1,2;
2025/03/02;0700 UTC;0;900,8;900,9;900,7;;13,8;12,3;14,2;13,5;12,6;11,9;91;89;90;73;2,8;,6;
2025/03/02;0800 UTC;0;901;901,1;900,8;;13,7;12,3;14;13,2;12,5;11,7;91;90;91;21;1,8;,7;
2025/03/02;0900 UTC;0;901,5;901,6;901;3,5;14,1;12,9;14,2;13,1;12,9;11,6;93;91;93;5;1,6;,8;
2025/03/02;1000 UTC;0;902,3;902,3;901,6;191,1;15,6;14,6;15,6;13,7;14,6;12,4;94;92;94;62;2,3;1,2;
2025/03/02;1100 UTC;0;902,7;902,7;902,2;534,5;19,7;15,9;19,8;15,6;16;14,7;94;78;79;38;4,2;2,2;
2025/03/02;1200 UTC;0;903,1;903,1;902,7;1046,8;21,6;16,4;21,6;19,7;16,7;15,4;79;71;72;34;6,2;2,1;
2025/03/02;1300 UTC;0;903,1;903,3;903,1;1894,5;21,6;16,5;22,8;20,9;17,7;15,5;76;70;73;22;8;3,5;
2025/03/02;1400 UTC;0;902,7;903,1;902,7;2185;23,9;16;24,3;21,6;17,4;15,1;74;60;61;25;8;3;
2025/03/02;1500 UTC;0;902,1;902,8;902,1;3216,3;24,9;14,6;26,3;23,2;17;13,8;63;49;53;48;6,3;3;
2025/03/02;1600 UTC;0;901,7;902,2;901,7;3443,9;26,7;16,1;27,1;24,4;16,5;14,2;57;48;52;15;7,1;2,8;
2025/03/02;1700 UTC;0;901;901,7;901;2939,5;27,6;16;27,6;24,6;16,9;14,4;57;48;49;355;6;1,3;
2025/03/02;1800 UTC;0;900,4;901;900,4;3087,1;26,9;13,1;28,1;25,7;16,1;12,8;52;41;42;10;5,5;2,5;
2025/03/02;1900 UTC;0;899,8;900,4;899,8;2357,4;27,1;12,6;28;26,8;14,3;12;45;39;41;56;4,4;2;
2025/03/02;2000 UTC;0;899,9;899,9;899,8;886,9;23,5;15,4;27,3;23,5;15,9;12,2;61;40;61;346;4,9;1,3;
2025/03/02;2100 UTC;0;900,1;900,1;899,8;173,1;21,6;14,8;23,5;21,5;15,7;14,8;67;60;65;335;3,8;2;
2025/03/02;2200 UTC;0;900,6;900,6;900,1;4;20,7;15,4;21,7;20,5;15,6;14,8;73;65;72;347;3,6;1;
2025/03/02;2300 UTC;0;901,1;901,1;900,6;;18,8;16,1;20,8;18,5;16,1;15,4;85;72;85;305;3,2;,6;
2025/03/03;0000 UTC;0;901,7;901,7;901,1;;18,9;16;19,7;18,5;16,4;15,4;85;80;83;25;4,1;1;
2025/03/03;0100 UTC;0;901,9;901,9;901,7;;18,9;16,5;19,1;18,1;16,7;15,5;87;83;86;23;2,9;1,7;
2025/03/03;0200 UTC;0;901,9;902;901,8;;17,7;15,6;18,9;17,5;16,5;15,4;89;85;87;27;2,9;,8;
2025/03/03;0300 UTC;0;901,7;901,9;901,7;;17,8;15,1;18,3;17,5;16,3;15,1;89;84;84;359;3;1,9;
2025/03/03;0400 UTC;0;901,4;901,7;901,4;;17,3;14,7;18;17,1;15,5;14,5;86;83;85;339;3,7;1,7;
2025/03/03;0500 UTC;0;901,2;901,4;901,1;;16,5;13,9;17,7;16,3;14,7;13,7;85;80;85;33;3,5;1,1;
2025/03/03;0600 UTC;0;900,9;901,2;900,8;;17;13,7;17,3;16,5;14,4;13,6;86;81;81;344;4,4;1,9;
2025/03/03;0700 UTC;0;900,7;900,9;900,6;;16,4;13,4;17,2;15,9;14;13,2;86;81;83;9;3,8;1,7;
2025/03/03;0800 UTC;0;901;901,1;900,7;;14,9;13,1;16,4;14,8;13,7;12,6;89;82;89;48;3,4;1;
2025/03/03;0900 UTC;0;901,6;901,6;901;2,4;15,4;13,6;16,2;14,9;14,2;13,1;90;86;89;53;3,3;1,2;
2025/03/03;1000 UTC;,2;902,1;902,1;901,6;331,7;18,4;15,8;18,4;15,2;15,8;13,3;91;84;85;66;2,7;1,1;
2025/03/03;1100 UTC;0;902,4;902,4;902,1;1291,4;21,2;16,1;21,2;18,4;16,1;14,8;85;72;72;19;5,1;2,4;
2025/03/03;1200 UTC;0;902,6;902,6;902,4;2197,5;23;15,4;23;21;16,4;14,4;73;62;63;13;6,1;2,8;
2025/03/03;1300 UTC;0;902,4;902,6;902,3;2855,5;24,1;15,6;24,4;22,5;16,5;14,4;65;56;59;45;5,8;2,5;
2025/03/03;1400 UTC;0;902,3;902,4;902,2;3024,6;23,5;15,3;25,5;23,5;16,6;14,1;62;53;60;27;5,7;2,3;
2025/03/03;1500 UTC;0;901,7;902,2;901,7;3029,6;24,3;13,4;26,3;23,6;17,5;13,4;63;49;51;27;5,2;2,9;
2025/03/03;1600 UTC;0;901;901,7;901;3741,7;26,8;14,4;27,9;24,3;16,5;13,8;57;44;47;98;7,2;2,3;
2025/03/03;1700 UTC;0;900,3;901;900,3;2209,3;26,2;15,1;27,4;23,9;18,2;13,7;63;44;50;143;6,5;1,1;
2025/03/03;1800 UTC;0;900,8;900,9;900,3;502,3;21,3;16,5;26,2;21,2;16,9;14,7;76;50;74;21;8,4;1,5;
2025/03/03;1900 UTC;0;900,3;900,8;900,2;999,9;23,3;15,2;23,4;21,2;16,7;14,9;74;60;60;15;4,1;1,9;
2025/03/03;2000 UTC;0;900,6;900,6;900,2;828,1;22,2;15,2;24,1;21,7;15,6;13,8;65;56;64;351;5,3;1,8;
2025/03/03;2100 UTC;0;900,9;900,9;900,6;331,9;20,9;15,2;22,9;20,9;15,4;14,5;70;59;70;348;5;1;
2025/03/03;2200 UTC;0;901,5;901,5;900,9;3,2;20;16,4;20,9;19,8;16,4;15,1;80;70;80;31;2,6;,8;
2025/03/03;2300 UTC;0;902;902;901,5;;19,9;15,2;20;19,3;16,5;15,2;83;74;74;8;4,6;1,8;
2025/03/04;0000 UTC;0;902,4;902,4;902;;19,7;15,1;20,1;19,4;15,2;14,9;76;72;75;353;5;1,9;
2025/03/04;0100 UTC;0;902,4;902,5;902,4;;19,4;15,3;20;19,3;15,3;15,1;77;74;77;3;5,1;2,1;
2025/03/04;0200 UTC;0;902,3;902,5;902,3;;19,2;15;19,7;19;15,4;15;78;76;77;359;4,5;1,9;
2025/03/04;0300 UTC;0;901,9;902,3;901,9;;19,4;15;19,5;19,2;15;14,8;77;75;76;23;5,5;1,5;
2025/03/04;0400 UTC;0;901,3;901,9;901,3;;19;14,5;19,4;18,6;15;14,5;78;75;75;34;4,5;1,6;
2025/03/04;0500 UTC;0;901;901,3;901;;18,4;14,1;19,1;18,4;14,5;14;76;72;76;34;6,1;1,3;
2025/03/04;0600 UTC;0;900,8;901,1;900,8;;17,9;14;18,5;17,9;14,2;13,9;78;75;78;360;4,3;1,8;
2025/03/04;0700 UTC;0;900,8;900,9;900,7;;18,6;14,6;18,7;17,7;14,6;13,9;80;77;78;64;4,2;1,7;
2025/03/04;0800 UTC;0;901,2;901,2;900,8;;18,2;14;18,6;18,2;14,9;14;81;76;77;13;5,4;2,1;
2025/03/04;0900 UTC;0;901,5;901,6;901,2;2,4;18;13,9;18,2;17,6;14,4;13,9;80;77;77;20;5;2,3;
2025/03/04;1000 UTC;0;901,9;901,9;901,5;158,4;18,8;14,2;18,8;17,9;14,3;13,7;78;74;75;36;5;1,7;
2025/03/04;1100 UTC;0;902,4;902,4;901,9;809,1;20;14,1;20,7;18,8;15,1;13,8;75;68;69;21;7;2,1;
2025/03/04;1200 UTC;0;902,8;902,8;902,4;1535,2;22,1;15,6;22,1;20;15,6;13,8;71;64;66;71;5,5;2,7;
2025/03/04;1300 UTC;0;902,7;902,9;902,7;2629,7;22,7;14,5;23,1;21,6;15,6;13,1;66;56;60;41;7;1,8;
2025/03/04;1400 UTC;0;902,8;902,8;902,5;1285,2;20;14,3;23,2;19,9;15;13,3;71;56;70;75;8,1;3,7;
2025/03/04;1500 UTC;0;902;902,8;902;2625,5;22,7;14,5;23,2;19,9;16,1;14,1;71;59;60;295;7,9;2,9;
2025/03/04;1600 UTC;0;901,4;902;901,3;1437,7;21,3;15,7;23,3;21,2;15,7;13,7;71;56;71;94;6,2;3,1;
2025/03/04;1700 UTC;0;900,9;901,4;900,9;1369,9;21,5;15,3;21,9;20,8;16;14,8;72;66;68;41;6,6;1,8;
2025/03/04;1800 UTC;0;900,4;900,9;900,4;1619,8;23,3;13,7;23,9;21,4;15;12,7;68;51;55;8;3,7;1,6;
2025/03/04;1900 UTC;0;900,1;900,4;900,1;1140,1;22,7;14,5;23,6;22,3;15,2;13,3;61;54;60;327;4,9;1,8;
2025/03/04;2000 UTC;0;899,9;900,1;899,8;778,3;23;14;23,2;22,6;15,2;13,6;61;56;57;343;3,5;1,1;
2025/03/04;2100 UTC;0;900,1;900,1;899,8;197,7;21,2;15,9;23,3;21,2;15,9;13,9;72;56;72;78;4,1;2,3;
2025/03/04;2200 UTC;0;900,5;900,5;900,1;2;20,4;15,3;21,2;20,3;16;15,1;74;71;73;46;5,4;1,8;
2025/03/04;2300 UTC;0;901,2;901,2;900,5;;19,3;16,1;20,4;19,3;16,1;15,2;82;73;82;61;4,2;2,2;
2025/03/05;0000 UTC;,4;901,7;901,7;901,2;;18,2;15,7;19,3;18,2;16,1;15,3;86;82;85;347;5,1;1,8;
2025/03/05;0100 UTC;,2;901,7;901,7;901,6;;18,3;15,6;18,4;18,1;15,7;15,4;86;83;84;27;4,1;1,5;
2025/03/05;0200 UTC;0;901,6;901,8;901,6;;17,6;14,9;18,3;17,2;15,6;14,9;87;84;84;352;3,7;1,6;
2025/03/05;0300 UTC;0;901,5;901,7;901,5;;17,6;14,8;17,9;17,3;15,1;14,6;85;82;83;354;4,4;2;
2025/03/05;0400 UTC;0;901,2;901,5;901,2;;16,9;13,7;17,9;16,8;14,9;13,7;83;80;82;352;5;1,9;
2025/03/05;0500 UTC;0;900,9;901,2;900,9;;17,3;13,1;17,8;16,7;13,8;12,8;82;75;76;17;5,4;2,6;
2025/03/05;0600 UTC;0;900,7;900,9;900,7;;16,3;13,5;17,3;16,1;14;13,1;85;76;84;16;5,1;1,8;
2025/03/05;0700 UTC;0;901;901;900,7;;17;13,9;17,9;16;14,1;13,3;86;78;82;37;5,3;1,7;
2025/03/05;0800 UTC;0;901,4;901,4;900,9;;15,5;13;17;15,5;14,2;12,9;87;82;85;51;4,6;1,3;
2025/03/05;0900 UTC;0;901,7;901,8;901,4;1,7;17,1;13,9;17,1;15,5;14;12,9;86;80;82;8;5;2;
2025/03/05;1000 UTC;0;902,2;902,2;901,7;224,2;18,7;14,8;18,7;17,1;15;13,9;82;78;78;29;5,8;2,2;
2025/03/05;1100 UTC;0;902,8;902,8;902,2;860,5;20,1;14,2;20,2;18,2;15,8;14;83;69;69;28;6,3;2,4;
2025/03/05;1200 UTC;0;903,1;903,1;902,8;2420,7;22,2;15,4;22,4;20,1;16;14,1;71;62;65;49;7,2;2,3;
2025/03/05;1300 UTC;0;903,2;903,2;903;3023,6;22,7;13,4;23,7;21,2;16,1;13,1;67;53;56;78;6,2;2,2;
2025/03/05;1400 UTC;0;902,7;903,2;902,7;3450,6;24,8;14,7;25,2;22,4;16,4;12,9;62;51;54;68;7,1;3;
2025/03/05;1500 UTC;0;902,3;902,7;902,3;3525,8;25,2;14,7;26,5;23,3;16,2;12,5;56;45;52;13;6,5;1,8;
2025/03/05;1600 UTC;0;901,6;902,3;901,5;4096,7;26,8;13,4;27,6;24,7;16,1;12;53;41;44;65;6,1;2;
2025/03/05;1700 UTC;0;901;901,6;901;3041,6;27;12,5;27;24,9;14,2;10,8;48;39;41;33;5,5;1,8;
2025/03/05;1800 UTC;0;900,6;901;900,6;1766,3;27,5;14,4;27,6;24,6;15,3;10,8;55;39;45;302;4,9;,8;
2025/03/05;1900 UTC;0;900,3;900,6;900,3;1665,1;24,6;14,8;27,7;24,6;16,5;11,5;59;39;55;224;4,7;1,8;
2025/03/05;2000 UTC;0;900,2;900,3;900,1;1114;25,3;12,9;25,6;23,1;17;12,8;68;46;46;87;4,9;2,3;
2025/03/05;2100 UTC;0;900,6;900,6;900,2;236,4;22;15;25,3;21,6;15,7;12,4;69;45;65;64;4,9;1,6;
2025/03/05;2200 UTC;0;901;901;900,6;2,9;19,3;15,2;22,1;19,3;15,6;14,8;77;63;77;342;3,5;1,6;
2025/03/05;2300 UTC;0;901,5;901,5;901;;19;14,6;19,7;18,6;15,1;14,6;79;74;76;357;4,5;2,1;
2025/03/06;0000 UTC;0;901,9;901,9;901,5;;17,7;14,5;18,9;17,4;14,7;14;82;76;82;1;4,1;1,3;
2025/03/06;0100 UTC;0;902;902;901,8;;16,7;14,2;17,8;16,6;14,5;13,7;85;80;85;283;3,5;1,4;
2025/03/06;0200 UTC;0;901,9;902,1;901,9;;15,2;13,2;16,8;15,2;14,5;13,2;89;84;88;92;3,1;1,1;
2025/03/06;0300 UTC;0;902;902,1;901,9;;14;12,4;15,2;14;13,4;12,4;91;88;90;19;2,3;,9;
2025/03/06;0400 UTC;0;901,8;902;901,8;;13,3;11,9;14,2;13,2;12,8;11,8;91;90;91;325;1,9;,4;
2025/03/06;0500 UTC;0;901,4;901,8;901,4;;12,9;11,3;13,4;12,6;12,1;11,2;92;90;90;90;3,2;,6;
2025/03/06;0600 UTC;0;901,3;901,5;901,3;;12,3;10,9;13,2;12,2;11,6;10,7;91;90;91;331;2;,6;
2025/03/06;0700 UTC;0;901,5;901,5;901,2;;12,8;11,5;13;12,2;11,7;10,7;92;91;92;7;1,9;,9;
2025/03/06;0800 UTC;0;902;902;901,5;;13,5;12,2;13,5;12,7;12,2;11,4;92;91;92;301;1,8;,3;
2025/03/06;0900 UTC;0;902,2;902,2;902;8,5;13,4;12,2;13,6;13,4;12,4;12,1;92;92;92;239;,9;,4;
2025/03/06;1000 UTC;0;902,8;902,8;902,2;326,4;15,5;14,3;15,5;13,4;14,4;12,2;94;91;92;143;2,1;,8;
2025/03/06;1100 UTC;0;903;903;902,8;1279,9;19;13,3;19;15,5;15,2;12,9;92;70;70;207;3,1;1,8;
2025/03/06;1200 UTC;0;903,2;903,2;903;2215,3;23,1;13,7;23,6;19;15;12,8;73;55;56;201;3,1;1,5;
2025/03/06;1300 UTC;0;903,3;903,3;903,2;2952,5;23,1;14,9;25,2;22,8;15,8;13,4;61;51;60;210;4,6;2,4;
2025/03/06;1400 UTC;0;903,3;903,4;903,2;1572,7;22,9;15,9;24,2;22,6;16,9;14,3;65;56;65;233;5,8;2,9;
2025/03/06;1500 UTC;0;903;903,3;902,9;2213,3;23,3;16,3;24;22,8;17,3;15,5;68;62;64;243;6,9;3;
2025/03/06;1600 UTC;0;902,5;903,1;902,5;1961,1;24,3;16,6;25,2;22,8;17,5;15,4;68;58;62;245;6,4;3,1;
2025/03/06;1700 UTC;0;902,1;902,6;902,1;2337,1;24;15,8;25,4;23,4;17,5;15,5;65;58;60;240;7,1;3,6;
2025/03/06;1800 UTC;0;901,9;902,1;901,9;2414,3;24,5;16,1;25,6;23,8;17,4;15,3;62;56;59;232;7,1;2,6;
2025/03/06;1900 UTC;0;902;902;901,8;995,8;23,3;16,5;24,6;23,3;16,7;15,5;66;59;65;221;7;3,5;
2025/03/06;2000 UTC;0;902,1;902,1;902;1579,8;23,5;16,5;24,5;23,3;16,9;16,1;66;61;65;218;7;3,2;
2025/03/06;2100 UTC;0;902,5;902,5;902;466,3;21,7;17,3;23,6;21,7;17,3;16,4;76;65;76;211;6,2;2,2;
2025/03/06;2200 UTC;0;902,9;902,9;902,5;1,8;19,8;16,7;21,7;19,8;17,4;16,7;83;76;82;252;3,9;1,9;
2025/03/06;2300 UTC;0;903,3;903,4;902,9;;19,5;17,2;19,8;18,6;17,2;15,4;87;81;87;252;4;2;
2025/03/07;0000 UTC;0;903,7;903,7;903,3;;17,4;15,3;19,5;17,3;17,3;15,2;87;85;87;343;4;,5;
2025/03/07;0100 UTC;0;903,5;903,7;903,5;;18,1;16,4;18,1;16,9;16,5;14,9;91;87;90;226;3,5;2;
2025/03/07;0200 UTC;0;903,5;903,6;903,5;;17;15,3;18,1;17;16,4;15,3;90;89;90;276;3,9;,3;
2025/03/07;0300 UTC;0;903,3;903,6;903,3;;16,5;15;17;16;15,4;14,3;92;90;91;218;2,2;,7;
2025/03/07;0400 UTC;0;903;903,3;903;;16,5;15,1;16,9;15,9;15,4;14,3;91;90;91;196;3,4;1,5;
2025/03/07;0500 UTC;0;902,3;903;902,3;;16,1;14,7;16,5;15,9;15;14,4;91;90;91;302;3,4;,3;
2025/03/07;0600 UTC;0;902,2;902,4;902,2;;15,6;14,3;16,2;15,4;14,8;14;92;91;92;254;2,3;1;
2025/03/07;0700 UTC;,2;902,3;902,3;902;;14,7;13,3;15,6;14,7;14,3;13,3;92;91;91;27;2,3;,7;
2025/03/07;0800 UTC;0;902,5;902,6;902,3;;14,1;12,8;14,8;13,9;13,4;12,6;92;91;92;282;2,1;,7;
2025/03/07;0900 UTC;0;902,9;902,9;902,5;6,6;14,9;13,9;14,9;14;13,9;13,1;94;92;94;314;1,9;,5;
2025/03/07;1000 UTC;0;902,9;903;902,9;322;17;16;17;14,9;16;14;94;94;94;77;1,9;1;
2025/03/07;1100 UTC;0;903,2;903,2;902,9;1347;21,6;15;21,6;17;16,6;14,3;94;65;66;192;3,2;1,4;
2025/03/07;1200 UTC;0;903,5;903,6;903,2;2001,4;22,5;14,7;22,8;21,1;15,9;14,2;69;60;61;252;7,5;2,3;
2025/03/07;1300 UTC;0;903,4;903,6;903,3;2563;24,6;14,2;24,8;22,3;15,6;13,4;63;52;52;238;7,9;1,9;
2025/03/07;1400 UTC;0;903,2;903,4;903,2;2626;25;13,8;26,3;23,4;16,5;13,3;59;49;50;191;5,3;2,3;
2025/03/07;1500 UTC;0;902,8;903,2;902,8;2218,2;24,3;14,6;26,4;23,6;17,8;13,5;63;47;55;253;6,9;2,5;
2025/03/07;1600 UTC;0;902,4;902,8;902,4;1902,5;24,3;16,5;25,4;23,9;17,4;14,9;64;55;62;238;6,2;2,7;
2025/03/07;1700 UTC;0;901,8;902,4;901,8;2462,8;25;17;25,1;23,8;18,1;16,3;67;61;61;247;7,3;3,3;
2025/03/07;1800 UTC;0;901,5;901,9;901,5;3004,9;24,2;15,7;25,4;23,8;17,7;15,5;64;58;59;244;7,6;4,3;
2025/03/07;1900 UTC;0;901,2;901,5;901,2;2440,3;23,8;16,6;25,5;23,8;16,9;15,5;65;56;64;220;7,7;3,8;
2025/03/07;2000 UTC;0;901,2;901,3;901,1;1173,9;22,3;17,8;23,9;22,3;17,8;16,3;76;64;76;234;7,8;2,7;
2025/03/07;2100 UTC;0;901,5;901,5;901,2;198,8;21,2;17,5;22,3;21,2;17,9;17,4;81;75;79;239;5,1;1,7;
2025/03/07;2200 UTC;0;901,8;901,8;901,5;3,4;20,2;17,3;21,2;20,2;17,5;17,2;84;79;84;255;4,2;1,6;
2025/03/07;2300 UTC;0;902;902;901,8;;18,7;16,3;20,2;18,6;17,4;16,2;87;84;86;270;3,4;1,3;
2025/03/08;0000 UTC;0;902,6;902,6;902;;17,6;15,9;19;17,5;16,5;15,6;90;85;90;231;2,6;,4;
2025/03/08;0100 UTC;0;902,5;902,6;902,5;;17,2;15,6;17,7;16,9;16,2;15,1;91;89;90;221;3,6;1,1;
2025/03/08;0200 UTC;0;902,3;902,5;902,3;;16,3;14,8;17,2;15,6;15,6;14;92;89;91;210;4;,4;
2025/03/08;0300 UTC;0;901,6;902,3;901,6;;15;13,5;16,4;14,8;15;13,2;91;90;91;279;2,5;,8;
2025/03/08;0400 UTC;0;901,3;901,6;901,3;;14,3;13,1;15,6;14,1;14,5;12,8;94;91;92;268;1,9;,4;
2025/03/08;0500 UTC;0;900,8;901,3;900,8;;14;13;14,7;13,8;13,8;12,7;94;92;93;260;1,7;,8;
2025/03/08;0600 UTC;0;900,5;900,8;900,5;;13,3;12,4;14,1;13,2;13,1;12,3;94;93;94;9;2,1;,3;
2025/03/08;0700 UTC;,2;900,2;900,5;900,2;;12,8;11,9;13,3;12,8;12,4;11,9;95;94;95;249;1,2;,4;
2025/03/08;0800 UTC;0;900,6;900,6;900,2;;12,3;11,5;12,9;12,3;12,1;11,5;95;95;95;294;,9;,4;
2025/03/08;0900 UTC;0;900,9;900,9;900,6;2,6;12,2;11,3;12,6;11,9;11,7;11,1;95;95;95;145;1,3;,3;
2025/03/08;1000 UTC;0;901,2;901,2;900,9;260,5;13,7;12,9;13,7;12;12,9;11,2;95;95;95;122;1,3;,6;
2025/03/08;1100 UTC;0;901,6;901,6;901,2;1212,5;18;15,7;18,1;13,7;16,6;12,9;95;86;86;112;1,5;,7;
2025/03/08;1200 UTC;0;901,4;901,6;901,4;1951,5;22,9;15,7;22,9;18;16,8;14,8;86;63;64;49;4,9;2,3;
2025/03/08;1300 UTC;0;901,2;901,5;901,2;2856,6;23,7;15;24,6;22,6;16,8;14,5;66;55;58;20;5,5;2,1;
2025/03/08;1400 UTC;0;901;901,2;901;1739,9;24;15,5;24,9;23,2;15,8;14,1;62;54;59;12;4,8;1,2;
2025/03/08;1500 UTC;0;900,8;901;900,8;1234,1;24,2;16;24,7;23,5;16,3;14,4;61;55;60;104;3,7;1,7;
2025/03/08;1600 UTC;0;900,3;900,8;900,3;1771,9;24,3;17,4;24,4;23,1;17,9;15,6;71;59;65;218;4,4;1,9;
2025/03/08;1700 UTC;0;899,8;900,3;899,8;2179,4;24,4;17,5;25,4;23,1;18;16;71;58;65;223;5,1;2,3;
2025/03/08;1800 UTC;0;899,5;899,8;899,5;1565,9;23,2;16,6;25,1;23,1;17,7;15,9;67;60;66;249;5,8;2,4;
2025/03/08;1900 UTC;0;899,2;899,5;899,2;665;22,9;15,9;23,4;22,9;16,9;15,5;67;63;65;234;5;2;
2025/03/08;2000 UTC;0;899,1;899,3;899;774,2;22,8;15,9;24;22,8;16,9;15,6;66;62;65;223;6,1;2,7;
2025/03/08;2100 UTC;0;899,4;899,4;899,1;178,6;21,3;17,6;22,8;21,3;17,6;15,6;79;65;79;225;6;2,5;
2025/03/08;2200 UTC;0;899,9;899,9;899,4;1,5;20,5;18,1;21,3;20,5;18,1;17,6;86;79;86;229;4,9;2,5;
2025/03/08;2300 UTC;0;900,3;900,3;899,7;;20,1;17,9;20,5;20,1;18,1;17,8;87;86;87;169;4,3;,8;
2025/03/09;0000 UTC;0;900,5;900,5;900,2;;19,7;17,8;20,1;19,6;17,9;17,7;89;87;89;323;2,1;,6;
2025/03/09;0100 UTC;0;900,4;900,6;900,4;;19,2;17,3;19,7;19,2;17,8;17,3;90;89;89;110;1,9;,4;
2025/03/09;0200 UTC;0;900,1;900,4;900,1;;18,6;16,9;19,2;18,6;17,3;16,9;90;89;90;261;1,4;,8;
2025/03/09;0300 UTC;0;899,6;900,1;899,6;;17,9;16,3;18,7;17,8;17;16,2;90;89;90;259;2,5;,8;
2025/03/09;0400 UTC;0;899,2;899,6;899,2;;16,7;15,3;17,9;16,7;16,3;15,2;91;90;91;329;1,2;,4;
2025/03/09;0500 UTC;0;898,7;899,2;898,7;;16;14,8;16,7;16;15,3;14,8;93;91;93;51;1,2;,2;
2025/03/09;0600 UTC;0;898,5;898,7;898,5;;16;15;16;15,4;15;14,3;94;92;94;356;1,7;1;
2025/03/09;0700 UTC;0;898,6;898,6;898,4;;16,9;15,7;16,9;15,9;15,7;15;94;93;93;60;1,9;,8;
2025/03/09;0800 UTC;0;899;899;898,6;,2;17,6;16,4;17,7;16,7;16,6;15,3;93;91;93;57;4,5;1,6;
2025/03/09;0900 UTC;0;899,1;899,2;899;2,6;17,7;16,1;17,7;17,4;16,5;16;93;90;90;19;4,1;1,6;
2025/03/09;1000 UTC;0;899,3;899,3;899;360,2;18,8;16,2;19;17,6;16,6;15,9;90;85;85;47;4,5;1,7;
2025/03/09;1100 UTC;0;899,2;899,4;899,2;1278,6;21,3;15,7;21,5;18,8;16,4;15,6;85;70;70;86;6,3;3,8;
2025/03/09;1200 UTC;0;899,2;899,3;899,1;2103,9;23,1;15,2;23,3;21,3;16,3;14,8;71;60;61;95;7,5;4,4;
2025/03/09;1300 UTC;0;898,9;899,3;898,9;2749,9;24,3;16,1;24,7;23,1;16,4;15;63;56;60;84;7,5;3,8;
2025/03/09;1400 UTC;0;898,5;899;898,5;3431,6;25,6;15,4;26,1;24;17,1;15,4;62;53;53;72;7,3;3,3;
2025/03/09;1500 UTC;0;897,9;898,5;897,9;3803,6;26,2;16,1;27;25,3;17;15,3;58;51;54;89;7,7;3,7;
2025/03/09;1600 UTC;0;897,1;897,9;897;2895,6;26,7;16,7;27,3;25,1;17,1;15;58;50;54;83;8,7;3,6;
2025/03/09;1700 UTC;0;896,5;897,1;896,5;1860,4;26,8;15,4;27,1;25,9;16,9;14,8;56;49;50;55;7,1;2,1;
2025/03/09;1800 UTC;0;896;896,5;896;764,9;26,1;15,8;27;25,7;16,4;15;55;50;53;83;5,5;1,1;
2025/03/09;1900 UTC;0;895,8;896,1;895,8;492,6;24,2;18,6;26,4;23,9;19,1;15,9;74;53;71;304;2,3;,9;
2025/03/09;2000 UTC;0;895,8;895,9;895,7;248,7;22,7;18,1;24,7;22,5;19,1;17,6;76;65;75;346;2,3;1,2;
2025/03/09;2100 UTC;3,4;896,7;897;895,8;98,3;19,1;16,8;23;19;18,3;14,7;87;59;87;323;6,5;1,6;
2025/03/09;2200 UTC;1;897,2;897,4;896,7;;18,4;16,5;19,2;18,4;17,1;16,4;89;86;88;47;3,7;1,6;
2025/03/09;2300 UTC;0;897,8;897,9;897;;18,4;16,8;18,6;18,3;17;16,4;91;88;90;247;2,7;1,1;
2025/03/10;0000 UTC;0;898,1;898,1;897,7;;18,3;16,9;18,4;18,1;17;16,6;92;90;92;183;2,2;,6;
2025/03/10;0100 UTC;,2;898,4;898,5;898,1;;18,3;17,2;18,5;18,3;17,4;16,9;94;92;93;288;1,6;,4;
2025/03/10;0200 UTC;0;898,5;898,9;898,4;;19;15,9;19,2;18,3;17,6;15,9;94;82;82;86;5,8;2,9;
2025/03/10;0300 UTC;0;897,8;898,5;897,8;,2;18;15,7;19,1;17,8;15,8;14,9;87;78;86;321;6,8;1,8;
2025/03/10;0400 UTC;0;897,7;897,8;897,7;;17,5;15,7;18,1;17,4;15,7;15,4;89;85;89;286;3,9;,5;
2025/03/10;0500 UTC;0;897,6;897,9;897,6;;17;15,5;17,5;17;15,8;15,5;91;89;91;266;3,3;,5;
2025/03/10;0600 UTC;0;897,4;897,6;897,3;;16;14,7;17;16;15,5;14,6;92;91;92;333;2;1,1;
2025/03/10;0700 UTC;0;897,3;897,4;897,2;;16,1;14,9;16,2;15,9;14,9;14,5;92;92;92;38;2,5;,8;
2025/03/10;0800 UTC;0;897,1;897,5;897,1;;16,3;15,3;16,5;16,1;15,5;14,9;94;92;94;148;2,1;,2;
2025/03/10;0900 UTC;0;897,2;897,3;897,1;4,9;15,8;14,9;16,4;15,6;15,4;14,6;94;93;94;11;1,1;,4;
2025/03/10;1000 UTC;0;897,3;897,3;897,1;395,4;18,6;17,7;18,6;15,8;17,7;14,9;94;94;94;102;1,5;,5;
2025/03/10;1100 UTC;0;897,9;897,9;897,3;1235,2;22,4;15,2;22,5;18,6;17,9;14,8;94;63;64;89;6,5;2,5;
2025/03/10;1200 UTC;,2;897,9;898,1;897,9;1981,6;24,5;15,7;24,6;22,3;16;14,6;65;55;58;64;7,6;3,3;
2025/03/10;1300 UTC;0;897,7;897,9;897,6;2755,6;25,2;16;25,2;24,2;16,4;14,9;60;55;57;85;7,5;3,7;
2025/03/10;1400 UTC;0;897,7;897,8;897,6;3370,8;26,4;16,7;26,4;24,9;17,3;15,6;60;54;55;92;7,3;3,5;
2025/03/10;1500 UTC;0;897,4;897,7;897,3;3702,8;28,2;15,2;28,6;26;18,1;14,7;57;45;45;71;6,3;2,8;
2025/03/10;1600 UTC;0;896,7;897,4;896,7;3412,9;27,7;15,9;28,2;26;17,2;13,8;53;44;49;74;6,9;3,2;
2025/03/10;1700 UTC;0;896,5;896,7;896,4;2060,7;23,2;18,4;28,3;23,2;18,4;14,5;74;46;74;204;8,4;3,4;
2025/03/10;1800 UTC;0;896,4;896,6;896,3;1199,4;23,4;18,5;24,6;23;19,3;18,3;75;70;74;219;7,6;3,8;
2025/03/10;1900 UTC;0;896,2;896,4;895,9;755,7;22,5;18,7;23,4;22,4;18,9;18,3;80;73;79;195;7,9;3,2;
2025/03/10;2000 UTC;0;897,4;897,6;896,2;530;19,7;16;22,5;19,7;18,7;16;82;79;79;213;10,7;4;
2025/03/10;2100 UTC;0;897,9;898;897,1;400,8;20;18;20,6;19,6;18,3;15,9;88;79;88;235;9,8;3,5;
2025/03/10;2200 UTC;,4;898;898;897,8;1;19,6;17,7;20;19,5;18;17,4;89;87;89;214;8,3;3,5;
2025/03/10;2300 UTC;0;898,5;898,5;898;;19,1;17,3;19,6;19,1;17,7;17,3;89;89;89;206;8,4;3,7;
2025/03/11;0000 UTC;0;899,5;899,5;898,5;;19;16,8;19,1;18,9;17,3;16,8;89;87;87;228;6,9;3;
2025/03/11;0100 UTC;0;900,1;900,3;899,5;;18,9;16,8;19,1;18,9;16,9;16,8;87;86;87;234;5,6;1,4;
2025/03/11;0200 UTC;0;899,9;900,2;899,8;;18,8;16,7;19;18,8;16,8;16,6;88;87;88;224;3,7;,7;
2025/03/11;0300 UTC;0;899,3;899,9;899,3;;17,7;16,1;18,8;17,7;16,8;16,1;90;88;90;258;2,5;,8;
2025/03/11;0400 UTC;0;899,4;899,4;899,2;;16,9;15,4;17,7;16,9;16,2;15,4;92;90;91;235;2,4;,9;
2025/03/11;0500 UTC;0;899,3;899,4;899,2;;16,7;15,6;17,2;16,2;15,8;14,7;93;91;93;337;2,4;,9;
2025/03/11;0600 UTC;0;899;899,4;898,8;;16,4;15,4;16,7;16,3;15,8;15,3;94;93;94;358;1,5;,4;
2025/03/11;0700 UTC;0;898,8;899;898,8;;16,4;15,5;16,7;16,2;15,8;15,3;94;94;94;29;1,6;,8;
2025/03/11;0800 UTC;0;899,2;899,2;898,8;;17,8;16,9;17,8;16,4;16,9;15,5;94;94;94;36;3;1,2;
2025/03/11;0900 UTC;0;899,9;899,9;899,2;3,5;17,4;16,5;17,9;17,4;17;16,4;94;94;94;33;2,7;,8;
2025/03/11;1000 UTC;0;900,2;900,2;899,8;342;19,5;17,7;19,6;17,4;18,5;16,5;94;89;89;48;1,7;,7;
2025/03/11;1100 UTC;0;900,6;900,7;900,2;1055,5;21,7;16,8;21,8;19,3;17,7;16,7;89;74;74;84;5,2;2,3;
2025/03/11;1200 UTC;0;901;901,1;900,6;2156,8;24,2;16,8;24,2;21,6;17,7;16,5;75;63;64;70;6;2,3;
2025/03/11;1300 UTC;0;900,8;901;900,8;2566,9;25,8;16,5;25,9;24;17,5;15,9;65;57;57;45;6,5;2,7;
2025/03/11;1400 UTC;0;900,6;900,9;900,6;3299,1;26,5;15,4;27,1;24,9;17,5;15,4;62;51;51;69;7,4;3,2;
2025/03/11;1500 UTC;0;900,2;900,6;900,2;3727;28,2;16,9;28,2;26,1;17,4;14,6;56;46;50;81;6,4;3,2;
2025/03/11;1600 UTC;0;900;900,2;899,9;2194,4;22,2;17,7;28,6;22,2;19;15;79;46;75;226;8;4,3;
2025/03/11;1700 UTC;2,4;899,8;900;899,8;473,1;19,4;16,8;22,2;19,1;17,3;14,7;85;66;85;216;11,5;2,5;
2025/03/11;1800 UTC;,6;899;899,9;899;931,3;21,2;18;21,9;19,4;19,2;16,8;87;81;82;230;4,8;1,4;
2025/03/11;1900 UTC;0;898,9;899,2;898,6;613,8;21,4;18,8;22,1;21,1;19,2;17,9;85;81;85;318;3;1,9;
2025/03/11;2000 UTC;0;899,4;899,6;898,9;161,7;21;19;21,5;20,9;19,1;18,8;89;85;89;259;2,8;,8;
2025/03/11;2100 UTC;0;899,4;899,6;899,3;14,9;20,3;18,7;21;20,3;19,1;18,7;91;89;90;210;2,3;,5;
2025/03/11;2200 UTC;0;899,8;899,8;899,4;;19,9;18,4;20,3;19,8;18,8;18,4;92;90;91;248;2,3;,9;
2025/03/11;2300 UTC;0;900,3;900,3;899,8;;19,9;18,5;19,9;19,5;18,6;18,1;92;91;92;208;3;2;
2025/03/12;0000 UTC;0;901,1;901,1;900,3;;19,4;18,1;19,9;19,2;18,5;17,7;92;91;92;293;3;,7;
2025/03/12;0100 UTC;0;901,5;901,5;901,1;;19,5;18,5;19,7;19,2;18,5;18;94;92;94;198;3;1,7;
2025/03/12;0200 UTC;0;901,5;901,7;901,5;;19,4;18,4;19,7;19,4;18,6;18,4;94;94;94;245;3,2;1;
2025/03/12;0300 UTC;0;901,1;901,6;901,1;;19,3;18,3;19,5;19,1;18,5;18,1;94;94;94;344;2,9;1,4;
2025/03/12;0400 UTC;0;901;901,1;900,9;;18;16,9;19,3;18;18,3;16,9;94;93;94;43;2,9;,4;
2025/03/12;0500 UTC;0;900,5;901;900,5;;17,6;16,7;18,2;17,4;17,2;16,5;94;94;94;30;1,5;,3;
2025/03/12;0600 UTC;,2;900,2;900,5;900,1;;17;16,1;17,7;17;16,7;16,1;94;94;94;20;1,3;,6;
2025/03/12;0700 UTC;0;900,2;900,2;900,1;;17,3;16,4;17,4;16,8;16,5;15,9;95;94;94;113;2;,2;
2025/03/12;0800 UTC;0;900,2;900,2;900;;17,1;16,2;17,5;16,8;16,6;16;95;94;95;243;1,4;,4;
2025/03/12;0900 UTC;0;900,4;900,4;900,2;1,4;16,6;15,8;17,1;16,6;16,2;15,8;95;95;95;27;,9;,4;
2025/03/12;1000 UTC;0;900,9;900,9;900,4;167,8;18;17,1;18;16,5;17,1;15,7;95;95;95;92;1,4;,4;
2025/03/12;1100 UTC;0;901,5;901,6;900,9;1134;21,1;18,6;21,3;18;20;17,2;95;86;86;53;3,6;1,8;
2025/03/12;1200 UTC;0;901,6;901,7;901,5;2111,5;23,8;18,1;23,9;21,1;19;17,6;86;69;71;83;5;3;
2025/03/12;1300 UTC;0;901,6;901,7;901,6;2619,2;24,9;18;26;23,8;18,9;16,9;72;62;66;17;6,4;2,9;
2025/03/12;1400 UTC;0;901,2;901,6;901,1;2348,7;26,9;17,4;26,9;24,2;18,8;15,8;66;53;56;62;6,4;2,5;
2025/03/12;1500 UTC;0;900,6;901,2;900,6;3420,3;27;16,1;27,8;26,1;18,7;15,4;59;49;51;46;6,2;2,6;
2025/03/12;1600 UTC;0;899,7;900,6;899,7;3711,6;27,6;17,3;28,2;26,9;17,4;15,4;54;48;53;63;5,9;2,7;
2025/03/12;1700 UTC;0;899,1;899,7;899,1;2907;27,3;16,2;28,8;27,3;18,3;16;54;48;51;72;6,3;2,4;
2025/03/12;1800 UTC;0;898,7;899,1;898,7;1378,7;26;16,8;27,9;26;17,2;14,4;57;45;57;120;6,2;2,6;
2025/03/12;1900 UTC;1,6;898,9;898,9;898,6;442,3;22,2;19,6;26;22,2;19,8;16,2;85;56;85;263;6,4;,7;
2025/03/12;2000 UTC;,6;898,6;899;898,5;506,3;21,8;19,5;22,4;21,7;19,8;19,1;87;83;87;270;3;1,3;
2025/03/12;2100 UTC;0;899,3;899,4;898,6;85;21,1;19,2;22;21,1;19,8;19,2;89;86;89;237;2,6;1,4;
2025/03/12;2200 UTC;,4;899,3;899,4;899,2;;20,6;18,8;21,1;20,6;19,2;18,8;90;89;90;285;3,1;,9;
2025/03/12;2300 UTC;0;899,6;899,6;899,3;;20,2;18,6;20,6;20,2;18,9;18,6;91;90;91;258;2,2;,9;
2025/03/13;0000 UTC;0;900,3;900,3;899,6;;19,9;18,6;20,2;19,9;18,6;18,4;92;91;92;263;2,2;1,1;
2025/03/13;0100 UTC;0;900,1;900,4;900,1;;19,4;18,3;19,9;19,4;18,9;18,3;94;92;93;34;1,9;,9;
2025/03/13;0200 UTC;0;900;900,1;900;;19,1;18,1;19,5;18,9;18,5;17,9;94;93;94;282;1,5;,9;
2025/03/13;0300 UTC;0;899,3;900;899,3;;18,6;17,7;19,2;18,5;18,2;17,5;94;94;94;26;1,7;,4;
2025/03/13;0400 UTC;0;898,5;899,4;898,5;;18,4;17,4;18,7;18,4;17,7;17,4;94;94;94;358;1,9;,6;
2025/03/13;0500 UTC;0;898,1;898,5;898,1;;18,5;17,6;18,5;18,3;17,6;17,4;94;94;94;340;1,6;,8;
2025/03/13;0600 UTC;0;897,9;898,1;897,9;;18,2;17,3;18,6;18,1;17,7;17,2;94;94;94;2;1,8;1,2;
2025/03/13;0700 UTC;0;897,8;897,9;897,6;;18,5;17,6;18,7;17,9;17,8;17;95;94;95;3;3,1;1,6;
2025/03/13;0800 UTC;,2;897,9;897,9;897,8;;17,6;16,7;18,5;17,5;17,6;16,6;95;94;95;356;3,1;1;
2025/03/13;0900 UTC;0;898,4;898,4;897,9;,9;17,2;16,4;17,6;17,1;16,7;16,2;95;95;95;352;1,7;,6;
2025/03/13;1000 UTC;0;898,6;898,6;898,4;306,4;19,1;18,2;19,2;16,9;18,3;16,1;95;94;95;28;3;1,1;
2025/03/13;1100 UTC;0;898,9;898,9;898,6;1174,9;22,4;16,4;22,4;19,1;19,1;15,8;95;68;69;86;4,7;2,6;
2025/03/13;1200 UTC;0;899,2;899,2;898,8;2150,7;24,1;17,1;24,6;22,4;17,7;15,5;69;59;65;62;6,4;2,8;
2025/03/13;1300 UTC;0;899,2;899,3;899,2;2880,8;24,9;17,9;25,6;24;18,5;17,3;69;63;65;76;7;3,1;
2025/03/13;1400 UTC;0;898,9;899,2;898,9;2958,9;25,5;17,6;25,9;24,6;18,8;17,6;68;62;62;80;7;3,5;
2025/03/13;1500 UTC;0;898;898,9;898;3512;27,1;17,3;27,2;25,5;18,8;17;65;54;55;78;7,7;3,7;
2025/03/13;1600 UTC;0;897,6;898;897,6;2109,8;26,7;16,6;28;26,5;17,8;15,8;57;50;54;89;7,7;3;
2025/03/13;1700 UTC;0;896,9;897,6;896,9;999,4;25,8;19,3;27;25,8;19,5;15,8;68;51;67;194;7,3;2,9;
2025/03/13;1800 UTC;0;896,3;896,9;896,2;1552,4;25,8;19,1;26,6;25,4;20,3;18,9;71;66;67;258;7,3;2,6;
2025/03/13;1900 UTC;0;896,3;896,3;895,9;454,7;22,6;18,2;25,8;22,6;20,3;17,4;77;66;76;261;6,4;2,7;
2025/03/13;2000 UTC;0;897,4;897,4;895,9;359,6;20,5;15,5;22,9;20,5;18,7;15,2;80;70;73;201;9,1;2,6;
2025/03/13;2100 UTC;0;897,9;897,9;897,1;25,8;19,6;16,7;20,5;19,6;16,7;15,5;83;73;83;5;4,7;1;
2025/03/13;2200 UTC;1,6;898,3;898,4;897,7;;18,9;17,1;19,7;18,9;17,1;16,6;89;83;89;53;4,2;1;
2025/03/13;2300 UTC;2,2;898,5;898,6;898,2;;18,8;17,2;18,9;18,6;17,2;17;91;89;90;295;2,5;,7;
2025/03/14;0000 UTC;,4;898,7;898,7;898,5;;18,5;17;18,8;18,5;17,2;16,9;91;90;91;312;2,7;,8;
2025/03/14;0100 UTC;0;898,4;898,8;898,4;;18,3;16,9;18,7;18,3;17,2;16,8;92;91;91;246;2,2;,6;
2025/03/14;0200 UTC;0;897,9;898,4;897,9;;18;16,7;18,3;18;17;16,7;93;91;92;238;1,9;,6;
2025/03/14;0300 UTC;0;897,8;897,9;897,7;;17,9;16,9;18,1;17,9;17;16,7;94;92;94;257;1,8;,6;
2025/03/14;0400 UTC;0;897,2;897,8;897,2;;17,6;16,6;18,1;17,6;17,1;16,6;94;94;94;303;1,5;,8;
2025/03/14;0500 UTC;,2;896,3;897,2;896,3;;17,1;16,1;17,6;17;16,7;16,1;94;94;94;221;1,7;,4;
2025/03/14;0600 UTC;0;896,3;896,3;896,1;;16,9;16;17,1;16,8;16,2;15,9;94;94;94;237;,8;,2;
2025/03/14;0700 UTC;0;896,4;896,5;896,3;;17,4;16,5;17,4;17;16,5;16,1;94;94;94;13;1,2;,5;
2025/03/14;0800 UTC;0;896,6;896,6;896,4;;17,4;16,5;17,5;17,3;16,6;16,4;95;94;95;331;1,6;,6;
2025/03/14;0900 UTC;1,4;896,7;896,8;896,5;2,5;17,2;16,4;17,6;17,2;16,7;16,4;95;95;95;178;1,7;,4;
2025/03/14;1000 UTC;,2;897,1;897,1;896,7;205,5;18,1;17,2;18,1;17,2;17,2;16,3;95;95;95;173;1,1;,5;
2025/03/14;1100 UTC;0;897,4;897,4;897,1;917,6;20,5;18,1;20,6;18,1;19,5;17,2;95;86;86;46;2,6;1,2;
2025/03/14;1200 UTC;0;897,8;897,9;897,4;1811,8;23,8;18,4;24;20,5;19,3;17,3;87;68;72;75;6,1;2,9;
2025/03/14;1300 UTC;0;897,9;898;897,7;2258,9;24,7;17,5;25,2;23,7;18,6;16,6;72;60;64;53;6,7;3;
2025/03/14;1400 UTC;0;897,4;897,9;897,4;2128,5;25,6;18;25,6;24,4;18,8;17;68;62;63;64;6;2,5;
2025/03/14;1500 UTC;0;896,7;897,4;896,7;3438,1;26,4;17,4;27,2;25,2;19,4;17,1;66;57;58;71;7,3;3,1;
2025/03/14;1600 UTC;0;896,1;896,7;896,1;3258,2;27,4;16,6;28;26,2;18,7;16,1;61;51;52;71;6,6;2,5;
2025/03/14;1700 UTC;0;895,8;896,2;895,8;1594,4;24,5;20;27,8;23,6;20,3;16,3;80;51;76;220;8,4;2,4;
2025/03/14;1800 UTC;0;895,5;895,8;895,4;2191,8;23,5;20,2;25,9;23,4;20,7;19;81;69;81;228;6,9;3,6;
2025/03/14;1900 UTC;0;895,7;895,7;895,4;1029,9;22,8;19,7;23,6;22,7;20,4;19,5;84;80;83;240;7,5;2,8;
2025/03/14;2000 UTC;0;896,2;896,3;895,7;496,9;22,3;19,3;23;22,2;19,8;19,2;84;81;83;246;7;3,4;
2025/03/14;2100 UTC;0;896,5;896,7;896,2;123,8;21,6;19;22,3;21,6;19,3;18,9;85;83;85;201;7,5;3,4;
2025/03/14;2200 UTC;14,4;897,5;897,5;896,5;,9;20,2;18,6;21,6;20,2;19,3;18,6;91;85;91;203;7,9;2,4;
2025/03/14;2300 UTC;,2;897,9;897,9;897,5;;19,7;18,2;20,2;19,6;18,6;18;91;90;91;213;7,5;3,2;
2025/03/15;0000 UTC;0;898,7;898,7;897,9;;19,3;17,7;19,7;19,3;18,2;17,7;91;90;91;221;6,1;2,2;
2025/03/15;0100 UTC;0;898,8;898,8;898,3;;18,9;17,3;19,3;18,8;17,8;17,2;91;90;90;212;6,5;2,9;
2025/03/15;0200 UTC;0;898,6;898,9;898,5;,1;18,8;17;19;18,7;17,4;17;91;89;90;222;5,7;2,4;
2025/03/15;0300 UTC;0;898,5;898,7;898,5;;18,7;17;18,8;18,6;17,1;16,8;90;89;90;311;5,5;,6;
2025/03/15;0400 UTC;0;898,1;898,5;897,9;;18,2;16,7;18,7;18;17;16,4;91;90;91;220;3,1;,8;
2025/03/15;0500 UTC;0;897,6;898,1;897,6;;18,2;17;18,3;18;17,1;16,6;93;91;92;273;2,1;1,1;
2025/03/15;0600 UTC;0;897,3;897,6;897,3;;18,3;17;18,4;18,2;17,2;17;93;92;92;286;2,5;1,2;
2025/03/15;0700 UTC;0;897,2;897,3;896,9;;18,2;16,9;18,3;18;17;16,7;93;92;93;230;2,6;1,2;
2025/03/15;0800 UTC;0;897,2;897,3;897,2;;18,5;17;18,5;18,1;17,2;16,8;93;91;91;203;3,2;2,1;
2025/03/15;0900 UTC;0;897,3;897,4;897,2;,7;18,4;16,7;18,6;18,3;17;16,7;91;90;90;324;3,3;,6;
2025/03/15;1000 UTC;0;898;898;897,3;148,5;18,8;17;18,8;18,4;17,3;16,8;91;90;90;159;1,7;,5;
2025/03/15;1100 UTC;0;898,6;898,6;898;350,8;19,3;17,2;19,3;18,8;17,3;16,9;90;88;88;233;2,9;,7;
2025/03/15;1200 UTC;0;898,7;898,8;898,6;871,2;21,1;17,8;21,1;19,3;18,1;17,1;88;81;81;198;2;,7;
2025/03/15;1300 UTC;0;898,7;898,7;898,6;1542,4;22,1;18,1;22,4;21;18,3;17,4;83;75;78;220;3,8;2,2;
2025/03/15;1400 UTC;0;898,7;898,8;898,7;1046,1;22,1;18;22,2;21,7;18,4;17,5;80;76;78;226;4,7;2,7;
2025/03/15;1500 UTC;0;898,3;898,7;898,3;1603,3;22,5;18,6;22,5;21,3;18,9;17,9;83;77;79;218;7,4;2,5;
2025/03/15;1600 UTC;0;898,1;898,3;898;1004,1;20,2;18,3;22,9;20,2;19;18,2;89;76;89;205;7,8;3,9;
2025/03/15;1700 UTC;2,6;897,7;898,1;897,7;247,7;20;17,6;20,3;20;18,4;17,3;90;83;86;238;6,8;1,9;
2025/03/15;1800 UTC;,8;897,7;897,7;897,5;335,9;20,6;18,2;20,7;19,8;18,4;17,4;88;86;86;214;4,4;1;
2025/03/15;1900 UTC;0;897,6;897,7;897,5;826,5;21,2;17,9;21,7;20,7;18,3;17,4;86;78;81;220;4,3;1,9;
2025/03/15;2000 UTC;0;897,9;897,9;897,5;528,2;20,7;17,7;21,2;20,6;17,9;17,4;83;81;83;222;5,6;2,9;
2025/03/15;2100 UTC;0;898,1;898,1;897,9;158,3;20;18;20,7;20;18;17,6;88;83;88;216;5,6;2,5;
2025/03/15;2200 UTC;,2;898,9;898,9;898,1;;19,8;18,1;20;19,8;18,3;17,9;91;88;90;222;5,3;2,7;
2025/03/15;2300 UTC;,2;899,4;899,4;898,9;;19,6;18;19,8;19,6;18,2;17,9;91;90;90;198;5,5;2,5;
2025/03/16;0000 UTC;,4;900;900;899,4;;19,7;18,1;19,7;19,6;18,2;18;91;90;91;204;5,5;2,3;
2025/03/16;0100 UTC;1,4;900,2;900,3;900;;19,6;17,8;19,8;19,6;18,2;17,8;91;89;89;213;7;2,6;
2025/03/16;0200 UTC;,6;899,9;900,3;899,9;;19,5;17,6;19,6;19,5;17,9;17,6;90;89;89;222;5,1;2,5;
2025/03/16;0300 UTC;0;899,6;900;899,6;;19,3;17,4;19,5;19,3;17,6;17,4;89;89;89;253;5,1;1,8;
2025/03/16;0400 UTC;0;899,3;899,6;899,3;;18,9;17;19,3;18,9;17,4;17;89;88;89;208;3,8;,9;
2025/03/16;0500 UTC;0;898,9;899,3;898,9;;18,8;17,1;18,9;18,6;17,3;16,9;90;89;90;226;3;1;
2025/03/16;0600 UTC;0;898,3;898,9;898,3;;18,8;17,4;18,9;18,8;17,4;17,1;91;90;91;276;2,3;,6;
2025/03/16;0700 UTC;0;898,5;898,5;898,2;;18,4;17,3;18,8;18,2;17,5;16,9;94;91;94;320;1,3;,7;
2025/03/16;0800 UTC;0;898,7;898,8;898,3;;17,9;16,9;18,4;17,9;17,4;16,9;94;94;94;359;1,5;,8;
2025/03/16;0900 UTC;0;899,5;899,5;898,7;,8;17,5;16,5;18,1;17,5;17,1;16,5;94;94;94;317;1,4;,6;
2025/03/16;1000 UTC;0;900,2;900,2;899,5;174,1;18;17,1;18;17,3;17,1;16,4;94;94;94;75;1,9;,5;
2025/03/16;1100 UTC;0;900,8;900,9;900,2;562,2;19;18;19;17,9;18;16,9;94;94;94;110;2,5;1,4;
2025/03/16;1200 UTC;0;901,4;901,4;900,8;531,6;19,7;17,7;19,7;18,8;18,1;17,2;94;87;88;212;2,5;1,5;
2025/03/16;1300 UTC;0;901,2;901,4;901,2;1248,5;21,4;17,5;21,7;19,6;18,2;17,2;88;78;78;211;4;1,6;
2025/03/16;1400 UTC;0;901,2;901,2;901,1;2068,6;22,6;17;23,1;21,4;18,2;16,8;79;70;71;219;4,2;2,1;
2025/03/16;1500 UTC;0;901;901,2;901;1468,5;21,5;17,6;23,1;21,5;18,2;17;79;70;78;215;6,2;2,7;
2025/03/16;1600 UTC;0;900,7;901;900,7;866,8;21,6;17,8;21,7;21,2;18;17,4;80;78;79;232;4,6;1,8;
2025/03/16;1700 UTC;0;900,2;900,7;900,2;902,7;21,7;17,9;21,9;21,5;18,3;17,5;80;77;79;237;4,6;2,7;
2025/03/16;1800 UTC;0;899,7;900,2;899,7;1275,2;22;17,8;22,1;21,7;18,3;17,5;80;76;77;222;5,2;2,5;
2025/03/16;1900 UTC;0;899,5;899,7;899,5;967;21;18,1;22,1;21;18,5;17,8;84;77;83;234;6,3;3,6;
2025/03/16;2000 UTC;0;899,8;899,8;899,4;353,6;20,5;18;21,1;20,4;18,3;17,9;86;83;86;244;6,3;1,8;
2025/03/16;2100 UTC;0;899,9;899,9;899,8;52,1;20,3;17,9;20,5;20,2;18,1;17,9;86;85;86;250;3,9;1,8;
2025/03/16;2200 UTC;,2;900,3;900,3;899,8;;19,9;17,1;20,4;19,9;17,9;17;86;81;84;286;6,1;2,8;
2025/03/16;2300 UTC;0;900,9;900,9;900,3;;19,8;17,1;19,9;19,7;17,4;17,1;87;84;84;204;5;1,2;
2025/03/17;0000 UTC;0;901,5;901,5;900,9;;19,7;16,9;19,9;19,6;17,2;16,8;86;83;84;234;3,2;1,1;
2025/03/17;0100 UTC;0;901,3;901,5;901,3;;19,2;17,3;19,7;19,1;17,3;16,9;89;84;89;198;2,4;1,1;
2025/03/17;0200 UTC;0;901,3;901,4;901,3;;18,9;17,1;19,3;18,9;17,3;17;89;88;89;279;3,5;,4;
2025/03/17;0300 UTC;0;901;901,4;901;;18,6;17;19;18,6;17,2;17;91;89;91;224;1,9;,9;
2025/03/17;0400 UTC;0;900,8;901,1;900,7;;18,7;16,9;18,8;18,5;17,1;16,9;91;90;90;280;2,6;,7;
2025/03/17;0500 UTC;0;900,4;900,8;900,4;;18,6;17;18,7;18,6;17,1;16,9;90;90;90;255;2,2;,5;
2025/03/17;0600 UTC;0;899,9;900,4;899,8;;18,5;17,1;18,7;18,5;17,2;17;91;90;91;8;1,5;1;
2025/03/17;0700 UTC;0;900,1;900,2;899,9;;18,4;17;18,5;18,4;17,2;17;92;91;92;344;1,5;,6;
2025/03/17;0800 UTC;0;900,5;900,5;900,1;;18,3;17,2;18,4;18,2;17,2;17;94;92;94;317;1,5;,5;
2025/03/17;0900 UTC;0;900,9;900,9;900,5;,1;18,2;17,2;18,3;18,1;17,2;17,1;94;93;94;162;1;,3;
2025/03/17;1000 UTC;,2;901,5;901,5;900,9;100,1;18,4;17,4;18,4;18,2;17,4;17,2;94;94;94;8;1,5;,7;
2025/03/17;1100 UTC;0;901,8;901,9;901,5;547,5;19,4;16,9;19,7;18,4;17,8;16,8;94;85;85;76;2;1;
2025/03/17;1200 UTC;0;902,2;902,2;901,8;1012,6;20,9;16,3;21;19,3;17,4;16,3;86;75;75;91;3;1,7;
2025/03/17;1300 UTC;0;902,5;902,5;902,2;762;20,4;15,9;21;20,4;16,5;14,8;77;70;75;57;3,4;1,1;
2025/03/17;1400 UTC;4,4;902,1;902,5;902,1;591,1;19;17,2;20,4;19;17,3;15,8;89;75;89;69;3,2;1,3;
2025/03/17;1500 UTC;2,6;901,8;902,1;901,8;467,6;19,2;17,3;19,4;18,9;17,6;17,1;90;89;89;78;3;1,2;
2025/03/17;1600 UTC;3,2;901,2;901,8;901,2;457,2;19,1;17,3;19,2;18,9;17,4;17;90;89;89;79;3,2;1,7;
2025/03/17;1700 UTC;1,2;900,7;901,3;900,7;423,9;19,1;17,2;19,4;19,1;17,7;17,1;90;88;89;62;4,3;1,9;
2025/03/17;1800 UTC;2,4;899,8;900,7;899,8;299,4;19;17,1;19,3;19;17,4;17,1;89;88;89;261;3,6;1,4;
2025/03/17;1900 UTC;1,6;899,1;899,8;899,1;389,1;19,3;17;19,5;18,9;17,5;16,9;90;86;86;288;3,7;1,5;
2025/03/17;2000 UTC;0;899,7;899,7;899;367,6;19;17;19,6;18,9;17,4;16,8;89;86;88;214;7;2;
2025/03/17;2100 UTC;0;900,2;900,2;899,7;95,3;18,6;16,6;19,1;18,6;17,1;16,6;88;87;88;235;5,1;1,8;
2025/03/17;2200 UTC;0;900,6;900,6;900,2;;18,1;16,3;18,7;17,9;16,6;16;90;87;90;229;4,3;,9;
2025/03/17;2300 UTC;0;901;901,1;900,6;;17,9;16,2;18,3;17,9;16,5;16,1;90;89;89;289;3;1,2;
2025/03/18;0000 UTC;0;901,2;901,2;901;;17,7;16,3;17,9;17,4;16,3;15,9;91;89;91;274;2,5;,5;
2025/03/18;0100 UTC;0;901;901,3;900,9;;16,9;15,4;17,9;16,8;16,6;15,3;92;90;91;216;2,6;,8;
2025/03/18;0200 UTC;0;900,8;901,1;900,8;;16,1;15;16,9;16;15,4;14,8;94;91;94;350;1,9;,6;
2025/03/18;0300 UTC;,2;900,6;900,8;900,6;;16,4;15,5;16,7;16,1;15,8;15,1;94;94;94;223;1,8;,5;
2025/03/18;0400 UTC;0;899,8;900,6;899,8;;16,5;15,6;16,9;16,3;16;15,4;94;94;94;341;2;,4;
2025/03/18;0500 UTC;0;899,3;899,8;899,3;;16,4;15,5;16,7;16,4;15,7;15,5;95;94;95;246;1,8;,7;
2025/03/18;0600 UTC;0;898,7;899,3;898,6;;15,8;14,9;16,4;15,6;15,5;14,8;95;94;95;239;1,6;,9;
2025/03/18;0700 UTC;0;898,4;898,7;898,4;;15,1;14,3;15,8;15,1;14,9;14,3;95;95;95;5;1,6;,7;
2025/03/18;0800 UTC;0;898,5;898,5;898,3;;15,3;14,5;15,5;15,1;14,6;14,2;95;95;95;348;1,9;,9;
2025/03/18;0900 UTC;,2;899,1;899,1;898,4;2,7;15,8;15;16;15,2;15,2;14,4;95;95;95;34;2,7;1;
2025/03/18;1000 UTC;0;899,3;899,3;899;134,3;17;16,2;17;15,8;16,2;15;95;95;95;8;2,7;,8;
2025/03/18;1100 UTC;0;899,9;899,9;899,3;459,4;18;17,1;18,3;16,9;17,5;16,2;95;95;95;26;3,5;1,5;
2025/03/18;1200 UTC;0;900;900;899,9;1221,7;20,1;16;20,3;17,9;17,1;15,3;95;77;77;43;4,4;1,6;
2025/03/18;1300 UTC;0;900,2;900,2;900;1288,5;20,9;16,6;20,9;19,7;16,7;15,5;79;75;77;82;4,5;2,4;
2025/03/18;1400 UTC;0;900;900,2;899,9;1957,5;22,1;16,4;22,3;20,9;17,4;15,6;77;69;70;71;5,2;2,5;
2025/03/18;1500 UTC;0;899,1;900;899,1;3056,3;23,9;16,3;24,1;21,8;17,2;15,6;73;62;63;63;6,5;2,7;
2025/03/18;1600 UTC;0;898,4;899,1;898,4;2728,9;23,8;16,6;24,5;23,5;17,7;15,8;67;60;64;81;6,6;3,1;
2025/03/18;1700 UTC;0;897,7;898,4;897,7;3304,2;25,9;16,8;25,9;23,8;17,4;15,8;66;56;57;81;6,1;2,9;
2025/03/18;1800 UTC;0;897,1;897,7;897,1;2858,1;25,3;16;26,3;25;17,8;15,7;61;55;57;59;6,5;2,1;
2025/03/18;1900 UTC;0;896,7;897,2;896,6;1813,3;24,8;16,9;25,9;24,5;17,1;15,8;62;56;61;72;6;2,1;
2025/03/18;2000 UTC;0;896,5;896,7;896,5;672,4;23,4;17,9;24,9;22,7;18,1;16;72;58;71;349;4,7;,7;
2025/03/18;2100 UTC;0;896,6;896,6;896,3;144,2;20,8;17,3;23,7;20,7;18;17,2;82;68;80;321;3,4;2,4;
2025/03/18;2200 UTC;0;897,1;897,1;896,6;;19,3;16,9;20,8;19,3;17,4;16,7;87;80;86;330;3,8;1,9;
2025/03/18;2300 UTC;0;897,6;897,6;897;;18;16,1;19,3;17,9;16,8;16;89;86;89;23;3;,7;
2025/03/19;0000 UTC;0;897,7;897,7;897,5;;17,4;15,9;18,3;17,3;16,6;15,8;91;89;91;246;2;,7;
2025/03/19;0100 UTC;0;897,8;897,8;897,6;;16,9;15,8;17,5;16,7;16,1;15,5;93;91;93;106;1,1;,5;
2025/03/19;0200 UTC;0;897,9;898;897,6;;17;16,1;17,2;16,8;16,3;15,8;94;93;94;318;1,3;,4;
2025/03/19;0300 UTC;0;897,7;898,1;897,7;;16,7;15,8;17,5;16,7;16,6;15,7;94;94;94;29;2,3;,6;
2025/03/19;0400 UTC;0;896,8;897,7;896,7;;17,1;16,2;17,1;16,3;16,2;15,4;95;94;94;258;2,8;1,7;
2025/03/19;0500 UTC;0;896,9;897,2;896,9;;16,7;15,8;17,2;16,7;16,3;15,8;95;94;94;54;2,8;,4;
2025/03/19;0600 UTC;1;896,5;896,9;896,3;;16,9;16;17;16,7;16,1;15,8;95;94;95;105;1,3;,7;
2025/03/19;0700 UTC;,6;896,4;896,5;896,3;;17,4;16,5;17,4;16,9;16,5;16;95;95;95;270;3,6;1,3;
2025/03/19;0800 UTC;,4;896,9;896,9;896,3;;17,4;16,5;17,6;17,4;16,7;16,4;95;94;94;226;2,5;,5;
2025/03/19;0900 UTC;,4;896,6;897;896,6;;17,4;16,5;17,4;17,2;16,5;16,3;95;94;95;263;1,9;,9;
2025/03/19;1000 UTC;,2;897;897;896,6;89,2;17,7;16,8;17,7;17,3;16,8;16,4;95;94;95;72;2,5;1,1;
2025/03/19;1100 UTC;0;897,4;897,5;897;241,4;18,3;17,4;18,3;17,6;17,4;16,7;95;94;94;55;2,5;,9;
2025/03/19;1200 UTC;0;897,7;897,8;897,4;398,7;19,2;17,9;19,2;18,3;18,1;17,4;94;93;93;58;2,8;1,7;
2025/03/19;1300 UTC;0;897,5;897,7;897,5;1653,9;22,1;16,6;22,1;19,2;19,2;16,4;93;70;71;87;3,7;2,1;
2025/03/19;1400 UTC;0;897,7;897,7;897,5;2339,2;23,2;16,1;23,8;22;17,4;13,7;73;55;64;48;6,5;2,4;
2025/03/19;1500 UTC;0;897,5;897,7;897,5;1561,9;23;15,4;23,2;22,3;16,1;14,8;65;61;63;60;8,5;2,5;
2025/03/19;1600 UTC;,2;896,8;897,5;896,8;2320,2;23,6;16,5;23,8;22,6;17,2;15,4;68;62;65;56;5,8;2,3;
2025/03/19;1700 UTC;0;896;896,8;896;1471,6;23;17,4;23,7;22,7;17,6;16,3;71;64;71;52;5,5;1,8;
2025/03/19;1800 UTC;0;895,6;896,1;895,6;1940,5;24;16,9;24,8;22,8;18,2;16,7;71;64;64;52;4,9;1;
2025/03/19;1900 UTC;0;896,1;896,2;895,6;398,2;20,8;18,2;24;20,8;18,2;16,6;85;64;85;223;5,5;2,5;
2025/03/19;2000 UTC;0;896,3;896,3;896;190,6;20,2;17,8;20,9;20,1;18,3;17,7;86;84;86;185;4,9;1,4;
2025/03/19;2100 UTC;1,2;896,8;896,9;896,2;20,3;19,5;17,3;20,2;19,5;17,9;17,3;88;86;87;217;6,8;3,1;
2025/03/19;2200 UTC;,8;897,6;897,6;896,8;;18,9;16,6;19,5;18,9;17,3;16,6;88;86;87;238;7,6;2,5;
2025/03/19;2300 UTC;,4;897,8;897,8;897,5;;18,7;16,9;18,9;18,6;16,9;16,5;89;86;89;220;5,4;1,8;
2025/03/20;0000 UTC;0;898,4;898,4;897,8;;18,7;16,8;18,8;18,7;16,9;16,7;89;88;89;207;4,9;2,5;
2025/03/20;0100 UTC;3,6;898,6;898,6;898,3;;18,3;16,3;18,7;18,1;16,9;16;89;88;88;207;7,4;2,6;
2025/03/20;0200 UTC;,4;898,6;898,7;898,5;;18;16;18,3;18;16,3;15,9;89;87;88;216;6,4;3,2;
2025/03/20;0300 UTC;,2;898,7;898,8;898,5;;17,9;15,9;18;17,9;16,1;15,9;88;88;88;220;6,1;2,8;
2025/03/20;0400 UTC;,8;898,2;898,7;898,2;;17,9;16,1;17,9;17,8;16,1;15,9;90;88;90;205;5,5;2,4;
2025/03/20;0500 UTC;3,2;898;898,2;898;;17,5;15,4;18;17,5;16,2;15,4;90;87;87;237;8;1,7;
2025/03/20;0600 UTC;,2;897,5;898;897,4;;17,3;15,5;17,5;17,3;15,6;15,3;89;87;89;190;6,8;2,9;
2025/03/20;0700 UTC;,2;897,6;897,6;897,2;;17,5;15,8;17,6;17,3;15,8;15,4;90;89;90;206;9,5;4;
2025/03/20;0800 UTC;,6;898;898,1;897,5;;17,4;15,9;17,6;17,4;16;15,7;91;89;91;203;8,2;2,8;
2025/03/20;0900 UTC;,2;898,5;898,5;897,9;;17,4;15,6;17,4;17,3;15,9;15,4;91;89;89;210;7,5;3,4;
2025/03/20;1000 UTC;,2;899,4;899,4;898,5;94,8;17,3;15,4;17,4;17,2;15,6;15,3;89;88;89;217;7,5;3,1;
2025/03/20;1100 UTC;,4;900,2;900,2;899,4;221,3;17,5;15,5;17,6;17,3;15,6;15,4;89;88;88;206;6,7;3;
2025/03/20;1200 UTC;,2;900,6;900,6;900,1;887,3;18,4;15,3;18,4;17,5;16;14,9;89;81;82;191;5,3;2,7;
2025/03/20;1300 UTC;0;900,5;900,8;900,5;2297,1;20;15;20,2;18,5;15,7;14,6;83;72;73;205;7,2;2,2;
2025/03/20;1400 UTC;0;900,5;900,6;900,5;3076,5;19,8;15,8;21;19,8;16,8;14,7;79;70;78;215;6,8;3,3;
2025/03/20;1500 UTC;0;900,2;900,5;900,1;1831,5;18,4;16,3;20,4;18,3;16,9;15,8;89;77;88;221;7;3,7;
2025/03/20;1600 UTC;0;899,8;900,2;899,8;1210,5;18,5;15,9;18,6;17,8;16,4;15,9;90;85;85;216;7,3;3,6;
2025/03/20;1700 UTC;0;899,5;899,8;899,5;1545;17,8;15,6;19;17,8;16,3;15,4;87;82;87;218;8,4;4,3;
2025/03/20;1800 UTC;0;899,3;899,6;899,3;1256,9;18;15,7;18;17,6;15,7;15,2;87;86;86;222;7,9;3,8;
2025/03/20;1900 UTC;0;899,3;899,5;899,3;806;17,1;15;18,1;17,1;15,7;14,9;88;85;88;219;6,9;2,8;
2025/03/20;2000 UTC;0;899,5;899,5;899,3;393,9;17,3;15,4;17,3;17;15,4;15;89;88;89;204;7,2;2,8;
2025/03/20;2100 UTC;,2;899,9;899,9;899,5;147,1;16,7;14,6;17,4;16,6;15,5;14,6;89;88;88;215;7,9;3,3;
2025/03/20;2200 UTC;,6;900,5;900,5;899,9;,3;16,2;14,3;16,7;16,1;14,6;14,2;88;87;88;220;8,7;4,2;
2025/03/20;2300 UTC;0;901,2;901,2;900,4;;16;13,2;16,4;16;14,5;13,2;89;83;83;232;8,5;4;
2025/03/21;0000 UTC;0;901,6;901,6;901,2;;16,3;13,8;16,5;16;13,9;13,2;85;83;85;208;8,2;3;
2025/03/21;0100 UTC;0;901,6;901,8;901,5;;16,4;14,1;16,6;16,1;14,2;13,7;86;85;86;229;5,8;2;
2025/03/21;0200 UTC;0;901,6;901,8;901,5;;15,4;13,1;16,4;15,3;14;12,5;87;83;86;239;4,4;2,1;
2025/03/21;0300 UTC;0;901,2;901,7;901,2;;15,2;13,1;15,7;15,1;13,5;12,7;87;85;87;232;4,3;1,6;
2025/03/21;0400 UTC;0;900,7;901,2;900,7;;15;13,2;15,3;14,9;13,4;12,8;89;87;89;246;4,6;1,5;
2025/03/21;0500 UTC;0;900,4;900,7;900,4;;15,3;13,6;15,4;15;13,7;13,1;90;88;89;241;4,4;1,6;
2025/03/21;0600 UTC;0;900;900,4;900;;15,9;14,1;16,1;15,3;14,5;13,6;90;89;89;218;4,5;1,7;
2025/03/21;0700 UTC;0;900;900,1;899,9;;15,9;14,3;16;15,6;14,3;13,8;90;89;90;211;3,5;1;
2025/03/21;0800 UTC;0;900,2;900,3;900;;16,2;14,8;16,2;15,8;14,8;14,2;91;90;91;204;4,6;2,6;
2025/03/21;0900 UTC;0;900,5;900,5;900,2;;16,5;15,1;16,5;16,2;15,1;14,7;92;91;91;214;4,4;2,2;
2025/03/21;1000 UTC;0;901,1;901,1;900,5;166;16,9;15,2;16,9;16,4;15,2;14,9;91;89;89;212;4,4;1,8;
2025/03/21;1100 UTC;0;901,8;901,8;901,1;565,1;17,6;15,2;17,6;16,9;15,3;15;89;86;86;206;3,9;2,2;
2025/03/21;1200 UTC;,2;902,1;902,1;901,8;1170,9;18,8;15;19,2;17,5;15,8;14,8;86;79;79;235;4,2;2,2;
2025/03/21;1300 UTC;0;902,1;902,2;902,1;1855,4;19,8;15,1;20,3;18,6;15,9;14,6;80;73;74;197;4,2;1,9;
2025/03/21;1400 UTC;0;901,7;902,1;901,7;2708,7;21,8;15,9;22,2;19,6;16,6;14,8;77;68;69;218;3,9;1,6;
2025/03/21;1500 UTC;,2;901,1;901,7;901,1;3054,2;22,1;16,8;23,1;21,5;17,2;15,6;74;67;72;220;6;3,4;
2025/03/21;1600 UTC;0;900,7;901,1;900,7;2663,4;21,4;16,5;22,5;21,2;17,8;16,1;77;70;74;228;6,5;2,9;
2025/03/21;1700 UTC;0;900,4;900,8;900,4;1865,3;20,6;16,5;21,9;20,5;17,3;16;79;73;77;236;7;3,6;
2025/03/21;1800 UTC;0;900,2;900,4;900,1;1587;19,7;16,4;21,8;19,5;17,5;16,1;82;73;81;229;7;3,5;
2025/03/21;1900 UTC;0;900;900,2;899,9;1060,7;19,9;16,2;20,7;19,7;16,6;16;82;76;79;226;6,4;3,2;
2025/03/21;2000 UTC;0;900,2;900,2;899,9;286,8;19,2;16,3;20;19,2;16,5;16;83;79;83;220;6,4;2,8;
2025/03/21;2100 UTC;0;900,7;900,7;900,2;65,9;19;16,5;19,2;19;16,6;16,3;85;83;85;198;5,1;2,5;
2025/03/21;2200 UTC;0;901,3;901,3;900,7;;18,7;16,5;19;18,7;16,6;16,5;87;85;87;213;4,9;1,5;
2025/03/21;2300 UTC;0;901,6;901,7;901,3;;18,3;16,4;18,7;18,3;16,6;16,4;89;87;89;262;3,6;,5;
2025/03/22;0000 UTC;0;902,1;902,1;901,6;;18,2;16,7;18,3;17,6;16,7;15,9;91;89;91;224;3,5;1,5;
2025/03/22;0100 UTC;0;902,1;902,3;902,1;;17,6;16;18,3;17,6;16,7;16;91;90;91;278;3,1;,9;
2025/03/22;0200 UTC;0;902;902,2;902;;17,5;16,5;17,7;17,2;16,5;15,7;94;90;94;213;3,7;1,5;
2025/03/22;0300 UTC;0;901,8;902,1;901,8;;16,5;15,1;17,6;16,5;16,5;15;94;90;91;354;2,6;,7;
2025/03/22;0400 UTC;0;901,3;901,8;901,3;;16,4;15,4;16,6;16,2;15,4;14,8;94;91;94;234;2;1,1;
2025/03/22;0500 UTC;0;900,9;901,3;900,8;;15,4;14,5;16,4;15,3;15,3;14,3;94;94;94;334;1,7;,2;
2025/03/22;0600 UTC;0;900,8;900,9;900,8;;14,9;14;15,4;14,7;14,5;13,8;95;94;95;351;1,5;,2;
2025/03/22;0700 UTC;0;900,6;900,8;900,6;;15,4;14,6;15,6;14,9;14,7;14;95;95;95;26;,7;,1;
2025/03/22;0800 UTC;0;900,8;900,9;900,5;;14,9;14,1;15,6;14,9;14,8;14,1;95;95;95;323;1,7;,4;
2025/03/22;0900 UTC;0;901,1;901,1;900,7;;14,3;13,5;15,3;14,2;14,5;13,3;95;95;95;310;1,9;,6;
2025/03/22;1000 UTC;0;901,7;901,7;901,1;216,6;15,5;14,7;15,5;14,1;14,7;13,3;95;95;95;132;1,6;,5;
2025/03/22;1100 UTC;0;901,9;902;901,6;1275,6;17,7;16,7;17,8;15,2;16,8;14,5;95;94;94;110;1,3;,6;
2025/03/22;1200 UTC;0;902;902,2;901,9;2100;21,9;15;21,9;17,7;17,2;14,2;94;65;65;114;2,3;1;
2025/03/22;1300 UTC;0;901,8;902;901,7;2892,6;23,7;15,4;23,9;21,7;16;13,9;66;56;60;89;5,6;2,7;
2025/03/22;1400 UTC;0;901,3;901,8;901,3;3333,1;23,2;15;25,2;23,1;16,1;14,2;63;52;60;24;6,3;2,6;
2025/03/22;1500 UTC;0;900,7;901,3;900,7;2710;23,9;15;25,9;23;16,8;14,5;63;53;58;46;5,8;2,6;
2025/03/22;1600 UTC;0;899,9;900,7;899,9;2251,1;23,7;16,4;26,1;23,4;17,3;14,4;64;53;64;140;6;1,6;
2025/03/22;1700 UTC;0;899,1;899,9;899,1;1236,3;23;17,3;23,8;22,6;18;16,3;74;63;70;97;4,9;1,8;
2025/03/22;1800 UTC;0;898,7;899,1;898,7;448,8;22,1;17,5;23,2;22,1;17,9;16,1;75;67;75;81;4,3;1,1;
2025/03/22;1900 UTC;6;898,8;898,8;898,6;413,9;21,1;19;22,1;20;19,2;17,5;90;75;88;4;3,6;,7;
2025/03/22;2000 UTC;0;898,6;898,8;898,5;675,7;20,9;17,3;22,1;20,8;19,7;17,2;89;79;80;12;4,3;1,8;
2025/03/22;2100 UTC;0;899,1;899,1;898,6;105,5;18,9;17,1;20,8;18,9;17,6;17,1;89;80;89;345;4,1;,8;
2025/03/22;2200 UTC;0;899,7;899,7;899,1;;18,5;16,5;18,9;18,2;17;16,4;90;88;88;18;2,8;1,2;
2025/03/22;2300 UTC;0;900;900,1;899,7;;18,2;16,3;18,5;18,1;16,5;16,2;89;88;89;18;2,8;,8;
2025/03/23;0000 UTC;0;900,5;900,5;900;;17,6;16;18,4;17,5;16,5;15,9;90;87;90;189;2,3;,4;
2025/03/23;0100 UTC;0;900,8;900,8;900,5;;16,7;15,5;17,6;16,7;16,1;15,4;93;91;92;46;1,1;,4;
2025/03/23;0200 UTC;0;900,6;900,8;900,4;;16,2;15,3;17;16,2;16;15,3;94;92;94;56;1,2;,5;
2025/03/23;0300 UTC;,2;900,3;900,6;900,3;;16,7;15,8;16,9;16,1;16;15,1;95;94;95;241;1,4;,3;
2025/03/23;0400 UTC;0;899,5;900,3;899,5;;16,7;15,8;17;16,6;16,2;15,7;95;95;95;8;1,4;,7;
2025/03/23;0500 UTC;0;898,8;899,5;898,8;;16,2;15,4;17,2;16,2;16,3;15,3;95;95;95;340;1,8;,7;
2025/03/23;0600 UTC;0;898,5;898,8;898,5;;15,9;15,1;16,2;15,6;15,3;14,8;95;95;95;360;2,3;,4;
2025/03/23;0700 UTC;0;898,6;898,6;898,4;;16,7;15,9;16,7;15,9;15,9;15,1;95;95;95;348;1,8;,5;
2025/03/23;0800 UTC;0;898,9;898,9;898,5;;17,3;16,4;17,3;16,7;16,4;15,9;95;95;95;358;1,4;,5;
2025/03/23;0900 UTC;0;899,5;899,5;898,9;1,1;16,4;15,6;17,3;16,4;16,4;15,6;95;95;95;352;1,6;,8;
2025/03/23;1000 UTC;0;899,9;900;899,5;207,4;17,8;16,9;17,8;16,3;16,9;15,4;95;95;95;91;2,4;,7;
2025/03/23;1100 UTC;0;900,4;900,4;899,9;851;20;17,1;20,1;17,8;18;16,9;95;83;83;80;3,9;1,9;
2025/03/23;1200 UTC;0;900,4;900,5;900,3;2132,1;21,9;15,9;22;20;17,5;14,8;84;68;69;84;6,3;3,2;
2025/03/23;1300 UTC;0;900,4;900,5;900,4;2340,3;23,3;15,7;23,6;21,7;17,3;15,6;72;62;62;76;6,1;3,2;
2025/03/23;1400 UTC;0;900;900,5;900;3305,3;24,3;16,2;24,8;23,2;16,8;15,3;64;58;60;92;7;3,6;
2025/03/23;1500 UTC;0;899,5;900;899,5;3472,3;25,3;17;25,5;23,9;17,2;15,4;62;57;60;80;7;3,4;
2025/03/23;1600 UTC;,2;899;899,5;899;3562,7;25,6;16,5;25,7;24,4;17,3;15,2;62;55;57;70;7,1;2,6;
2025/03/23;1700 UTC;0;898;899;898;3099,2;25,4;15,1;26,4;25;16,9;14,8;59;51;53;60;6,4;2,2;
2025/03/23;1800 UTC;0;897,3;898;897,3;3008,9;25,9;15,9;27,1;25,3;17;14,9;56;50;54;49;5,9;2,2;
2025/03/23;1900 UTC;0;896,7;897,3;896,7;1848,2;24,2;17,1;26,8;24,1;17,1;14,8;65;51;65;109;5,3;2,9;
2025/03/23;2000 UTC;3,8;897,3;897,3;896,7;334,3;20,5;18;24,2;20,5;18,6;16,5;86;65;86;313;5,3;1,2;
2025/03/23;2100 UTC;1;897,5;897,5;897,2;97,6;20,2;18;20,5;20,2;18,3;18;88;86;87;327;4,3;2,1;
2025/03/23;2200 UTC;0;898,2;898,2;897,5;;19,4;17,5;20,2;19,4;18,1;17,3;89;87;89;37;3,5;1,7;
2025/03/23;2300 UTC;0;898,8;898,8;898,2;;18,9;17,4;19,5;18,8;17,8;17,2;91;89;91;67;2,4;,3;
2025/03/24;0000 UTC;0;899,2;899,3;898,8;;18,7;17,3;18,9;18,5;17,4;16,9;91;91;91;19;2,5;,8;
2025/03/24;0100 UTC;0;899;899,2;899;;18,5;17,2;18,9;18,4;17,4;17;92;91;92;347;2,5;,2;
2025/03/24;0200 UTC;0;899;899;898,8;;18,6;17,6;18,7;18,3;17,7;17,1;94;92;94;258;1,7;,8;
2025/03/24;0300 UTC;0;898,8;899,1;898,8;;18,2;17,2;18,6;18,1;17,6;17,2;94;94;94;352;1,5;,2;
2025/03/24;0400 UTC;,2;898,4;898,8;898,4;;17,9;17;18,3;17,8;17,3;16,9;94;94;94;341;1;,4;
2025/03/24;0500 UTC;0;898,1;898,4;898,1;;18;17;18,1;17,8;17,2;16,8;94;94;94;353;1,2;,5;
2025/03/24;0600 UTC;0;897,7;898,1;897,7;;17,6;16,7;18;17,6;17,1;16,7;94;94;94;351;2;,4;
2025/03/24;0700 UTC;0;897,3;897,7;897,3;;17,6;16,6;17,7;17,5;16,8;16,6;94;94;94;296;1,8;,7;
2025/03/24;0800 UTC;0;897,4;897,4;897,3;;17,3;16,4;17,7;17,3;16,7;16,4;94;94;94;27;1,4;,6;
2025/03/24;0900 UTC;0;897,6;897,6;897,3;1;17,9;17;17,9;17,2;17;16,4;95;94;95;15;1,5;,8;
2025/03/24;1000 UTC;0;898;898;897,6;140,6;18,6;17,7;18,6;17,8;17,7;16,9;95;95;95;72;1,5;,6;
2025/03/24;1100 UTC;0;898,7;898,7;898;508,3;19,9;18,8;19,9;18,6;18,9;17,8;95;93;93;84;2,6;1,1;
2025/03/24;1200 UTC;0;898,9;898,9;898,7;757,7;20,7;17,8;20,8;19,9;18,9;17,4;93;83;84;72;4,1;1,7;
2025/03/24;1300 UTC;0;898,9;898,9;898,8;590,5;21;17,7;21;20,4;18;17,5;84;81;81;67;4,6;1,6;
2025/03/24;1400 UTC;0;898,5;898,9;898,5;1305,1;22,4;18,5;22,4;20,9;18,5;17,3;82;78;79;78;5,2;2,7;
2025/03/24;1500 UTC;,2;897,7;898,5;897,7;1378,6;22;18,5;22,8;21,9;18,5;17,1;80;72;80;81;5,6;2,1;
2025/03/24;1600 UTC;1,6;896,9;897,7;896,9;982,1;22,2;19,2;22,2;20,4;19,2;17,5;86;79;83;90;5,2;1,4;
2025/03/24;1700 UTC;1,8;896,2;896,9;896,2;1115,8;22;18,6;22,7;21,1;19,7;17,8;85;76;81;80;4,6;1,9;
2025/03/24;1800 UTC;,2;895,9;896,2;895,8;1124,3;22,9;17,8;23,2;22,1;19,2;17,6;82;72;73;53;3,8;1,5;
2025/03/24;1900 UTC;0;896;896,2;895,9;695,2;22,4;18,5;23,4;22,4;18,8;17,1;79;71;78;54;3,6;,8;
2025/03/24;2000 UTC;0;896,7;896,7;896;317,4;21,8;18;22,6;21,6;19,5;17,8;86;78;79;77;3,7;1,3;
2025/03/24;2100 UTC;0;897,9;897,9;896,7;29,1;19,6;16,3;21,9;19,6;18,2;16,3;82;79;81;53;5,9;2,1;
2025/03/24;2200 UTC;5,8;897,6;897,9;897,4;;17,7;15,8;19,6;17,7;16,3;15,8;89;81;89;343;7,5;1,3;
2025/03/24;2300 UTC;1,6;898,3;898,3;897,4;;17,9;16,3;17,9;17,7;16,3;15,8;90;89;90;21;4;1,2;
2025/03/25;0000 UTC;,4;898,6;898,6;898,3;;17,9;16,3;17,9;17,8;16,3;16,2;91;90;90;8;3,5;1,9;
2025/03/25;0100 UTC;0;898,2;898,6;898,2;;18;16,2;18,2;17,9;16,4;16,2;90;89;89;23;4,6;1,3;
2025/03/25;0200 UTC;0;898,3;898,3;898,1;;17,9;16,1;18,2;17,8;16,4;16,1;90;89;90;30;3,4;1,7;
2025/03/25;0300 UTC;0;897,6;898,3;897,6;;17,7;16;17,9;17,5;16,1;15,7;90;89;90;63;4,3;2;
2025/03/25;0400 UTC;0;897,8;897,8;897,5;;16,8;15,2;17,9;16,6;16,1;14,9;90;88;90;346;4,4;1,4;
2025/03/25;0500 UTC;,2;897,3;897,9;897,3;;16,4;15;17;16,1;15,5;14,6;91;90;91;54;3,1;,7;
2025/03/25;0600 UTC;0;897;897,3;897;;16,2;14,8;16,6;16;15,4;14,6;93;91;92;358;3;1,3;
2025/03/25;0700 UTC;0;896,8;897;896,8;;15,5;14,3;16,5;15,4;15,3;14,1;92;91;92;24;2,5;1;
2025/03/25;0800 UTC;0;897,4;897,4;896,8;;15,5;14,5;15,8;15,2;14,8;14,1;94;92;94;41;2,3;,4;
2025/03/25;0900 UTC;0;898;898;897,4;;15,1;14,3;15,9;14,8;15;13,9;95;94;95;54;1,6;,5;
2025/03/25;1000 UTC;0;898,4;898,4;898;245,1;16,3;15,4;16,4;14,9;15,6;14;95;95;95;133;1,8;,6;
2025/03/25;1100 UTC;0;898,7;898,8;898,3;1376,7;22;17,8;22;16,3;18;15,6;95;75;77;109;3,2;1,1;
2025/03/25;1200 UTC;0;898,8;898,8;898,7;2100,3;23,4;16,8;24;21,8;18;16,6;77;65;67;86;7;3,2;
2025/03/25;1300 UTC;0;898,9;899,1;898,8;835,2;23,4;16,3;23,5;22,7;18,4;16;76;63;64;78;6;2,7;
2025/03/25;1400 UTC;0;898,5;898,9;898,5;1354,1;24,4;17;24,5;23,4;17,6;15,8;66;60;63;48;6,8;2,3;
2025/03/25;1500 UTC;0;897,7;898,5;897,7;1375,7;24;17,9;25,4;24;18;15;68;55;68;245;4,7;1,6;
2025/03/25;1600 UTC;,2;897,3;897,7;897,2;2478,2;22,9;19;24,9;22,7;19,8;17,8;79;67;79;226;7,2;3,8;
2025/03/25;1700 UTC;0;897;897,3;896,9;1065,2;22,4;18,9;23,3;22,2;19,3;18,4;80;77;80;242;6,6;3,4;
2025/03/25;1800 UTC;0;896,9;897;896,9;982,9;22,5;18,1;23,4;22,1;19,5;18,1;81;75;76;224;7,3;2,9;
2025/03/25;1900 UTC;0;896,9;897;896,8;1670,4;23;17,4;23,6;22,5;18,1;17,2;76;68;70;228;8;3,7;
2025/03/25;2000 UTC;0;897;897;896,6;1028,1;22;17,3;23;22;18;17;75;70;75;221;7,1;3,4;
2025/03/25;2100 UTC;0;897,5;897,5;897;76,9;20,3;17;22;20,1;17,4;17;83;74;81;246;6;1,7;
2025/03/25;2200 UTC;1,4;898,1;898,1;897,5;;20,2;17,9;21,1;20,1;17,9;16,8;87;80;87;247;5,7;2;
2025/03/25;2300 UTC;5,4;898,6;898,7;898,1;;19,6;17,8;20,3;19,6;18,2;17,7;90;87;89;228;6,7;2,3;
2025/03/26;0000 UTC;,6;899,1;899,3;898,6;,1;19,2;17,3;19,6;19,1;17,8;17;89;87;88;234;6,9;2,9;
2025/03/26;0100 UTC;0;899,2;899,4;899,1;;19;16,9;19,3;19;17,3;16,9;89;88;88;232;6,1;2,5;
2025/03/26;0200 UTC;0;898,9;899,2;898,9;;18;16,2;19,1;18;16,9;16;89;86;89;338;5,2;1;
2025/03/26;0300 UTC;0;898,8;899;898,7;;18,4;16,6;18,5;17,7;16,8;16;90;89;89;235;3,9;1,9;
2025/03/26;0400 UTC;0;898,7;898,8;898,5;;17,2;15,2;18,6;17,2;16,8;15,1;90;87;88;333;3,9;1,2;
2025/03/26;0500 UTC;0;898,5;898,7;898,4;;16,5;14,8;17,2;16,4;15,5;14,6;90;88;90;327;3,3;1,2;
2025/03/26;0600 UTC;0;898,2;898,5;898,2;;16,5;14,8;16,9;16,2;15,3;14,5;91;89;89;306;2,9;1,5;
2025/03/26;0700 UTC;,2;898;898,2;897,9;;15,5;14;16,9;15,5;15,5;14;91;89;91;335;2,9;,8;
2025/03/26;0800 UTC;0;898,3;898,5;898;;16,2;15,3;16,4;15;15,5;13,5;94;91;94;270;2,7;1,3;
2025/03/26;0900 UTC;0;898,7;898,7;898,2;;15,1;14,2;16,2;14,9;15,3;14;94;94;94;281;2,5;,8;
2025/03/26;1000 UTC;0;899,1;899,1;898,7;180;16,1;15,2;16,1;15;15,2;14,2;95;94;95;225;2,3;,5;
2025/03/26;1100 UTC;0;899,7;899,7;899,1;1228,3;18,6;16;18,8;15,9;17;15,1;95;85;85;124;1,9;,6;
2025/03/26;1200 UTC;0;899,9;899,9;899,7;2038,8;22,7;17,5;22,7;18,6;17,5;15,7;85;70;73;119;2,2;1,1;
2025/03/26;1300 UTC;0;900;900;899,8;2582,7;23,2;16,3;24,7;22,4;18,1;15;74;58;65;131;2,9;1,5;
2025/03/26;1400 UTC;0;899,6;900;899,6;2525,5;23,6;18,1;25,6;23;18,1;15,4;72;56;71;238;5,8;2,8;
2025/03/26;1500 UTC;,2;899,1;899,6;899,1;3688;23,8;17,2;24,4;23,4;18,2;16,8;71;64;67;228;7;3,5;
2025/03/26;1600 UTC;0;898,5;899,1;898,5;2760;23,5;17,7;24,2;22,7;18;16,7;73;65;70;228;7,2;3,2;
2025/03/26;1700 UTC;0;897,5;898,5;897,5;2796,4;22,7;17,2;24,5;22,7;18,4;16,8;72;65;71;232;7,2;3,5;
2025/03/26;1800 UTC;0;897,2;897,7;897,2;848,6;20,7;17,4;23;20,3;17,9;16,5;82;71;81;247;7;2,2;
2025/03/26;1900 UTC;,2;897,8;897,8;897,2;1252,4;21;17,3;22,5;20,7;18;16,8;82;70;80;251;5,4;2,9;
2025/03/26;2000 UTC;,4;898;898,1;897,6;309;19,7;17,4;21;19,7;18;17,3;88;80;86;267;6,2;2,6;
2025/03/26;2100 UTC;0;898,7;898,7;898;108,2;18,8;16,8;19,7;18,8;17,3;16,8;88;86;88;251;5,4;2,3;
2025/03/26;2200 UTC;0;899,1;899,1;898,7;;18,7;16,7;18,9;18,6;16,8;16,6;88;88;88;246;5;1,6;
2025/03/26;2300 UTC;0;899,4;899,4;899;;18,6;16,5;18,9;18,6;16,7;16,2;88;85;88;239;5,9;2;
2025/03/27;0000 UTC;0;899,5;899,5;899,3;;18,7;15,3;18,7;18,4;16,6;15,2;88;80;81;284;5,1;2,7;
2025/03/27;0100 UTC;0;899,7;899,7;899,5;;17,3;15,5;18,8;17,2;15,6;14,8;89;79;89;250;5,1;,9;
2025/03/27;0200 UTC;0;899,8;899,8;899,7;;17,2;15,7;17,3;16,8;15,7;15,2;91;89;91;295;1,6;,9;
2025/03/27;0300 UTC;0;899,6;899,8;899,5;;16,8;15,3;17,2;16,7;15,6;15,2;91;91;91;353;2,3;,6;
2025/03/27;0400 UTC;0;898,9;899,6;898,9;;16,7;15,4;16,8;16,6;15,4;15,1;92;91;92;242;2,3;1,2;
2025/03/27;0500 UTC;0;898,3;898,9;898,2;;16,3;15;16,7;16,3;15,4;14,9;92;92;92;347;2,3;,7;
2025/03/27;0600 UTC;0;898,2;898,3;897,9;;16,1;15;16,4;16,1;15,4;14,9;94;92;93;342;1,9;,6;
2025/03/27;0700 UTC;0;898;898,2;897,9;;16;14,8;16,2;15,9;15,1;14,7;94;93;93;242;2;,5;
2025/03/27;0800 UTC;0;898,2;898,2;898;;15,8;14,9;16;15,7;14,9;14,5;94;93;94;211;3,4;2;
2025/03/27;0900 UTC;0;898,9;898,9;898,2;;14,5;13,5;15,9;14,5;14,9;13,5;94;93;93;336;4,7;,8;
2025/03/27;1000 UTC;,2;899,6;899,6;898,9;127,7;15,3;14,4;15,4;14,1;14,5;13,1;95;93;95;184;1,9;,4;
2025/03/27;1100 UTC;0;900,2;900,2;899,6;824,2;17,7;15,9;17,8;15,2;16;14,3;95;89;89;187;3,3;1,4;
2025/03/27;1200 UTC;0;900,3;900,4;900,1;1958,3;21,7;15,7;21,7;17,7;16,1;14,6;89;68;69;153;3,1;,6;
2025/03/27;1300 UTC;0;900,5;900,5;900,3;2848;23,2;14,5;23,8;21,6;16,3;13;70;53;58;196;3,5;1,3;
2025/03/27;1400 UTC;0;900;900,5;900;2573,3;22,9;16,3;24,8;22,2;16,7;13,7;68;52;66;240;5,5;3;
2025/03/27;1500 UTC;,2;899,4;900;899,4;3691,2;22,8;16;23,8;22,6;17,8;15,6;70;63;66;219;5,9;3,1;
2025/03/27;1600 UTC;0;898,6;899,4;898,6;3586,8;22,5;16,1;24,4;22,5;17,7;15,8;68;62;67;219;5,9;2,7;
2025/03/27;1700 UTC;0;897,9;898,6;897,9;2157;22,6;16,3;24,4;22,5;18,2;16;70;62;68;249;5,7;2,1;
2025/03/27;1800 UTC;0;897,5;897,9;897,5;1435,3;22,1;16,5;24;22;17,5;16;71;63;70;107;5,1;1,3;
2025/03/27;1900 UTC;0;897,1;897,5;897,1;1204,1;21,7;16,5;23,8;21,7;17,9;15,8;73;64;72;241;4,3;1,6;
2025/03/27;2000 UTC;0;897,3;897,4;897,1;281,4;20,7;16,7;22;20,7;17,5;16,6;80;72;78;223;5,8;2,5;
2025/03/27;2100 UTC;0;897,4;897,6;897,3;81;19,6;17,1;20,7;19,6;17,2;16,8;85;78;85;234;4,5;2;
2025/03/27;2200 UTC;0;897,9;897,9;897,4;;18,8;16,6;19,6;18,7;17,1;16,5;88;85;87;258;3,5;,9;
2025/03/27;2300 UTC;,6;898,6;898,6;897,9;;18,6;16,8;18,8;18,4;16,9;16,4;89;87;89;258;3;,9;
2025/03/28;0000 UTC;0;898,8;898,9;898,5;;17,9;16,4;18,7;17,8;16,9;16,2;91;89;91;18;1,6;,4;
2025/03/28;0100 UTC;,2;899,1;899,2;898,8;;17,5;16,5;17,9;17,3;16,8;16;94;91;94;304;2,2;,8;
2025/03/28;0200 UTC;0;899,2;899,3;899,1;;16,4;15,3;17,5;16,3;16,5;15,2;94;92;94;311;2,5;1,6;
2025/03/28;0300 UTC;0;898,7;899,2;898,7;;15,8;14,9;16,4;15,5;15,4;14,5;95;93;94;272;2,4;1,1;
2025/03/28;0400 UTC;0;898,6;898,8;898,6;;14,3;13,4;15,8;14,3;14,9;13,4;95;94;94;348;2,2;,5;
2025/03/28;0500 UTC;0;898,1;898,6;898,1;;14,7;13,9;14,8;14,2;14;13,3;95;94;95;89;1,7;,3;
2025/03/28;0600 UTC;0;898;898,1;898;;14,8;14;14,8;14,5;14;13,7;95;95;95;240;2;,7;
2025/03/28;0700 UTC;0;897,8;898;897,7;;14;13,2;14,8;13,9;13,9;13,1;95;95;95;339;1,7;,6;
2025/03/28;0800 UTC;,2;897,9;897,9;897,7;;13,5;12,8;14;13,5;13,2;12,8;95;95;95;274;2,1;,5;
2025/03/28;0900 UTC;0;898;898,1;897,8;;13,2;12,5;13,6;13;12,8;12,3;95;95;95;301;1,2;,6;
2025/03/28;1000 UTC;0;898,7;898,7;898;150,9;13,7;12,9;13,7;13;12,9;12,3;95;95;95;244;1,5;,6;
2025/03/28;1100 UTC;0;899,4;899,4;898,7;1020;15,7;14,9;16;13,6;15,2;12,9;95;95;95;61;1,5;,6;
2025/03/28;1200 UTC;0;899,6;899,7;899,3;2044,7;19,9;15,4;19,9;15,7;17;15,1;95;76;76;68;2,8;1,4;
2025/03/28;1300 UTC;0;899,1;899,7;899,1;2758,4;22,6;14,8;23,1;19,6;16,2;13,6;77;58;61;39;3,1;1,6;
2025/03/28;1400 UTC;0;898,5;899,1;898,5;3262,7;24,4;15,4;24,8;22,5;16,2;14;63;56;57;63;4,7;1,7;
2025/03/28;1500 UTC;0;897,9;898,5;897,9;3696,2;26;14,3;26,2;24;16,8;13,4;61;48;48;65;4,9;1,9;
2025/03/28;1600 UTC;0;897,4;897,9;897,4;2939,6;23,9;17,7;26;22,8;18;13,9;71;48;68;242;5,7;3,3;
2025/03/28;1700 UTC;0;896,6;897,4;896,6;3528,6;23,7;16,7;24,7;23,4;18,2;16,4;70;63;65;231;6,7;3,8;
2025/03/28;1800 UTC;0;896,4;896,7;896,3;1190,7;22,1;17;23,8;22,1;17,8;16,5;73;65;73;244;6,7;3,7;
2025/03/28;1900 UTC;0;896,7;896,8;896,3;762,5;21,6;17;22,3;21,6;17,4;16,7;76;72;75;209;7,2;3,6;
2025/03/28;2000 UTC;0;896,9;896,9;896,6;361,3;21,2;17,2;22,1;21,2;17,5;16,8;78;74;78;243;6,4;1,8;
2025/03/28;2100 UTC;0;897,2;897,2;896,8;80,1;20;17,4;21,2;20;17,5;17,1;85;78;85;256;3,1;,8;
2025/03/28;2200 UTC;0;897,6;897,6;897,2;;18,9;17;20;18,7;17,5;16,7;89;85;89;248;2,1;,9;
2025/03/28;2300 UTC;0;898;898;897,6;;17,6;15,8;18,9;17,6;16,9;15,8;90;88;89;328;3;1,5;
2025/03/29;0000 UTC;0;898,6;898,6;898;;18,2;16,7;18,2;17,4;16,8;15,6;91;89;91;270;3;,6;
2025/03/29;0100 UTC;0;898,6;898,6;898,4;;17,3;15,8;18,2;17,2;16,7;15,8;91;91;91;258;1,8;,4;
2025/03/29;0200 UTC;0;898,4;898,6;898,4;;16,3;15,3;17,5;16,3;16,2;15,2;94;91;93;293;1,1;,5;
2025/03/29;0300 UTC;0;898,2;898,4;898,2;;16;15,1;16,6;15,4;15,6;14,4;94;93;94;276;1,2;,4;
2025/03/29;0400 UTC;0;897,7;898,2;897,6;;16,1;15,3;16,3;15,7;15,4;14,9;95;94;95;268;1,4;,5;
2025/03/29;0500 UTC;0;897,4;897,8;897,4;;15,4;14,6;16,1;15,4;15,3;14,6;95;95;95;347;1,3;,7;
2025/03/29;0600 UTC;0;896,9;897,4;896,8;;14,7;13,9;15,4;14,5;14,6;13,7;95;95;95;295;1,2;,3;
2025/03/29;0700 UTC;0;896,9;897;896,7;;14,9;14,2;15;14,6;14,2;13,8;95;95;95;343;1,4;,8;
2025/03/29;0800 UTC;,2;897,2;897,2;896,9;;15;14,2;15;14,7;14,2;13,9;95;95;95;166;1,8;,4;
2025/03/29;0900 UTC;0;897,3;897,3;897;2,5;15,1;14,4;15,3;14,9;14,5;14,1;95;95;95;328;2,8;,9;
2025/03/29;1000 UTC;0;897,8;897,8;897,3;97,4;15,6;14,8;15,6;15;14,8;14,2;95;95;95;350;2,5;1;
2025/03/29;1100 UTC;0;898,4;898,4;897,8;330;17,3;16,4;17,3;15,6;16,4;14,9;95;95;95;18;2,6;1,3;
2025/03/29;1200 UTC;0;898,6;898,7;898,4;1248,6;19,2;16,9;19,3;17,2;17,9;16,4;95;87;87;14;2,8;1,2;
2025/03/29;1300 UTC;0;898,2;898,6;898,1;2773,1;23,5;16;24,2;19,2;17,6;15,5;87;61;63;79;6;2,8;
2025/03/29;1400 UTC;0;897,7;898,2;897,7;3242,9;24,9;15,8;25;23,2;16,9;15,2;64;56;57;82;6;2,9;
2025/03/29;1500 UTC;0;897,2;897,8;897,2;3266,4;24,7;14,6;25,8;24,5;16,8;14,6;60;52;53;103;6,4;2,7;
2025/03/29;1600 UTC;0;896,7;897,3;896,7;1695,2;22,6;17,9;25;22,6;18,1;14,6;75;54;75;211;5,5;3,2;
2025/03/29;1700 UTC;0;895,9;896,7;895,9;2125,5;23,7;17,3;25,3;22,6;18,3;16,6;75;60;67;272;5,4;1,6;
2025/03/29;1800 UTC;0;895,8;896;895,7;1279;21,9;17,9;24,6;21,9;18,6;17,2;78;67;78;225;8,1;3,5;
2025/03/29;1900 UTC;0;895,8;896;895,7;1552;22,5;18;23,1;21,9;18,7;17,8;80;74;76;218;7,5;4;
2025/03/29;2000 UTC;0;895,8;895,8;895,6;495,4;21,4;17,9;22,5;21,4;18,2;17,7;81;75;81;253;7,5;2,8;
2025/03/29;2100 UTC;0;896,3;896,3;895,7;59,9;20,4;17,5;21,4;20,4;17,9;17,4;84;80;83;211;4,9;,8;
2025/03/29;2200 UTC;0;896,9;896,9;896,3;;19,2;17,3;20,4;19,1;17,6;17,1;89;83;89;240;1,7;,6;
2025/03/29;2300 UTC;0;897,5;897,5;896,9;;18,7;16,9;19,5;18,7;17,8;16,9;90;89;90;335;1,8;,4;
2025/03/30;0000 UTC;0;897,9;897,9;897,4;;19,1;17,3;19,1;18,5;17,4;16,8;91;90;90;209;3;2;
2025/03/30;0100 UTC;0;898,1;898,2;897,9;;18,2;16,6;19,1;18,2;17,3;16,6;90;89;90;344;3;,5;
2025/03/30;0200 UTC;0;898;898,2;898;;16,9;15,6;18,2;16,8;16,5;15,5;92;90;92;356;1,2;,3;
2025/03/30;0300 UTC;0;897,9;898;897,8;;16,4;15,4;17,1;16,4;16;15,4;94;92;94;128;1,2;,3;
2025/03/30;0400 UTC;0;897,5;897,9;897,5;;16,5;15,7;16,7;16,4;15,8;15,5;95;94;95;287;1;,2;
2025/03/30;0500 UTC;0;897,3;897,5;897,3;;16,8;15,9;16,8;16,5;16;15,6;95;95;95;340;1,3;,4;
2025/03/30;0600 UTC;0;896,8;897,3;896,8;;16,5;15,6;16,9;16,3;16;15,4;95;95;95;283;1,6;,3;
2025/03/30;0700 UTC;0;896,7;896,8;896,6;;16,2;15,4;16,7;16;15,8;15,2;95;95;95;279;1,7;,7;
2025/03/30;0800 UTC;0;896,9;896,9;896,6;,1;16,4;15,5;16,4;16;15,5;15,2;95;95;95;246;1,1;,4;
2025/03/30;0900 UTC;0;897,4;897,4;896,9;;15,8;15;16,4;15,7;15,6;14,9;95;95;95;237;1,1;,6;
2025/03/30;1000 UTC;0;897,7;897,7;897,4;143,4;16,1;15,3;16,2;15,7;15,4;14,9;95;95;95;157;1,6;,2;
2025/03/30;1100 UTC;0;898,4;898,4;897,7;554,6;16,9;16,1;16,9;16,1;16,1;15,3;95;95;95;21;1,5;,4;
2025/03/30;1200 UTC;0;898,6;898,6;898,4;1587,8;20,6;16,2;20,7;16,9;19;16;95;76;76;85;4,2;1,9;
2025/03/30;1300 UTC;0;898,4;898,7;898,4;2509,3;23;16,6;23,7;20,6;17,6;15,8;76;66;67;77;5,9;2,8;
2025/03/30;1400 UTC;0;898,2;898,5;898,1;3266,8;23,7;15,4;24,8;22,9;17,1;15,4;69;58;60;62;6,7;3,4;
2025/03/30;1500 UTC;0;897,5;898,2;897,5;2437,4;24,8;17,5;24,9;23,2;17,5;15,3;66;58;64;49;6,7;2;
2025/03/30;1600 UTC;0;896,9;897,5;896,8;3559,3;25,4;16,4;26,1;24,4;17,7;15,8;64;55;58;49;7;2,1;
2025/03/30;1700 UTC;0;896,2;896,9;896,2;2733,1;24,8;15,7;26,1;24,5;17,3;15,5;61;55;57;56;5,5;1,9;
2025/03/30;1800 UTC;0;896,1;896,2;896;848,1;23,1;18,2;25;23,1;18,5;15,6;75;57;74;226;6;3,4;
2025/03/30;1900 UTC;0;895,9;896,1;895,8;773,5;23;18,1;23,7;22,7;18,3;17,1;75;67;74;239;6,1;2,7;
2025/03/30;2000 UTC;0;896,2;896,3;895,9;495,5;21,4;17,3;23,4;21,4;18,7;17,3;82;74;77;213;6,2;3,3;
2025/03/30;2100 UTC;0;896,8;896,9;896,2;44,8;20,5;17,6;21,4;20,5;17,7;17,1;84;76;84;215;6,6;1,6;
2025/03/30;2200 UTC;0;897,4;897,4;896,8;;19,9;17,7;20,5;19,9;17,8;17,6;87;84;87;90;3,1;,5;
2025/03/30;2300 UTC;0;897,9;897,9;897,4;;19,6;17,7;19,9;19,6;17,8;17,6;89;87;89;41;1,2;,3;
2025/03/31;0000 UTC;0;898,1;898,2;897,9;;19,2;17,5;19,6;19,2;17,8;17,5;90;89;90;23;2;1;
2025/03/31;0100 UTC;0;898,4;898,4;898,1;;18,5;16,8;19,2;18,5;17,5;16,8;90;89;90;55;2,2;,8;
2025/03/31;0200 UTC;0;898,6;898,6;898,4;;18,4;16,8;18,6;18,4;17;16,7;91;90;90;124;1,4;,4;
2025/03/31;0300 UTC;0;898,4;898,7;898,4;;18,1;16,5;18,5;18,1;16,9;16,5;91;90;90;358;1,5;,3;
2025/03/31;0400 UTC;0;898,2;898,4;898,1;;17,9;16,4;18,2;17,9;16,6;16,4;91;90;91;30;1,4;,5;
2025/03/31;0500 UTC;0;897,5;898,2;897,5;;18,2;16,9;18,2;17,8;17;16,4;93;91;92;60;2,5;,9;
2025/03/31;0600 UTC;0;897,4;897,5;897,3;;18,3;16,4;18,9;18,2;17,3;16,4;92;88;89;86;3,2;,5;
2025/03/31;0700 UTC;0;897,8;897,8;897,4;;17,7;16,2;18,3;17,5;16,5;15,9;91;89;91;9;1,7;1;
2025/03/31;0800 UTC;0;898,2;898,3;897,8;;17,9;16,4;18;17,6;16,6;16,1;92;91;91;12;2,4;1,6;
2025/03/31;0900 UTC;0;898,6;898,6;898,2;;17,5;16,2;17,9;17,5;16,4;16,1;92;91;92;29;2,4;,6;
2025/03/31;1000 UTC;0;899,2;899,2;898,6;271,8;18,6;17,1;18,7;17,4;17,5;16;94;91;91;76;2,2;1,2;
2025/03/31;1100 UTC;0;900,1;900,1;899,2;644,1;20;16,6;20;18,6;17,2;16,2;91;79;81;74;2,6;1,3;
2025/03/31;1200 UTC;0;900,8;900,9;900,1;1118,3;20,5;16,5;21,6;20;16,9;15,5;81;73;78;47;5,1;2,3;
2025/03/31;1300 UTC;0;900,6;900,9;900,6;1240,1;21,5;17,2;21,6;20,5;17,4;16,3;79;75;76;77;5,1;2,7;
2025/03/31;1400 UTC;0;900,5;900,7;900,5;1129,2;22;17,2;22,2;21,5;17,8;17;77;73;74;81;5,4;2,3;
2025/03/31;1500 UTC;0;899,9;900,5;899,9;961,3;22,1;17,5;22,1;21,7;17,7;17;76;74;75;81;6,1;2,7;
2025/03/31;1600 UTC;0;899,3;899,9;899,3;1616,4;23,3;17,6;23,4;22,1;17,8;17,3;75;70;70;87;5,4;2,7;
2025/03/31;1700 UTC;0;898,9;899,3;898,8;1459,3;23,1;17,2;24;22,9;18,1;17;71;68;70;87;5,6;2,8;
2025/03/31;1800 UTC;0;898,6;898,9;898,6;882,7;23,1;17,1;23,2;22,9;17,6;16,8;71;68;69;73;5,7;1,9;
2025/03/31;1900 UTC;0;898,2;898,6;898,2;830;23,1;17,4;23,4;23;17,6;17;70;68;70;81;4,5;1,8;
2025/03/31;2000 UTC;0;898,6;898,7;898,2;440,6;22,3;17,3;23,2;22,3;17,9;16,9;74;69;74;49;3,9;1,1;
2025/03/31;2100 UTC;0;899,1;899,1;898,6;46,8;20,3;17,8;22,3;20,3;17,9;17;86;73;86;309;2,6;,5;
2025/03/31;2200 UTC;0;899,6;899,6;899,1;;19,7;17,6;20,3;19,7;17,8;17,6;88;86;88;360;1,6;,5;
2025/03/31;2300 UTC;0;900;900;899,6;;19,3;17,4;19,7;19,2;17,7;17,3;89;88;89;230;1,9;,7;
2025/04/01;0000 UTC;0;900,2;900,2;900;;18,8;17;19,4;18,8;17,5;17;89;88;89;80;2,5;,5;
2025/04/01;0100 UTC;0;900,4;900,5;900,2;;18,3;16,8;18,8;18,3;17,1;16,7;91;89;91;336;1,4;,4;
2025/04/01;0200 UTC;0;900,3;900,5;900,3;;17,6;16,2;18,3;17,5;16,9;16,1;92;91;92;318;1,2;,6;
2025/04/01;0300 UTC;0;900;900,3;900;;17;16;17,6;17;16,4;15,9;94;92;94;341;1;,5;
2025/04/01;0400 UTC;0;899,7;900,1;899,7;;16,8;15,9;17,3;16,6;16,3;15,7;94;94;94;261;1,3;,4;
2025/04/01;0500 UTC;0;899,7;899,8;899,6;;16,8;15,9;17,1;16,7;16,2;15,8;94;94;94;28;1,2;,6;
2025/04/01;0600 UTC;0;899,5;899,7;899,5;;16,9;16;17;16,7;16,1;15,8;95;94;95;11;1,8;,8;
2025/04/01;0700 UTC;,2;899,5;899,5;899,4;;17,4;16,5;17,5;16,7;16,5;15,9;95;95;95;15;1,5;,7;
2025/04/01;0800 UTC;0;899,6;899,6;899,5;;17,8;16,9;18,2;17,3;17,3;16,4;95;95;95;355;2,6;,9;
2025/04/01;0900 UTC;0;899,9;899,9;899,6;;17,8;16,9;18;17,7;17,1;16,8;95;95;95;24;2;,8;
2025/04/01;1000 UTC;0;900,3;900,3;899,9;120,7;18,8;17,9;18,8;17,7;17,9;16,8;95;95;95;36;2,1;1,4;
2025/04/01;1100 UTC;0;900,5;900,5;900,2;435,2;20,2;19,2;20,3;18,8;19,3;17,9;95;94;94;44;2,1;,7;
2025/04/01;1200 UTC;0;900,7;900,8;900,5;982,4;21,6;18,1;21,8;20,2;19,3;17,9;94;80;81;70;4,7;2,4;
2025/04/01;1300 UTC;0;900,6;900,8;900,6;1531,5;22,6;18,2;22,8;21,6;18,9;17,7;81;75;76;81;5,1;2,9;
2025/04/01;1400 UTC;0;900,3;900,6;900,3;1814,1;23,9;18,1;24;22,6;18,9;17,5;77;69;70;72;5,4;2,7;
2025/04/01;1500 UTC;0;899,6;900,3;899,6;2816,4;25,4;17,1;25,8;23,8;19;17,1;72;60;60;45;6,5;2,6;
2025/04/01;1600 UTC;0;899;899,6;899;2789,6;25,3;17,3;26,8;25,2;18,6;16,3;63;56;61;105;6,5;1,9;
2025/04/01;1700 UTC;4,4;898,6;899;898,6;821;21,4;18,5;25,4;21,4;19,3;16,4;84;59;83;323;6;2,2;
2025/04/01;1800 UTC;,8;898,2;898,6;898,1;784,7;22,4;19,1;22,8;21,3;19,9;18,4;86;78;82;69;3,8;,9;
2025/04/01;1900 UTC;0;898,7;898,7;898,2;77;19,4;17,1;22,4;19,4;19,1;15,9;86;71;86;36;4;1,3;
2025/04/01;2000 UTC;,8;899;899;898,5;20,3;19,3;17,6;19,6;19,3;17,8;17,1;90;86;90;104;2,7;1,6;
2025/04/01;2100 UTC;2,4;899,9;899,9;899;6,6;19,5;17,8;19,5;19,2;18;17,4;91;89;90;214;3,8;1,2;
2025/04/01;2200 UTC;4;899,9;899,9;899,8;;18,7;17;19,6;18,7;18;17;90;90;90;320;3,6;2,5;
2025/04/01;2300 UTC;2,4;900,4;900,5;899,9;;18,1;16,3;18,7;18,1;17;16,1;90;88;89;255;3,6;1,4;
2025/04/02;0000 UTC;0;900,8;900,8;900,4;;18;16,4;18,2;17,9;16,5;16,3;91;89;91;286;3,8;,8;
2025/04/02;0100 UTC;0;900,7;900,9;900,6;;17,7;16,4;18,1;17,7;16,6;16,2;92;91;92;275;2,5;,9;
2025/04/02;0200 UTC;0;900,4;900,7;900,4;;17,4;16,4;17,8;17;16,5;15,8;94;92;94;286;2;1,2;
2025/04/02;0300 UTC;0;900,1;900,4;900,1;;16,4;15,4;17,4;16,4;16,3;15,3;94;93;94;328;2,1;,4;
2025/04/02;0400 UTC;0;899,6;900,1;899,6;;16,2;15,4;16,5;16;15,7;15,1;94;94;94;25;1,2;,3;
2025/04/02;0500 UTC;,2;899,3;899,6;899,2;;16,2;15,4;16,5;16,1;15,6;15,3;95;94;95;297;,8;,1;
2025/04/02;0600 UTC;0;899,3;899,3;899,2;;16,1;15,2;16,3;16;15,4;15,2;95;95;95;71;1,7;,7;
2025/04/02;0700 UTC;0;899,2;899,3;899,2;;16,3;15,5;16,4;15,8;15,6;15;95;95;95;88;2,7;,6;
2025/04/02;0800 UTC;0;899,4;899,4;899,2;;15,9;15;16,3;15,9;15,5;15;95;95;95;78;1,6;,5;
2025/04/02;0900 UTC;0;899,6;899,6;899,4;;15,9;15,1;16;15,3;15,1;14,6;95;95;95;75;2;,8;
2025/04/02;1000 UTC;0;900,1;900,1;899,6;253,2;17,1;16,3;17,2;15,4;16,4;14,6;95;95;95;60;3;1,5;
2025/04/02;1100 UTC;0;900,8;900,8;900,1;1021,8;20;16,8;20;17,1;17,9;16,4;95;82;82;55;3,7;1,6;
2025/04/02;1200 UTC;0;901;901;900,8;1355,6;21,4;17,4;21,5;19,8;17,4;15,7;83;73;78;64;4,9;1,9;
2025/04/02;1300 UTC;0;900,8;901;900,8;2449,3;22,2;16,7;22,9;21,1;17,2;15,7;78;66;71;44;7,1;2,4;
2025/04/02;1400 UTC;,2;900,5;900,8;900,5;2994,8;23,9;16,2;24,3;22,1;17,3;15,7;72;60;62;40;7,4;3;
2025/04/02;1500 UTC;0;899,7;900,5;899,7;3584,9;24,1;16,4;24,8;23,3;17,4;15,3;66;58;62;63;7,4;3;
2025/04/02;1600 UTC;0;899;899,7;898,9;1690,5;23,1;16,6;24,8;23,1;17,6;15,7;68;60;67;71;7,2;2,9;
2025/04/02;1700 UTC;0;898,4;899;898,4;2062;24;17,1;25,2;23,1;17,5;15,7;68;58;65;76;8,6;2,9;
2025/04/02;1800 UTC;0;897,9;898,4;897,9;1701,3;24,9;16,2;25;23,3;17,9;16,1;69;57;59;76;8,5;3,1;
2025/04/02;1900 UTC;0;897,7;897,9;897,6;1544,4;23,5;16,3;25,7;23,5;17,3;16;64;57;64;26;8,5;2,3;
2025/04/02;2000 UTC;0;897,4;897,7;897,4;732,2;22,9;15,9;24,3;22,8;16,6;15,4;67;58;65;25;5,7;1,8;
2025/04/02;2100 UTC;0;897,5;897,5;897,4;54;19,4;16,4;22,9;19,4;16,5;15,4;83;64;83;4;4,2;1,2;
2025/04/02;2200 UTC;0;897,8;897,8;897,5;;18,7;16,4;19,4;18,5;16,7;16;87;83;86;26;2,9;1,4;
2025/04/02;2300 UTC;0;898,2;898,2;897,8;;18,3;16,5;19,4;18,2;16,9;16,1;90;83;90;35;2,3;,8;
2025/04/03;0000 UTC;0;898,6;898,6;898,2;;17,9;16,3;18,5;17,9;16,9;16,3;91;90;91;22;1,7;,9;
2025/04/03;0100 UTC;0;898,6;898,6;898,5;;17,6;16,3;18,1;17,5;16,7;16,1;92;91;92;39;1,8;,8;
2025/04/03;0200 UTC;0;898,6;898,7;898,6;;17,2;16;17,8;17,1;16,8;15,9;94;92;93;15;2,9;1,5;
2025/04/03;0300 UTC;0;898,6;898,7;898,6;;16,7;15,6;17,3;16,6;16,3;15,4;94;93;93;17;3,2;1,4;
2025/04/03;0400 UTC;0;898,3;898,6;898,3;;16,8;15,9;17,2;16,2;16,3;15,3;94;93;94;14;3,8;2,1;
2025/04/03;0500 UTC;0;897,8;898,3;897,8;;16,9;16;16,9;16,1;16;15,2;95;94;95;16;3,8;1,6;
2025/04/03;0600 UTC;,2;897,6;897,8;897,6;;16,9;16;17,2;16,4;16,3;15,5;95;94;95;25;2,8;1,5;
2025/04/03;0700 UTC;0;897,4;897,6;897,4;;17,4;16,5;17,4;16,7;16,5;15,9;95;94;94;20;2,8;1,6;
2025/04/03;0800 UTC;0;897,8;897,8;897,4;;16,5;15,6;17,4;16,3;16,5;15,4;94;94;94;15;3,9;1,5;
2025/04/03;0900 UTC;0;898,1;898,1;897,8;;17,2;16,3;17,5;16,4;16,6;15,5;95;94;94;338;3;1,9;
2025/04/03;1000 UTC;0;898,7;898,7;898,1;97,4;17,9;17;18,2;16,7;17,2;15,7;94;94;94;359;3;1,4;
2025/04/03;1100 UTC;0;899,1;899,1;898,7;760,6;20,3;18;20,4;17,9;18,6;17,1;94;86;87;82;5,7;2,8;
2025/04/03;1200 UTC;0;899,4;899,5;899;1153,1;21,1;17,9;21,1;20,3;18,4;17,7;87;82;82;84;7,5;3,1;
2025/04/03;1300 UTC;0;899,2;899,4;899,2;2513,9;24,1;18;24,1;21,1;18,6;17,1;82;68;69;83;7;3,1;
2025/04/03;1400 UTC;0;898,6;899,2;898,6;3129,8;25,2;17,4;25,5;23,9;18,6;17;69;62;62;76;7,1;3,3;
2025/04/03;1500 UTC;0;898,1;898,6;898;3407,4;26;18;26,5;24,9;18,8;17,2;65;60;61;83;6,5;3,4;
2025/04/03;1600 UTC;0;897,2;898,1;897,2;3317,8;26,3;18,6;27,2;25,7;19,1;17,2;64;56;63;89;6,6;3,5;
2025/04/03;1700 UTC;0;896,5;897,2;896,5;2179,3;25,9;17,8;26,8;25,4;18,9;17,3;64;58;61;72;7,6;2,5;
2025/04/03;1800 UTC;0;896,4;896,5;896,3;1359,6;25,3;18,1;26;24,9;18,6;17,3;66;61;65;82;5,6;2,1;
2025/04/03;1900 UTC;0;896,7;896,7;896,3;538,2;23,8;18,3;25,7;23,7;18,8;17,8;73;64;72;307;4,3;2,1;
2025/04/03;2000 UTC;0;897;897,1;896,5;95,4;21,9;17,7;24,1;21,9;18,9;17,4;77;70;77;75;3,8;,5;
2025/04/03;2100 UTC;14,6;897,3;897,5;897;16,1;19,8;18,1;21,9;19,7;18,5;17,6;90;77;90;355;6,1;1,6;
2025/04/03;2200 UTC;1,4;897,7;897,7;897,2;;19,5;18;19,8;19,5;18,2;17,8;91;90;91;172;2,9;,6;
2025/04/03;2300 UTC;0;898,1;898,1;897,7;;19,4;18,2;19,6;19,2;18,2;17,8;93;91;93;239;1,9;1;
2025/04/04;0000 UTC;2;898,8;898,8;898;;19,9;18,2;20;19,3;19;18,2;94;90;90;212;5;1,9;
2025/04/04;0100 UTC;4,2;899;899;898,8;;19,8;18,2;19,9;19,8;18,2;18,1;90;90;90;238;3,4;1,3;
2025/04/04;0200 UTC;1,2;898,8;899;898,8;;19,7;18,1;19,8;19,7;18,2;18,1;91;90;90;226;3;1,6;
2025/04/04;0300 UTC;0;898,6;898,8;898,6;;19,5;17,9;19,8;19,5;18,1;17,9;91;90;90;283;3,1;,8;
2025/04/04;0400 UTC;0;897,9;898,6;897,9;;19,9;18;19,9;19,5;18,3;17,9;91;89;89;222;4,1;2,1;
2025/04/04;0500 UTC;,2;897,4;897,9;897,4;;20;18,1;20;19,8;18,1;17,9;89;88;89;253;4,1;1,6;
2025/04/04;0600 UTC;0;897;897,4;897;;20,1;18,1;20,1;20;18,2;18,1;89;88;88;209;5,5;2,1;
2025/04/04;0700 UTC;0;897,3;897,3;897;;19,8;17,9;20,1;19,8;18,1;17,9;89;88;89;239;3,9;1,5;
2025/04/04;0800 UTC;0;897,5;897,5;897,3;;19,4;17,7;19,8;19,4;18;17,7;90;89;90;217;3,2;1;
2025/04/04;0900 UTC;0;898,1;898,1;897,5;;19,2;17,7;19,5;18,7;17,9;17;92;90;91;236;3,3;1,2;
2025/04/04;1000 UTC;0;898,8;898,8;898,1;138,8;18,5;16,8;19,3;18,4;17,8;16,7;92;89;90;333;3,5;1;
2025/04/04;1100 UTC;0;899,5;899,5;898,8;407,6;19,9;18;20,2;18,5;18,2;16,9;90;88;88;141;2,1;1;
2025/04/04;1200 UTC;0;899,8;899,8;899,5;660,3;21,1;18,1;21,6;19,9;19;18;89;83;83;190;3,4;1,1;
2025/04/04;1300 UTC;0;899,8;899,9;899,7;1089,1;21,6;19,1;21,6;20,6;19,1;17,8;86;83;85;205;3,9;1,9;
2025/04/04;1400 UTC;2,6;899,5;899,8;899,4;2409,8;21,3;18,4;24;21,3;19,3;17,5;85;71;84;241;4,5;1,9;
2025/04/04;1500 UTC;8;899;899,6;899;1050,1;20,4;17,8;21,3;20,4;19;17,8;89;84;85;228;7;3,3;
2025/04/04;1600 UTC;10,6;898,8;899,2;898,8;174,1;19,7;17,6;20,4;19,5;17,9;17,5;90;85;88;252;7,4;1,5;
2025/04/04;1700 UTC;1,2;898,7;898,8;898,6;637,1;20,4;17,8;20,5;19,7;18;17,6;88;85;85;252;3,2;1,6;
2025/04/04;1800 UTC;0;898;898,7;898;1774,2;21,6;17,4;22,2;20,4;18,4;17,3;86;75;77;185;5,7;2,7;
2025/04/04;1900 UTC;0;898,4;898,4;898;691,9;21,3;17,6;21,6;21;17,7;17;81;77;79;224;6;2,5;
2025/04/04;2000 UTC;5,4;899,4;899,4;898,4;267,4;18,6;16,5;21,3;18,6;17,8;16,4;90;79;88;244;9,9;3;
2025/04/04;2100 UTC;8,6;899,3;899,5;899,2;7;18,4;16,6;18,6;18,3;16,7;16,5;90;88;90;226;5,8;2;
2025/04/04;2200 UTC;4,2;899,5;899,7;899,3;;18,9;17;18,9;18,4;17;16,6;90;89;89;213;6,8;2,5;
2025/04/04;2300 UTC;1,8;900,1;900,1;899,5;;19,3;17,4;19,3;18,9;17,4;16,9;89;88;89;199;6,2;3,3;
2025/04/05;0000 UTC;3,6;900,7;900,7;900,1;;19,1;17,3;19,3;19,1;17,5;17,3;90;89;89;189;7,1;2,5;
2025/04/05;0100 UTC;13;901,2;901,2;900,7;;18,5;16,7;19,2;18,5;17,4;16,7;90;89;89;213;6,5;2,7;
2025/04/05;0200 UTC;6,2;901,2;901,2;901,1;;18,4;16,2;18,7;18,3;16,8;16,2;89;87;87;227;10,4;3,5;
2025/04/05;0300 UTC;2,2;901;901,3;901;;18,2;16,2;18,4;18;16,2;15,9;89;86;89;246;8,3;3,7;
2025/04/05;0400 UTC;,4;900,5;901,1;900,5;;18,2;16,4;18,3;18,1;16,4;16,2;89;88;89;259;8,7;2,8;
2025/04/05;0500 UTC;0;900,1;900,5;900,1;,9;18,2;16,4;18,6;18,2;16,4;16,2;89;86;89;256;6,5;2,9;
2025/04/05;0600 UTC;,2;900,1;900,1;899,9;;17,8;15,9;18,3;17,6;16,5;15,7;89;88;89;246;7,5;2,3;
2025/04/05;0700 UTC;,2;900,3;900,4;900,1;;17,3;15,3;17,9;17,2;15,9;15;88;86;88;247;6,9;3;
2025/04/05;0800 UTC;,2;900,7;900,7;900,3;;17,3;15,4;17,5;17,3;15,4;15,3;89;87;88;251;5,7;1,6;
2025/04/05;0900 UTC;0;901,3;901,3;900,6;,8;17,6;15,7;17,8;17,3;15,7;15,4;89;87;89;222;4,8;2,2;
2025/04/05;1000 UTC;,4;901,8;901,8;901,3;76,3;17,7;15,8;18;17,5;15,8;15,2;89;84;88;245;7,3;1,7;
2025/04/05;1100 UTC;3;902,5;902,5;901,8;235,8;18,1;16,3;18,1;17,7;16,4;15,8;90;88;90;229;4,7;1,9;
2025/04/05;1200 UTC;6,8;903,4;903,4;902,5;230;18;16,1;18,2;17,9;16,5;16;90;88;89;109;5,3;2;
2025/04/05;1300 UTC;4,8;903,2;903,4;903,2;704,8;19,3;17,3;19,4;17,9;17,4;16,1;90;88;88;219;5;1,8;
2025/04/05;1400 UTC;,6;903;903,2;903;1446,7;18,8;16,6;20,7;18,8;18,5;16,5;88;82;87;211;6;2,7;
2025/04/05;1500 UTC;14,4;903,1;903,1;902,8;387,4;18,2;16,3;18,9;18;16,9;16,3;91;87;88;221;8,2;2,8;
2025/04/05;1600 UTC;13;902,8;903,2;902,8;360,2;18,4;16,5;18,4;18,1;16,5;16,3;90;88;89;224;7,6;2,4;
2025/04/05;1700 UTC;2,4;902,7;902,9;902,7;586,9;18,1;16,2;18,4;18,1;16,4;15,8;89;86;88;220;9,6;4,5;
2025/04/05;1800 UTC;4,4;902,9;902,9;902,7;540,4;17,6;15,6;18,3;17,5;16,3;15,6;89;87;88;236;9,4;4,8;
2025/04/05;1900 UTC;6,2;903,3;903,3;902,9;330,2;16,6;14,5;17,6;16,6;15,6;14,5;89;87;87;240;10;3,1;
2025/04/05;2000 UTC;4,6;903,5;903,7;903,3;183,4;16,2;14,4;16,6;15,9;14,5;13,9;89;87;89;224;8,8;4,1;
2025/04/05;2100 UTC;4,2;903,9;903,9;903,3;47,5;15,3;13,4;16,2;15,3;14,4;13,4;89;89;89;245;11,7;5,3;
2025/04/05;2200 UTC;2,4;904,2;904,2;903,9;,1;15,4;13,3;15,4;14,7;13,5;12,7;89;87;87;223;13,5;6,6;
2025/04/05;2300 UTC;2,2;904,8;904,8;904,1;,1;15,2;13,1;15,7;15,1;13,8;12,9;89;85;87;227;13,1;5,7;
2025/04/06;0000 UTC;1,6;904,8;905;904,8;;15,2;13,4;15,2;15,1;13,4;12,9;89;87;89;235;12,9;4,4;
2025/04/06;0100 UTC;1,8;905;905;904,7;;14,8;13;15,2;14,6;13,4;12,7;89;88;89;239;12,2;6;
2025/04/06;0200 UTC;1;904,7;905;904,7;;15,5;13,6;15,5;14,8;13,7;13;89;88;89;227;13,9;5,8;
2025/04/06;0300 UTC;1,6;904,8;904,9;904,6;;15,2;13,4;15,5;15,1;13,7;13,3;89;87;89;237;11,2;4,4;
2025/04/06;0400 UTC;,8;904,2;904,9;904,2;;15;13,2;15,4;15;13,6;13,2;89;88;89;233;10,4;4,8;
2025/04/06;0500 UTC;,2;903,7;904,3;903,7;,2;14,9;13,3;15;14,8;13,3;12,9;90;88;90;223;12,5;6;
2025/04/06;0600 UTC;,6;903,4;903,7;903,4;;14,8;13;15;14,8;13,4;12,9;91;88;89;220;12;4,1;
2025/04/06;0700 UTC;,8;903,4;903,4;903,1;,1;15;13,2;15,1;14,8;13,4;13,1;89;89;89;226;11;5,5;
2025/04/06;0800 UTC;1;903,5;903,6;903,3;;15;13,2;15;14,8;13,2;13;90;89;89;240;9,8;3,5;
2025/04/06;0900 UTC;,2;903,9;903,9;903,5;;15,1;13,3;15,1;15;13,3;13,1;89;89;89;239;8;3,3;
2025/04/06;1000 UTC;,6;904,1;904,1;903,9;93,6;15,1;13,4;15,1;14,9;13,4;13,2;90;89;90;248;9,6;3,3;
2025/04/06;1100 UTC;,6;904,9;904,9;904,1;392;15,4;13,5;15,5;15,1;13,7;13,4;90;89;89;219;9,2;4,4;
2025/04/06;1200 UTC;,2;905,3;905,3;904,9;715,1;15,8;13,9;15,9;15,4;14;13,5;89;88;88;236;9,2;3,5;
2025/04/06;1300 UTC;,6;905,5;905,6;905,3;1543,4;17,1;15,1;17,1;15,7;15,2;13,8;89;86;88;242;7,3;3,6;
2025/04/06;1400 UTC;0;905,6;905,7;905,4;2140,8;16,7;14,5;17,3;16,3;15,2;14;89;86;87;218;9,2;3,6;
2025/04/06;1500 UTC;0;904,9;905,6;904,8;2650,8;16,9;14,4;17,9;16,7;15,4;14,3;87;82;85;226;8,8;4,8;
2025/04/06;1600 UTC;0;904,5;905;904,5;1981,9;16,9;13,8;17,4;16,3;14,9;13,5;88;81;82;257;9,7;3,7;
2025/04/06;1700 UTC;0;903,5;904,4;903,5;2495,1;17,8;14,5;18,7;16,9;15,3;13,8;83;76;81;231;7,2;3,5;
2025/04/06;1800 UTC;,4;903,7;903,7;903,5;1462;16,4;14,2;17,8;16,3;15,1;13,9;87;81;87;247;9,1;3,1;
2025/04/06;1900 UTC;0;903,9;903,9;903,6;791,2;15,5;12,6;16,4;15,4;14,1;12,1;87;79;83;252;8,8;2,9;
2025/04/06;2000 UTC;0;903,3;903,9;903,3;257;15,5;13,6;15,6;15,3;13,6;12,4;89;82;89;238;6,9;2,5;
2025/04/06;2100 UTC;1,8;903,5;903,6;903,3;29,6;15,4;13,6;15,6;15,3;13,7;13,5;89;88;89;238;8,7;4,4;
2025/04/06;2200 UTC;,6;904;904;903,5;;15,3;13,4;15,5;15,3;13,6;13,4;89;88;88;231;8,9;3,1;
2025/04/06;2300 UTC;1,4;904,2;904,3;904;;15,5;13,6;15,5;15,3;13,7;13,4;90;88;89;224;9,2;4;
2025/04/07;0000 UTC;,6;904,5;904,6;904,2;;15,1;13;15,5;15,1;13,6;13;89;87;88;239;11,2;4,4;
2025/04/07;0100 UTC;,2;904,2;904,5;904,2;;14,7;12,9;15,1;14,7;13;12,8;89;87;89;230;10,3;3,9;
2025/04/07;0200 UTC;,6;904;904,2;904;;14,4;12,5;14,7;14,4;12,8;12,4;89;88;88;237;9,6;3,3;
2025/04/07;0300 UTC;,2;903,5;904;903,5;;14,4;12,3;14,5;14,3;12,6;12,1;89;86;87;248;10,5;3,3;
2025/04/07;0400 UTC;,2;902,9;903,6;902,8;;14,2;11,7;14,4;14,2;12,3;11,7;88;85;85;240;11;4;
2025/04/07;0500 UTC;0;902,3;902,9;902,3;;14,3;11,6;14,4;14,1;11,7;11,3;85;82;84;244;10,3;4,1;
2025/04/07;0600 UTC;,4;901,9;902,3;901,9;;14,2;11,5;14,3;14;12,3;11,5;88;84;84;240;9,7;4,6;
2025/04/07;0700 UTC;0;901,6;901,9;901,5;;14,2;11,7;14,5;14,1;11,7;10,9;85;81;85;227;10,2;4;
2025/04/07;0800 UTC;,2;901,8;901,8;901,5;;14;9,9;14,2;13,8;11,8;9,9;87;76;77;251;8,6;4;
2025/04/07;0900 UTC;0;902,1;902,1;901,7;;13,1;8,8;14;12,8;10;8,7;77;71;75;270;9,1;2,7;
2025/04/07;1000 UTC;0;902,6;902,6;902;263,3;13,7;9,4;13,8;12,2;9,6;8,7;82;74;75;218;5,6;2,1;
2025/04/07;1100 UTC;0;903;903,1;902,6;1152,1;15,7;8,9;15,7;13,6;9,9;8,6;76;63;64;227;6,8;3,2;
2025/04/07;1200 UTC;0;903,2;903,3;903;1993,9;16,9;10,4;17;15,7;10,4;8,4;66;60;66;216;7,4;3,6;
2025/04/07;1300 UTC;0;903,3;903,3;903,2;2613,8;18,2;11,6;18,2;16,8;11,6;10;68;63;66;228;7,4;3,2;
2025/04/07;1400 UTC;0;903;903,3;902,9;2462,1;17,7;9,4;18,8;17,1;11,7;9,4;66;57;58;231;6,5;2,9;
2025/04/07;1500 UTC;,2;902,3;903;902,3;3165,8;19,2;10,3;20;17,6;11,8;9;62;55;56;215;6,4;1,7;
2025/04/07;1600 UTC;0;901,6;902,3;901,6;3271,8;18,7;11,8;20,3;18,4;12,9;9,7;66;56;64;229;5,6;2,8;
2025/04/07;1700 UTC;0;901,1;901,6;901,1;2808,2;19,4;13,4;20;18,3;14;12;71;62;68;252;6,2;3,1;
2025/04/07;1800 UTC;0;900,9;901,1;900,8;2775,2;18,4;12,6;19,6;18,4;14;12;73;64;69;239;6,4;3,3;
2025/04/07;1900 UTC;0;901,1;901,1;900,9;1063,3;17,2;13,3;18,6;17,2;13,8;12,5;78;69;77;229;5,9;2,7;
2025/04/07;2000 UTC;0;901,1;901,2;901;306,1;16,2;13,1;17,2;16,2;13,3;13;82;78;82;229;6;2,9;
2025/04/07;2100 UTC;0;901,3;901,3;901,1;60,1;16;13,1;16,2;16;13,2;12,9;83;82;83;223;5,6;2,4;
2025/04/07;2200 UTC;0;901,7;901,8;901,3;;15,7;12,9;16;15,7;13,1;12,6;84;81;83;215;4,8;1,6;
2025/04/07;2300 UTC;0;902;902;901,7;;14,9;12,8;15,7;14,9;13;12,7;87;83;87;247;3,7;1,4;
2025/04/08;0000 UTC;0;902,2;902,3;902;;13,8;12,1;14,9;13,8;13;12;89;87;89;243;4,2;1;
2025/04/08;0100 UTC;0;902,2;902,2;902,1;;12,8;11,2;13,9;12,8;12,2;11,2;90;89;90;266;3,3;,5;
2025/04/08;0200 UTC;0;902,1;902,2;902,1;;12,5;11,1;12,9;12,5;11,5;11;91;90;91;252;4,1;1,1;
2025/04/08;0300 UTC;0;902;902,2;902;;12;10,7;12,5;11,9;11,2;10,6;92;91;92;315;3,8;,5;
2025/04/08;0400 UTC;0;901,4;902;901,4;;11,4;10,1;12,1;11,4;10,8;10,1;92;92;92;45;2,6;,6;
2025/04/08;0500 UTC;0;900,8;901,4;900,8;;10,5;9,6;11,4;10,5;10,1;9,4;94;92;94;316;1,2;,4;
2025/04/08;0600 UTC;0;900,6;900,8;900,6;;10,4;9,5;10,5;10,1;9,6;9,2;95;94;95;292;,9;,2;
2025/04/08;0700 UTC;0;900,4;900,6;900,4;;9,9;9,1;10,4;9,9;9,6;9,1;95;95;95;359;1,7;,5;
2025/04/08;0800 UTC;,2;900,6;900,6;900,4;;9,7;8,9;10;9,6;9,2;8,9;95;95;95;96;1;,3;
2025/04/08;0900 UTC;0;901;901;900,6;;8,9;8,2;9,7;8,8;8,9;8,1;95;95;95;24;,8;,3;
2025/04/08;1000 UTC;0;901,5;901,5;900,9;168,2;9,9;9,2;9,9;8,9;9,2;8,2;95;95;95;52;,9;,3;
2025/04/08;1100 UTC;0;902;902;901,5;1105,8;13,1;12,3;13,1;9,9;12,3;9,2;95;95;95;110;1,7;,8;
2025/04/08;1200 UTC;0;901,9;902;901,8;1952,6;18;10,6;18,2;13,1;13,5;10,6;95;62;62;45;2,9;1,5;
2025/04/08;1300 UTC;0;901,6;901,9;901,6;2616;19,3;10,9;20,2;17,9;12,2;9,9;64;56;58;11;5,2;2,6;
2025/04/08;1400 UTC;0;900,9;901,6;900,9;3099,9;21,6;12,8;21,7;19,3;13,1;10,8;61;53;57;50;6,5;2,5;
2025/04/08;1500 UTC;0;900,3;900,9;900,2;3328,4;21,7;11,6;22,3;20,7;13,2;10,4;57;49;52;61;6,5;2,7;
2025/04/08;1600 UTC;0;899,6;900,3;899,6;3309,8;22,4;11,9;22,9;21,5;13;10,9;57;50;52;49;7,1;2,5;
2025/04/08;1700 UTC;0;898,9;899,6;898,8;3037,5;22;12,6;23,1;21,8;13,6;11,4;57;51;55;80;6,8;3,8;
2025/04/08;1800 UTC;0;898,7;898,9;898,7;2185,7;21,9;12,6;22,8;21,5;13,4;11,9;57;52;55;83;6,6;2,4;
2025/04/08;1900 UTC;0;898,8;898,8;898,7;472,6;20;13,1;22;20;13,8;12,3;67;55;65;14;6;1,4;
2025/04/08;2000 UTC;0;899,4;899,4;898,8;328,1;18,7;13,5;20,2;18,7;14;12,9;72;64;72;33;3,9;1,1;
2025/04/08;2100 UTC;0;899,6;899,6;899,4;43,1;16,6;13,6;18,7;16,6;13,7;13,4;83;72;83;359;4,6;,8;
2025/04/08;2200 UTC;0;900,1;900,1;899,6;;15,8;13,7;16,8;15,5;14;13,3;88;83;87;346;3,3;1,5;
2025/04/08;2300 UTC;0;900,5;900,5;900;;15,5;13;16,3;15,4;13,7;12,8;87;83;85;12;3,6;1,9;
2025/04/09;0000 UTC;0;900,8;900,8;900,5;;14,3;12,7;15,7;14,2;13,4;12,4;90;85;90;60;3,2;1,1;
2025/04/09;0100 UTC;0;900,7;900,8;900,7;;14;12,6;14,4;13,8;13;12,2;92;89;91;77;2,6;1,1;
2025/04/09;0200 UTC;0;900,5;900,7;900,5;;14;12,9;14,2;13,3;13,2;11,9;94;91;93;34;2,9;,7;
2025/04/09;0300 UTC;0;900,4;900,5;900,4;;14,9;14;14,9;13,5;14;12,3;94;92;94;81;3,7;1,4;
2025/04/09;0400 UTC;0;899,7;900,4;899,6;;16;13,9;16;14,9;14,1;13,9;94;88;88;72;4,7;1,5;
2025/04/09;0500 UTC;0;899,3;899,7;899,3;1,7;16,1;13,9;16,2;16;13,9;13,8;88;86;87;70;4,7;1,5;
2025/04/09;0600 UTC;0;899,1;899,3;899,1;;16,4;14,1;16,4;16,1;14,1;13,9;87;86;87;52;5;1,5;
2025/04/09;0700 UTC;0;899;899,1;898,9;;16,2;14,3;16,4;16,2;14,3;14,1;89;86;89;59;4,9;1,5;
2025/04/09;0800 UTC;0;899,2;899,2;899;;16,3;14,4;16,3;16,2;14,4;14,3;89;88;88;69;4,1;1,4;
2025/04/09;0900 UTC;0;899,3;899,3;899,2;1;16,2;14,4;16,4;16,2;14,5;14,4;89;88;89;33;4;2;
2025/04/09;1000 UTC;0;899,9;899,9;899,3;180,4;16,8;14,6;16,9;16,1;14,8;14,3;89;87;87;46;4,2;2,1;
2025/04/09;1100 UTC;0;900,3;900,3;899,9;546,4;17,9;14,9;17,9;16,8;15,1;14,6;87;83;83;65;5,1;2,6;
2025/04/09;1200 UTC;0;900,6;900,7;900,3;727;18,8;14,9;18,8;17,8;15,3;14,6;83;78;78;73;6,7;3,1;
2025/04/09;1300 UTC;0;900,1;900,7;900,1;1702,9;21,2;16,3;21,2;18,7;16,3;14,7;80;71;73;72;7,2;3,4;
2025/04/09;1400 UTC;0;899,4;900,1;899,4;3098,6;21,1;15,5;21,8;20,9;16,3;15,1;73;68;70;79;8,7;4,4;
2025/04/09;1500 UTC;0;898,5;899,4;898,4;3420,4;23,3;16,1;23,3;21,1;16,7;15,4;72;62;64;78;8,4;3,6;
2025/04/09;1600 UTC;0;897,8;898,5;897,8;2136,8;22,9;15,4;23,3;22,4;16,1;15;66;61;63;62;8,1;2,4;
2025/04/09;1700 UTC;0;897,3;897,8;897,3;1451,4;23,1;15,7;23,5;22,6;16,4;15,1;65;62;63;78;6,3;2,6;
2025/04/09;1800 UTC;0;897,2;897,3;897,1;2674,6;25;15,5;25;23,1;16,3;14,8;64;54;55;76;7,4;2,8;
2025/04/09;1900 UTC;0;897,3;897,3;897,1;917,7;23,2;15,6;25,5;23,2;16;12,1;62;47;62;304;5,8;1,2;
2025/04/09;2000 UTC;0;897,1;897,3;897,1;398,8;21,9;16,5;23,2;21,6;17,4;15;75;62;72;16;2,1;,7;
2025/04/09;2100 UTC;0;897,2;897,2;897,1;53,2;18,9;15,2;21,9;18,9;16,8;15,2;84;72;79;317;3,9;2,4;
2025/04/09;2200 UTC;0;897,8;897,8;897,2;;17,5;14,6;18,9;17,5;15,3;14,6;83;79;83;309;3,4;1,4;
2025/04/09;2300 UTC;0;898,1;898,1;897,8;;16,3;14,5;17,5;16,2;14,8;14,3;89;83;89;276;2,3;,6;
2025/04/10;0000 UTC;0;898,3;898,3;898,2;;16,4;14,9;16,4;16,2;14,9;14,5;91;90;91;120;2,1;,2;
2025/04/10;0100 UTC;,8;898,9;898,9;898,1;;17,1;15,7;17,1;16,3;15,7;14,8;92;91;92;224;2,7;1,4;
2025/04/10;0200 UTC;5;898,3;898,8;898,2;;16,9;15,7;17,1;16,9;15,9;15,6;93;92;92;77;2,7;,9;
2025/04/10;0300 UTC;,2;898,2;898,4;898,2;;16,9;15,9;17,1;16,8;16,1;15,6;94;92;94;21;3,1;,6;
2025/04/10;0400 UTC;,6;897,7;898,4;897,6;;16,9;15,9;17;16,8;16;15,8;94;94;94;38;1,8;,6;
2025/04/10;0500 UTC;,2;896,9;897,7;896,6;;16,6;15,7;17;16,5;16;15,6;94;94;94;38;1,8;,4;
2025/04/10;0600 UTC;0;896,7;896,9;896,7;;16,7;15,7;16,7;16,4;15,8;15,5;94;94;94;261;2,8;,6;
2025/04/10;0700 UTC;,2;896,4;896,7;896,4;;15,9;14,8;16,7;15,9;15,6;14,8;94;93;93;324;2,9;1,4;
2025/04/10;0800 UTC;0;896,9;896,9;896,4;;15,9;14,8;16,1;15,9;15;14,7;94;92;93;297;3,2;1;
2025/04/10;0900 UTC;0;897,2;897,2;896,9;;15,8;14,9;15,9;15,7;14,9;14,6;94;93;94;347;1,8;1;
2025/04/10;1000 UTC;0;897,4;897,5;897,2;115,4;15,9;15;15,9;15,5;15;14,6;94;94;94;302;2;,6;
2025/04/10;1100 UTC;0;897,4;897,5;897,3;967,5;17,9;15,1;17,9;15,9;16,3;14,9;94;84;84;197;2,4;1,4;
2025/04/10;1200 UTC;0;897,4;897,5;897,3;1840,5;21;15,6;21;17,9;15,9;14,3;84;70;71;52;2,5;,8;
2025/04/10;1300 UTC;0;897,2;897,5;897,1;2181,7;23;16,2;23,6;21;17,2;14,2;73;62;65;74;5,3;2,7;
2025/04/10;1400 UTC;0;897,1;897,4;897,1;2237,3;23,9;15,8;24,1;22,6;17,3;15,3;68;61;61;71;6,2;2,4;
2025/04/10;1500 UTC;0;896,4;897,1;896,4;3311,1;25,3;15,6;25,4;23,7;16,7;14,1;63;51;55;111;5,1;2;
2025/04/10;1600 UTC;0;895,9;896,4;895,9;3308,8;21,8;17,2;25,4;21,7;18,6;14,3;76;51;75;223;8,5;4,2;
2025/04/10;1700 UTC;,6;895,3;895,9;895,3;746,9;18,9;16,3;22;18,9;17,3;16,2;85;73;85;216;8,4;3,9;
2025/04/10;1800 UTC;6,2;894,8;895,7;894,8;75;18,2;16,1;18,9;18,2;16,5;16,1;88;85;88;206;8,1;4,3;
2025/04/10;1900 UTC;1,2;896,4;896,4;894,8;189,3;17,2;14,7;18,2;17,2;16,2;14,7;88;84;85;226;10,3;3,8;
2025/04/10;2000 UTC;1,2;896,1;896,6;896,1;99;17;15;17,2;16,8;15;14,5;89;85;88;227;9,1;2,5;
2025/04/10;2100 UTC;0;895,9;896,2;895,8;22,9;17,1;14,9;17,4;17;15,1;14,9;88;86;87;221;6,4;2,4;
2025/04/10;2200 UTC;,2;896,2;896,3;895,8;;17,4;15,2;17,6;17,1;15,3;14,9;87;85;87;193;7,7;3,2;
2025/04/10;2300 UTC;0;898;898;896,2;;16,8;14,3;17,4;16,8;15,3;14,3;88;85;85;248;7,3;3,7;
2025/04/11;0000 UTC;4,4;896,8;898,4;896,8;;15,5;13,7;16,8;15,4;14,2;13,4;89;82;89;81;8,1;1,1;
2025/04/11;0100 UTC;0;896,9;896,9;896,8;;14,9;13,6;15,5;14,6;13,7;13,1;92;89;92;250;2,2;,8;
2025/04/11;0200 UTC;0;897,1;897,1;896,7;;15,2;13,2;15,2;14,8;13,8;13,1;92;88;88;246;4,4;2,4;
2025/04/11;0300 UTC;0;896,8;897,1;896,8;;15,5;13;15,6;15,2;13,2;12,7;88;84;85;262;5,4;2;
2025/04/11;0400 UTC;0;896,2;896,8;896,2;;14,5;12,8;15,5;14,5;13;12,7;89;85;89;202;4,8;1,4;
2025/04/11;0500 UTC;,2;896,1;896,2;896;;13,6;12,1;14,6;13,6;12,9;12,1;91;89;91;212;4,1;,7;
2025/04/11;0600 UTC;0;895,8;896,1;895,7;;13,7;12,4;14;13,4;12,9;12;94;91;92;217;4,1;1,9;
2025/04/11;0700 UTC;0;895,7;895,8;895,6;;13,3;12,5;13,9;12,6;12,8;11,4;95;91;95;232;4,1;1,6;
2025/04/11;0800 UTC;0;895,9;895,9;895,7;;13,4;12,5;13,8;13,2;12,9;12,3;95;94;94;17;3;,5;
2025/04/11;0900 UTC;0;896,1;896,1;895,8;;14,2;12,6;14,5;13,4;13,4;12,5;95;90;90;244;4,7;1,7;
2025/04/11;1000 UTC;0;896,5;896,5;896,1;272,7;15,6;13,5;15,6;14,1;13,5;12,5;91;87;88;241;4;1,4;
2025/04/11;1100 UTC;0;896,8;896,9;896,5;1102,4;17,6;13,8;17,6;15,5;14;13,1;87;79;79;246;4,7;1,9;
2025/04/11;1200 UTC;0;897,3;897,3;896,8;1929,7;19,1;13,4;19,1;17,6;14,3;13,2;79;69;70;217;6,5;3,1;
2025/04/11;1300 UTC;0;897,8;897,8;897,3;2602,9;20,2;13,8;20,3;19,1;14,5;12,8;71;65;67;229;6,6;3,2;
2025/04/11;1400 UTC;0;897,7;897,8;897,6;3018,4;20,4;14,2;20,6;19,7;15,2;13,4;72;66;68;241;6,5;3,4;
2025/04/11;1500 UTC;0;897,5;897,7;897,4;3534,2;20,6;14,8;20,9;20;15,3;13,8;72;66;69;235;7,1;4;
2025/04/11;1600 UTC;0;896,8;897,5;896,8;3520,1;20,7;15,1;20,9;19,8;15,3;14,2;74;67;70;240;7,2;3,4;
2025/04/11;1700 UTC;0;896,6;896,8;896,6;2429,7;19,3;14,8;21,1;19,1;15,7;14,4;75;69;75;226;8,3;3,9;
2025/04/11;1800 UTC;0;896,5;896,7;896,4;1896,5;20,2;14,7;20,5;19,3;15,5;14,4;75;70;71;224;7;3;
2025/04/11;1900 UTC;0;896,7;896,8;896,4;1112,4;19,2;15;20,2;19,2;15,4;14,5;77;71;76;230;7,4;2,5;
2025/04/11;2000 UTC;0;896,9;896,9;896,6;722,9;18,3;15;19,3;18,3;15,3;14,8;82;77;81;238;6,7;1,9;
2025/04/11;2100 UTC;0;897,2;897,3;896,9;53,3;17,8;15,6;18,3;17,7;15,6;14,8;87;80;87;245;4,9;2,1;
2025/04/11;2200 UTC;1,2;897,9;897,9;897,1;;16,9;14,7;17,8;16,9;15,7;14,7;88;87;87;251;6,4;3,1;
2025/04/11;2300 UTC;,4;898,7;898,7;897,9;;16,8;14,2;17;16,6;14,7;14;87;83;85;237;6,4;1,2;
2025/04/12;0000 UTC;0;899;899,1;898,7;;16,7;14,3;16,8;16,4;14,5;14,2;88;85;86;270;4,7;2,6;
2025/04/12;0100 UTC;0;899,2;899,2;899;;16;14;16,9;16;14,5;13,8;88;84;88;233;5;1,4;
2025/04/12;0200 UTC;0;898,9;899,2;898,9;;15,1;13,6;16,3;14,9;14,3;13,3;91;87;91;255;3,1;1,2;
2025/04/12;0300 UTC;0;898,9;899;898,9;;14,8;13,4;15,3;14,6;13,9;13,1;91;90;91;257;3,8;1,6;
2025/04/12;0400 UTC;0;898,6;898,9;898,6;;14,3;13;15;13,9;13,6;12,5;92;91;92;237;3,3;1,3;
2025/04/12;0500 UTC;0;898,6;898,6;898,5;;13,4;12,5;14,3;13,4;13;12,3;94;92;94;292;2,3;,8;
2025/04/12;0600 UTC;,2;898,5;898,7;898,5;;13,5;12,6;13,6;13,1;12,8;12,3;95;94;95;257;2,1;1,2;
2025/04/12;0700 UTC;0;898,4;898,5;898,4;;13,6;12,8;13,6;13,2;12,8;12,4;95;95;95;312;1,8;,3;
2025/04/12;0800 UTC;0;898,2;898,5;898,2;;13,6;12,8;13,9;13,6;13,1;12,8;95;95;95;260;2,2;1,3;
2025/04/12;0900 UTC;0;898,7;898,7;898,2;;12,9;12,2;13,6;12,7;12,8;11,9;95;95;95;24;3,1;,7;
2025/04/12;1000 UTC;0;899,4;899,4;898,7;110,1;13,4;12,7;13,4;12,9;12,7;12,2;95;95;95;99;1,3;,3;
2025/04/12;1100 UTC;0;899,4;899,5;899,3;1073,6;16,5;15,7;16,5;13,4;15,7;12,6;95;95;95;241;2,8;1,5;
2025/04/12;1200 UTC;0;899,9;899,9;899,4;1685,3;18;14,5;18,3;16;16,4;14,5;95;80;80;206;2,9;1,7;
2025/04/12;1300 UTC;0;899,7;899,9;899,7;2097;20,8;14,6;21,3;18;15,8;13,4;81;63;68;262;2,8;1,2;
2025/04/12;1400 UTC;0;899,4;899,7;899,4;1917,2;20,4;14,6;21,7;20;16,1;14;73;64;70;241;3,7;1,6;
2025/04/12;1500 UTC;0;898,8;899,5;898,8;1484,8;20,1;15,4;20,6;19,8;16,2;14,4;77;69;74;215;4,4;2,4;
2025/04/12;1600 UTC;0;898,1;898,8;898,1;2466,4;20,4;15;22,3;20;16;14,4;76;64;71;246;5,3;3,2;
2025/04/12;1700 UTC;0;897,6;898,1;897,6;2620,6;20,8;15,5;21,8;20,4;16,1;14,8;73;66;72;227;6,5;3,6;
2025/04/12;1800 UTC;0;897,4;897,6;897,3;2039,2;21,1;14,9;21,7;19,7;16,3;14,6;76;66;68;242;6,3;3;
2025/04/12;1900 UTC;0;897,6;897,6;897,4;634,9;19,5;15,3;21,1;19,5;15,4;14,2;77;67;77;234;6,1;2;
2025/04/12;2000 UTC;0;897,9;898;897,6;188;18,9;15,7;19,5;18,9;15,8;15,2;82;77;82;220;4,1;1,3;
2025/04/12;2100 UTC;0;898,1;898,1;897,8;34,3;18,5;16;19;18,4;16;15,5;85;80;85;130;2,7;,7;
2025/04/12;2200 UTC;0;898,7;898,7;898,1;;18;15,9;18,5;18;16,1;15,9;88;85;88;49;1,7;,3;
2025/04/12;2300 UTC;0;899,3;899,3;898,7;;17,3;15,6;18,1;17,3;16;15,6;90;88;90;282;,8;,3;
2025/04/13;0000 UTC;0;900,1;900,1;899,3;;17,2;15,8;17,3;17,1;15,8;15,6;91;90;91;78;1;,3;
2025/04/13;0100 UTC;0;900;900,1;899,9;;17;15,8;17,2;16,9;15,8;15,6;92;91;92;68;1,3;,5;
2025/04/13;0200 UTC;0;900;900,1;900;;16,1;15;17,1;16,1;15,9;15;93;92;93;70;1,8;,7;
2025/04/13;0300 UTC;0;900,1;900,1;900;;15,3;14;16,2;15,1;15,2;13,8;94;92;92;12;3,4;,8;
2025/04/13;0400 UTC;0;899,6;900,1;899,6;;14,1;13;15,3;14,1;14,1;12,9;94;92;93;307;1,8;,6;
2025/04/13;0500 UTC;0;899,2;899,6;899,1;;13,8;12,9;14,1;13,6;13,2;12,6;95;93;95;358;1,2;,6;
2025/04/13;0600 UTC;0;898,6;899,2;898,6;;13,8;13;13,9;13,7;13,1;12,8;95;95;95;305;1;,3;
2025/04/13;0700 UTC;0;898,6;898,7;898,5;;13;12,2;13,9;13;13,1;12,2;95;95;95;36;1,1;,3;
2025/04/13;0800 UTC;0;898,7;898,8;898,6;;12,6;11,9;13,1;12,5;12,2;11,8;95;95;95;14;1;,3;
2025/04/13;0900 UTC;,2;899,3;899,4;898,7;;12,1;11,3;12,8;12;12;11,2;95;95;95;39;1,1;,4;
2025/04/13;1000 UTC;0;899,8;899,8;899,3;176,6;13,2;12,5;13,3;11,9;12,5;11,2;95;95;95;123;1,2;,8;
2025/04/13;1100 UTC;0;900,2;900,2;899,8;881,9;16,6;15,8;16,7;13,2;15,9;12,5;95;95;95;100;2;1,1;
2025/04/13;1200 UTC;0;900,3;900,3;900,2;1707,1;19,2;14,5;19,2;16,5;16,5;13,4;95;72;74;71;4;2,2;
2025/04/13;1300 UTC;0;900,3;900,4;900,3;2082,9;19,7;14,3;20,9;19,1;15,3;13,6;75;67;71;74;5,7;2,8;
2025/04/13;1400 UTC;0;899,8;900,4;899,8;1748,9;20,8;15,3;20,8;19,6;15,5;14,1;74;69;71;76;5,7;3,1;
2025/04/13;1500 UTC;0;899,2;899,8;899,2;1749,9;20,5;14,6;21,9;19,7;16,3;13,8;73;64;69;72;6,6;2,6;
2025/04/13;1600 UTC;0;898,4;899,2;898,4;2059,6;21,3;14,9;22,1;19,9;16,5;14,1;73;65;67;59;7;3,1;
2025/04/13;1700 UTC;0;897,6;898,4;897,6;2185;22,5;15;23;20,9;15,9;14,1;69;61;63;49;7,2;2,6;
2025/04/13;1800 UTC;0;897,1;897,6;897,1;2374;21,9;13,9;23;21,8;15,3;13,4;65;58;60;40;6,8;2,5;
2025/04/13;1900 UTC;0;897,4;897,4;897,1;1042,7;20,8;14,4;22,3;20,7;14,9;13,5;67;59;67;32;5,8;1,4;
2025/04/13;2000 UTC;0;897,3;897,4;897,3;288,9;19,1;14,8;20,8;19;14,8;13,8;76;66;76;39;4,2;,4;
2025/04/13;2100 UTC;0;897,1;897,4;897,1;49,1;18,3;14,8;19,1;18,3;14,8;14,6;80;76;80;79;2,4;,8;
2025/04/13;2200 UTC;0;897,3;897,4;897,1;;17,6;14,3;18,3;17,4;14,8;14,3;84;80;81;60;3;,7;
2025/04/13;2300 UTC;0;897,6;897,7;897,3;;17,1;14,6;17,8;17;15;14,3;86;81;86;24;3;1,5;
2025/04/14;0000 UTC;0;897,5;897,9;897,5;;17;15,1;17,2;16,6;15,2;14,3;89;85;88;19;3,1;1,6;
2025/04/14;0100 UTC;0;897,8;897,9;897,5;;17;15,2;17,2;16,4;15,2;14,5;89;87;89;19;3,6;1,2;
2025/04/14;0200 UTC;0;897,7;897,9;897,6;;17,4;15,6;17,4;16,5;15,6;14,7;90;88;89;64;4;1,2;
2025/04/14;0300 UTC;0;897,8;897,9;897,6;;17,9;15,4;17,9;17,4;15,7;15,4;89;86;86;72;5,6;1,9;
2025/04/14;0400 UTC;0;897,2;897,8;897,1;;17,9;15,6;17,9;17,7;15,6;15,3;87;85;86;81;5;2,4;
2025/04/14;0500 UTC;0;896,7;897,2;896,7;;17,8;15,7;18;17,7;15,7;15,5;88;86;87;60;5,4;2,4;
2025/04/14;0600 UTC;0;896;896,7;896;;17,8;15,6;18;17,8;15,7;15,5;87;86;87;321;5,4;,9;
2025/04/14;0700 UTC;0;895,7;896;895,7;;17,9;15,7;18;17,8;15,7;15,5;87;85;87;360;4,2;1,2;
2025/04/14;0800 UTC;0;896;896;895,6;;17,6;15,6;18,3;17,6;15,7;15,5;88;84;88;8;4,3;,7;
2025/04/14;0900 UTC;2,8;896,4;896,4;896;;17,8;15,8;17,9;17,5;16,1;15,6;90;87;88;67;6,3;1,5;
2025/04/14;1000 UTC;,4;897,3;897,3;896,4;37,1;18,1;15,5;18,4;17,8;15,9;15,4;88;83;85;74;6,1;2,4;
2025/04/14;1100 UTC;2,8;897,5;897,6;897,1;160,9;18,2;15,8;18,3;17,8;15,8;15,5;87;85;86;90;5,5;2,5;
2025/04/14;1200 UTC;,2;898,4;898,4;897,5;458,2;19,1;16;19,1;18,2;16,6;15,8;86;82;82;103;5;1,4;
2025/04/14;1300 UTC;0;898,3;898,6;898,3;1081,9;20,7;16,6;20,8;18,8;18,2;16,1;87;77;77;140;3,3;,9;
2025/04/14;1400 UTC;0;898;898,4;898;769,7;19,1;17;21;18,9;17,1;16,4;88;77;88;209;4,9;2,3;
2025/04/14;1500 UTC;0;897,4;898;897,4;890,4;20,1;17;20,3;18,8;17,5;16,6;88;82;82;215;4,3;1,3;
2025/04/14;1600 UTC;,2;896,8;897,4;896,8;1237,9;20;16,7;22,1;19,9;18,4;16,3;83;74;81;178;5,1;2,6;
2025/04/14;1700 UTC;0;896,2;896,8;896,2;1201,1;20,4;16,7;20,6;19,9;17,4;16,6;83;79;79;221;6,6;3,3;
2025/04/14;1800 UTC;0;896,1;896,3;895,7;1895,9;21,6;16,2;21,8;20,1;17,6;15,7;83;71;71;220;7,7;2,7;
2025/04/14;1900 UTC;0;896,5;896,6;896;936,6;19,2;17;22;19,1;17,2;16,3;88;70;87;214;8,5;3,7;
2025/04/14;2000 UTC;3;897,1;897,1;896,5;167,5;18,1;16,3;19,3;18;17,1;16,2;90;87;90;244;8,7;4,4;
2025/04/14;2100 UTC;,4;897,6;897,6;897;8,6;17;15,4;18,1;17;16,2;15,4;91;89;90;224;10,2;4;
2025/04/14;2200 UTC;,4;897,6;897,6;897,3;;16,9;14,4;17;16,7;15,4;14;90;84;86;246;9,2;3,5;
2025/04/14;2300 UTC;0;898,1;898,2;897,6;;16,8;14,7;16,9;16,8;14,9;14,5;89;86;87;211;8,7;3,5;
2025/04/15;0000 UTC;0;898,3;898,3;898;;16,8;14,9;16,9;16,8;14,9;14,7;88;87;88;159;8;1,9;
2025/04/15;0100 UTC;,4;898,5;898,5;898,2;;17;15,1;17;16,8;15,2;14,9;90;88;89;206;9,1;3,3;
2025/04/15;0200 UTC;0;898,4;898,6;898,3;;16,9;15;17;16,8;15,1;14,9;90;88;89;210;7,8;3,2;
2025/04/15;0300 UTC;,4;898,5;898,5;898,3;;16,2;14,2;17;16,2;15,1;14,2;89;88;88;198;9,1;3,9;
2025/04/15;0400 UTC;0;898,2;898,5;898,1;;16,1;14;16,2;16;14,3;14;89;87;88;206;7,7;4;
2025/04/15;0500 UTC;0;897,9;898,2;897,8;;16;13,6;16,2;15,9;14;13,6;88;85;86;211;7,5;3,2;
2025/04/15;0600 UTC;0;897,8;897,9;897,6;;16;13,7;16,1;15,7;13,9;13,5;87;86;87;220;7,6;3,2;
2025/04/15;0700 UTC;0;897,7;897,8;897,7;;15,5;13,5;16;15,5;13,9;13,5;88;86;88;251;6,1;1,8;
2025/04/15;0800 UTC;0;897,7;897,7;897,6;;15,9;14,1;15,9;15,4;14,1;13,4;89;87;89;212;6,3;3,2;
2025/04/15;0900 UTC;0;898,5;898,5;897,7;;16;13,9;16;15,9;14,1;13,8;89;87;87;262;7;1,7;
2025/04/15;1000 UTC;0;898,9;898,9;898,5;115,1;16,3;13,9;16,3;16;13,9;13,6;87;85;86;246;6,1;2,5;
2025/04/15;1100 UTC;0;899,3;899,3;898,8;1083,6;17,5;13,4;17,6;16,3;14;13,4;86;77;77;212;6,3;2,7;
2025/04/15;1200 UTC;0;899,7;899,7;899,3;1876,9;18,6;14,2;18,6;17,4;14,3;13,2;78;74;76;232;6,6;3,2;
2025/04/15;1300 UTC;0;899,6;899,9;899,6;2542,5;19,7;14,4;19,8;18,6;15;13,9;76;70;71;225;6;3,2;
2025/04/15;1400 UTC;0;899,3;899,6;899,3;2880,8;21,2;14,8;21,7;19,7;16,1;13,4;72;64;67;227;5,5;2,2;
2025/04/15;1500 UTC;0;898,9;899,3;898,8;2264;20,3;15,8;22,4;20,3;16,4;14,1;75;61;75;231;6,4;3,1;
2025/04/15;1600 UTC;,2;898,4;898,9;898,4;1636,5;20,4;16,4;20,4;19,4;16,9;15,5;82;75;78;227;6,4;3,4;
2025/04/15;1700 UTC;0;898;898,4;898;2144,1;20,1;16,3;20,8;19,4;16,6;15,5;80;74;78;218;7,2;3,4;
2025/04/15;1800 UTC;0;897,8;898;897,7;1675,6;19,4;15,3;20,5;19,2;16,3;15;79;75;77;229;7,2;3,7;
2025/04/15;1900 UTC;0;897,5;897,9;897,4;1185,8;19,3;16;20,1;18,9;16;14,9;81;75;81;230;7,2;2,7;
2025/04/15;2000 UTC;0;897,2;897,5;897,2;513,9;17,9;16,1;19,4;17,9;16,4;15,6;89;80;89;220;5,6;2,6;
2025/04/15;2100 UTC;0;897,4;897,4;897,1;15,8;17,9;16;17,9;17,7;16,2;16;90;89;89;206;4,8;1,9;
2025/04/15;2200 UTC;0;898;898;897,4;;17,7;15,8;17,9;17,7;16;15,7;89;87;89;224;4,6;2,4;
2025/04/15;2300 UTC;0;898,6;898,6;898;;17,4;15,9;17,8;17,3;15,9;15,8;91;88;91;219;5,3;2,4;
2025/04/16;0000 UTC;0;898,7;898,7;898,5;;17,4;16;17,4;17,3;16,2;15,9;93;91;91;258;4,3;2;
2025/04/16;0100 UTC;0;898,9;898,9;898,7;;17,3;15,6;17,4;17,3;15,9;15,6;91;90;90;253;3,9;1,8;
2025/04/16;0200 UTC;0;898,6;898,9;898,6;;17,1;15,6;17,3;17,1;15,8;15,6;91;90;91;313;3,7;,5;
2025/04/16;0300 UTC;0;898,6;898,7;898,5;;16,9;15,7;17,1;16,9;15,8;15,6;92;91;92;4;1,6;,5;
2025/04/16;0400 UTC;0;898,2;898,6;898,2;;16,8;15,8;16,9;16,7;15,8;15,5;94;92;94;221;2,3;1,2;
2025/04/16;0500 UTC;0;897,6;898,2;897,6;;16,6;15,6;16,8;16,6;15,8;15,5;94;93;94;65;2,3;,4;
2025/04/16;0600 UTC;0;897,1;897,7;897;;16,8;15,9;16,9;16,5;15,9;15,5;94;94;94;5;2,6;1;
2025/04/16;0700 UTC;0;896,7;897,2;896,6;;17;15,6;17;16,7;16;15,5;94;92;92;20;2,9;,8;
2025/04/16;0800 UTC;0;897;897;896,6;;17;15,7;17;16,8;15,7;15,4;92;91;92;12;2,2;1,2;
2025/04/16;0900 UTC;0;897,5;897,7;897;;17,4;15,6;17,4;16,9;15,7;15,6;92;89;89;82;4;1,9;
2025/04/16;1000 UTC;0;898,3;898,3;897,4;56,9;17,6;15,9;17,7;17,3;15,9;15,5;90;89;90;97;4;,5;
2025/04/16;1100 UTC;0;898,3;898,4;898,1;316,8;18,2;15,9;18,3;17,6;16;15,7;90;86;86;81;4,4;2;
2025/04/16;1200 UTC;0;898,7;898,7;898,1;869,7;19,1;15,8;19,2;18,2;16,4;15,6;86;81;82;84;6,5;3,9;
2025/04/16;1300 UTC;0;898,5;898,9;898,5;1362,4;20,5;16,1;20,7;19;16,3;15,6;82;75;76;70;8,2;3,9;
2025/04/16;1400 UTC;0;898,1;898,6;898,1;1566,5;21,2;16;21,5;20,2;16,6;15,7;78;72;72;85;8,2;4;
2025/04/16;1500 UTC;0;897,8;898,2;897,7;1662,2;21,5;16,1;22,2;21,2;17;16,1;75;70;72;84;7,4;3,1;
2025/04/16;1600 UTC;0;896,9;897,8;896,9;657,5;20,8;16,3;21,7;20,7;16,5;15,9;76;70;76;85;7,7;3,4;
2025/04/16;1700 UTC;0;896,8;896,9;896,4;604,2;18,4;16,2;20,8;18,4;16,9;15,8;87;75;87;246;7,8;3,9;
2025/04/16;1800 UTC;0;896,5;896,8;896,3;953,7;18,9;16,5;19,2;18,2;17,1;16,2;90;85;86;229;7,5;3,2;
2025/04/16;1900 UTC;0;896,6;896,6;896,1;484,3;18,8;16,2;19;18,5;16,8;16,1;87;85;85;218;4,8;2,1;
2025/04/16;2000 UTC;0;896,8;896,9;896,6;261;18,4;15,8;18,9;18,3;16,3;15,7;86;83;85;174;4,1;,4;
2025/04/16;2100 UTC;0;896,6;896,9;896,6;22,8;17,2;14,9;18,4;17,2;16;14,9;88;85;86;350;2;1;
2025/04/16;2200 UTC;0;897,5;897,5;896,6;;16,5;14,1;17,3;16,4;15,1;14,1;89;85;85;300;2,9;1,6;
2025/04/16;2300 UTC;0;897,8;897,8;897,5;;16,2;14,3;16,6;16,1;14,5;13,7;89;83;88;27;2,9;,6;
2025/04/17;0000 UTC;0;898,3;898,3;897,7;;16,2;14,4;16,3;16;14,6;14,2;90;88;89;262;2,2;,9;
2025/04/17;0100 UTC;0;898,4;898,5;898,1;;16;14,2;16,2;16;14,4;14,2;90;89;89;211;2,9;1;
2025/04/17;0200 UTC;0;898,3;898,5;898,2;;15,9;14;16,1;15,8;14,2;13,9;89;87;89;250;3;,5;
2025/04/17;0300 UTC;0;898,6;898,7;898,3;;14,9;13,4;15,9;14,9;14;13,4;91;88;91;250;1,7;,7;
2025/04/17;0400 UTC;0;898,6;898,7;898,5;;14,1;12,9;14,9;14,1;13,5;12,7;92;91;92;259;1,2;,2;
2025/04/17;0500 UTC;0;898,4;898,6;898,4;;13,6;12,6;14,2;13,6;13,3;12,6;94;92;94;351;1;,3;
2025/04/17;0600 UTC;0;898,1;898,4;898,1;;13,3;12,4;13,7;13,3;12,8;12,4;95;94;95;321;,7;,4;
2025/04/17;0700 UTC;0;897,9;898,1;897,8;;12,7;11,9;13,3;12,7;12,5;11,9;95;95;95;41;,7;,3;
2025/04/17;0800 UTC;0;897,9;897,9;897,8;;12,5;11,8;12,8;12,3;11,9;11,5;95;95;95;296;,7;,4;
2025/04/17;0900 UTC;0;898,5;898,5;897,9;;12;11,3;12,5;12;11,7;11,3;95;95;95;321;,9;,2;
2025/04/17;1000 UTC;0;899,1;899,1;898,5;148,6;12,9;12,2;13;12;12,3;11,2;95;95;95;85;,8;,3;
2025/04/17;1100 UTC;0;899,6;899,6;899,1;834,1;16,3;15,4;16,3;12,9;15,4;12,2;95;95;95;110;1,3;,5;
2025/04/17;1200 UTC;0;900,2;900,2;899,6;1867,3;21,8;16;21,8;16,2;16,5;14,6;95;66;70;46;3,3;1,7;
2025/04/17;1300 UTC;0;900,2;900,3;900,2;2343,7;22;14,8;23;21,8;16;14;70;60;64;56;4,5;1,8;
2025/04/17;1400 UTC;0;899,8;900,2;899,8;2925,5;24,3;16,5;24,3;22;16,6;13,8;66;56;62;53;4,9;1,9;
2025/04/17;1500 UTC;0;899;899,8;899;2907,1;24,4;16,9;24,8;23;16,9;13,9;63;54;63;38;5,5;2;
2025/04/17;1600 UTC;0;898,5;899;898,5;1492,1;24,2;15,6;24,6;23;16;14,3;63;56;59;86;4,4;1,7;
2025/04/17;1700 UTC;0;898,1;898,5;898,1;1023,5;20,7;17,3;24,5;20,5;17,3;14,4;82;55;81;217;7,3;3,5;
2025/04/17;1800 UTC;0;898;898,2;898;764,8;21,1;17,3;21,1;20,4;17,3;16,6;81;78;79;232;6,3;2;
2025/04/17;1900 UTC;0;898,3;898,3;898;327,7;20;17,2;21,1;19,9;17,2;16,6;84;77;84;224;5;2,1;
2025/04/17;2000 UTC;0;898,6;898,6;898,3;149,1;19,5;16,9;20;19,5;17,3;16,7;85;83;85;217;4,2;2,5;
2025/04/17;2100 UTC;0;898,8;898,8;898,6;22,9;19,2;16,9;19,5;19,2;17;16,9;87;85;87;241;4,2;2;
2025/04/17;2200 UTC;0;898,9;899;898,8;;18,8;16,7;19,3;18,8;17;16,7;88;86;88;260;3,7;1,3;
2025/04/17;2300 UTC;0;899,5;899,5;898,8;;18,6;16,8;18,8;18,3;16,8;16,4;89;87;89;229;3,2;1,6;
2025/04/18;0000 UTC;0;899,8;899,9;899,5;;18,5;16,4;18,7;18,5;16,8;16,3;89;87;87;150;4;,5;
2025/04/18;0100 UTC;0;900,1;900,2;899,8;;18;16,3;18,5;18;16,6;16,1;89;87;89;296;2,4;,9;
2025/04/18;0200 UTC;0;899,9;900,2;899,9;;16,7;15;18;16,7;16,3;15;90;89;90;317;2,6;1;
2025/04/18;0300 UTC;0;899,8;899,9;899,7;;16,1;14,6;16,8;15,8;15,2;14,2;91;89;91;282;2,6;,7;
2025/04/18;0400 UTC;0;899,6;899,8;899,5;;15,8;14,6;16,2;15,8;14,9;14,4;92;91;92;251;2,8;1,4;
2025/04/18;0500 UTC;0;899;899,6;898,9;;14,4;13,2;16,1;14,4;15,1;13,2;94;92;93;328;3,4;,6;
2025/04/18;0600 UTC;0;899,2;899,3;899;;14,7;13,8;14,8;14,1;13,9;12,9;94;92;94;317;1,6;,7;
2025/04/18;0700 UTC;0;898,8;899,1;898,8;;14,4;13,6;14,9;14,3;14;13,5;95;94;95;329;1,7;,4;
2025/04/18;0800 UTC;0;899;899;898,6;;14,4;13,6;14,6;14,3;13,8;13,5;95;95;95;21;1,6;,6;
2025/04/18;0900 UTC;0;898,9;899,1;898,8;;14,1;13,3;14,4;14,1;13,6;13,3;95;95;95;314;1,4;,6;
2025/04/18;1000 UTC;0;899,8;900;898,9;121,6;14,3;13,6;14,4;13,7;13,6;12,9;95;95;95;70;1,1;,4;
2025/04/18;1100 UTC;0;900,3;900,3;899,8;777,5;16,7;15,9;16,7;14,3;15,9;13,6;95;95;95;58;1,4;,4;
2025/04/18;1200 UTC;0;900,8;900,8;900,3;771,5;18,5;15,5;18,5;16,6;16,3;14,9;95;83;83;87;1,8;,5;
2025/04/18;1300 UTC;0;900,4;900,8;900,4;1185,4;20,3;14,5;20,9;18,5;15,9;14,4;83;67;69;24;4,5;2,2;
2025/04/18;1400 UTC;0;900,4;900,5;900,3;2339,7;22,4;14,7;23;20,3;16,8;14,4;72;62;62;58;4,5;2,1;
2025/04/18;1500 UTC;0;899,9;900,5;899,9;2042,8;23;15,6;23,7;21,9;16,6;14,5;67;61;63;42;5,7;1,7;
2025/04/18;1600 UTC;0;899,4;899,9;899,4;1810,8;22,8;15,2;23,4;22,2;16,4;14,5;67;60;63;13;4,7;1,7;
2025/04/18;1700 UTC;0;898,5;899,4;898,5;1241,1;23,3;15,7;23,3;22,4;16;14,6;65;60;62;35;4;1,1;
2025/04/18;1800 UTC;0;897,9;898,5;897,8;1085,7;23;16,4;23,9;22,4;16,6;15,2;67;60;66;34;4,1;1,3;
2025/04/18;1900 UTC;0;897,9;897,9;897,7;756,4;22,2;16,2;23;22,1;16,7;15,5;71;64;69;9;4,3;1,8;
2025/04/18;2000 UTC;0;898,6;898,6;897,9;305,6;21,1;16,3;22,3;21,1;16,6;15,9;74;69;74;43;3,5;1;
2025/04/18;2100 UTC;0;898,5;898,6;898,4;17,6;19,4;16,8;21,1;19,4;16,8;16,1;85;73;85;295;3,6;,4;
2025/04/18;2200 UTC;0;898,9;898,9;898,4;;18,5;16,5;19,5;18,5;17;16,4;89;85;89;21;2,1;,7;
2025/04/18;2300 UTC;0;899,5;899,6;898,9;;17,8;16;18,5;17,6;16,5;15,8;90;88;89;79;2,6;,7;
2025/04/19;0000 UTC;0;900,1;900,1;899,5;;18,2;16,3;18,4;17,7;16,6;15,9;90;88;89;90;3,7;,3;
2025/04/19;0100 UTC;0;900,2;900,2;899,9;;17,9;16,3;18,2;17,6;16,5;15,9;91;89;91;1;1,3;,3;
2025/04/19;0200 UTC;0;900;900,3;900;;18,6;16,6;18,6;17,8;16,8;16,2;91;88;88;360;3,8;1,5;
2025/04/19;0300 UTC;0;899,6;900;899,6;;18,7;16,3;18,7;18,2;16,5;16,1;88;86;86;21;3,5;1,2;
2025/04/19;0400 UTC;0;899;899,6;899;;18,9;16,2;19;18,7;16,3;16,1;86;84;85;19;3,8;2;
2025/04/19;0500 UTC;0;898,4;899;898,4;;18,1;16;18,9;18,1;16,2;16;87;84;87;36;3,7;1;
2025/04/19;0600 UTC;0;898,7;898,8;898,4;;18;16;18,3;17,9;16,1;15,8;88;87;88;64;3,2;1;
2025/04/19;0700 UTC;0;898,1;898,7;898,1;;18,1;15,9;18,3;18;16;15,9;88;86;87;72;2,8;,7;
2025/04/19;0800 UTC;0;897,9;898,1;897,8;;18,1;15,8;18,4;18,1;16;15,7;87;85;87;32;3,4;1;
2025/04/19;0900 UTC;0;898;898;897,8;,1;18,2;15,9;18,2;18;16;15,8;88;87;87;34;3,7;1,5;
2025/04/19;1000 UTC;0;898,4;898,5;898;108;19;16;19;18,2;16;15,6;86;83;83;41;4,2;1,2;
2025/04/19;1100 UTC;0;898,5;898,5;898,2;378,5;19,3;16;19,4;18,9;16,3;15,8;83;81;81;79;4,2;2,3;
2025/04/19;1200 UTC;0;899;899;898,5;419,8;19,9;16,1;19,9;19,3;16,5;15,9;82;78;79;60;4,4;1,4;
2025/04/19;1300 UTC;0;898,3;899;898,3;829;21,2;17,1;21,2;19,9;17,1;16;79;76;78;75;5,3;2,4;
2025/04/19;1400 UTC;0;897,8;898,4;897,8;900,2;21,4;16,7;21,5;21;17;16,4;78;74;75;24;5,9;2;
2025/04/19;1500 UTC;0;896,9;897,8;896,9;1186,6;21,6;16,9;22,2;21;17,6;16,5;78;73;75;65;7;2;
2025/04/19;1600 UTC;0;896,2;896,9;896,2;732,6;21,6;16,8;21,8;20,9;17,4;16,6;79;73;74;69;5,6;2,2;
2025/04/19;1700 UTC;0;895,6;896,2;895,6;624,6;21,1;17,3;21,7;20,8;17,4;16,7;79;74;79;86;5,5;3,3;
2025/04/19;1800 UTC;0;895,4;895,7;895,3;542,3;21,5;17,2;21,6;21;17,3;17;79;75;76;82;5,5;3;
2025/04/19;1900 UTC;0;895;895,4;895;1079;22,3;17,1;22,5;21,3;18,3;16,9;79;72;72;89;5,5;3;
2025/04/19;2000 UTC;0;895;895,1;894,9;383,6;21,3;17,2;22,5;21,3;17,3;16,7;78;71;77;82;6,3;1,9;
2025/04/19;2100 UTC;0;894,8;895;894,8;25,2;20,1;17,7;21,3;19,8;17,7;17,1;86;77;86;11;4,3;1,5;
2025/04/19;2200 UTC;0;895,3;895,3;894,5;;19,8;17,5;20,2;19,6;17,7;17,2;87;85;87;64;3,3;1,2;
2025/04/19;2300 UTC;0;895,8;895,8;895,3;;19,4;17,4;19,9;19,4;17,6;17,4;88;87;88;19;2,1;,8;
2025/04/20;0000 UTC;1;895,7;896,3;895,6;;19,3;17,7;19,6;19,2;17,7;17,4;90;88;90;223;3,1;1,3;
2025/04/20;0100 UTC;8,8;896,2;896,2;895,2;;18,7;16,9;19,3;18,7;17,7;16,9;91;89;89;229;6,2;3;
2025/04/20;0200 UTC;3;897,1;897,1;896,2;;18,1;16,3;18,7;18;16,9;16,2;91;89;90;353;6,2;,8;
2025/04/20;0300 UTC;4;895,6;897,1;895,5;;17,4;15,9;18,2;17,4;16,5;15,9;91;90;91;189;2,8;,7;
2025/04/20;0400 UTC;0;894,6;895,6;894,6;;17;15,8;17,4;17;16;15,8;93;91;93;303;1,7;,6;
2025/04/20;0500 UTC;0;894,6;894,6;894,4;;15,9;14,5;17;15,8;15,9;14,4;94;91;92;357;3;,5;
2025/04/20;0600 UTC;0;895;895,2;894,6;;16,6;15,2;16,7;15,9;15,5;14,5;94;91;91;211;5,1;2,2;
2025/04/20;0700 UTC;0;894,8;895;894,8;;15,7;14,2;16,6;15,6;15,1;14;91;90;91;187;4,2;1,8;
2025/04/20;0800 UTC;0;895,2;895,2;894,7;;16,3;14,8;16,3;15,4;14,8;13,9;92;91;91;258;5,1;2,5;
2025/04/20;0900 UTC;0;895,3;895,3;894,9;;16,8;14,9;16,8;16,2;14,9;14,5;91;88;88;229;5,1;2,4;
2025/04/20;1000 UTC;0;895,5;895,5;895,3;282,6;17,3;15;17,3;16,7;15;14,6;89;86;86;207;5;3;
2025/04/20;1100 UTC;0;895,9;895,9;895,4;768,3;18;15,2;18,1;17,1;15,4;14,7;86;83;84;235;6;2,8;
2025/04/20;1200 UTC;0;896,4;896,4;895,9;1837,4;19,6;15,3;19,6;18;16,2;14,8;84;75;77;221;7;4,1;
2025/04/20;1300 UTC;0;896,7;896,8;896,3;2545,5;19,9;15,5;19,9;19,2;16,1;15,1;80;75;76;220;8,7;3,6;
2025/04/20;1400 UTC;0;896,4;896,7;896,4;2842,1;20,5;15,6;20,9;19,7;16,3;15,1;76;71;73;204;9;4,1;
2025/04/20;1500 UTC;0;895,6;896,4;895,6;3226,2;20,3;16,2;21,1;20;16,7;15,5;79;71;77;222;9,7;4,3;
2025/04/20;1600 UTC;0;895,3;895,7;895,3;2960,1;21,1;16,5;21,4;19,7;16,7;15,4;79;70;75;214;9,7;3,7;
2025/04/20;1700 UTC;0;895,3;895,4;895,1;1299,8;18,4;16,3;21,5;18,4;16,5;15,5;87;71;87;215;8,1;3,4;
2025/04/20;1800 UTC;0;895,2;895,3;895,1;892,4;19,1;15,9;19,3;18,4;16,6;15,8;88;82;82;208;6,5;2,7;
2025/04/20;1900 UTC;9,6;895,3;895,5;895,1;282,2;17,9;16,1;19,1;17,9;16,5;15,9;91;82;89;222;10;4,8;
2025/04/20;2000 UTC;2;895,4;895,6;895,3;246,6;17,7;15,9;18,1;17,6;16,2;15,7;90;87;89;221;10,1;4,5;
2025/04/20;2100 UTC;,8;895,9;895,9;895,4;12,8;17,4;15,1;17,7;17,4;15,9;15,1;89;87;87;222;10,4;4,6;
2025/04/20;2200 UTC;,4;896,4;896,4;895,8;;17,1;14,8;17,3;17,1;15,2;14,7;87;86;87;213;11;3,9;
2025/04/20;2300 UTC;,4;896,5;896,6;896,3;;17,2;15,3;17,2;17,1;15,3;14,8;89;86;89;206;10;3,5;
2025/04/21;0000 UTC;1;896,6;896,7;896,5;;17,1;15,1;17,2;17;15,3;15;89;87;88;214;11,1;5,1;
2025/04/21;0100 UTC;0;896,8;896,9;896,6;;17;14,9;17,2;17;15,2;14,8;88;86;87;218;11,3;4,5;
2025/04/21;0200 UTC;,8;896,9;897,1;896,8;;16,9;14,9;17,1;16,9;15,1;14,9;89;87;88;207;8,3;3,6;
2025/04/21;0300 UTC;1,4;896,8;897;896,8;;16,8;15,2;17;16,7;15,3;14,9;91;88;91;221;6,5;3,1;
2025/04/21;0400 UTC;,2;896,4;896,8;896,4;;16,7;15,3;16,8;16,6;15,3;15,1;92;91;92;204;6,4;2,2;
2025/04/21;0500 UTC;1,8;896,2;896,4;896,1;;16,1;14,4;16,8;16,1;15,3;14,4;92;90;90;240;6,6;2,8;
2025/04/21;0600 UTC;,6;895,9;896,2;895,8;;16;14,5;16,1;16;14,5;14,3;91;89;91;221;5,5;1,1;
2025/04/21;0700 UTC;1,2;895,9;895,9;895,8;;16,1;14,7;16,1;16;14,7;14,5;92;91;92;297;2,8;,7;
2025/04/21;0800 UTC;,2;895,9;895,9;895,7;;16,4;15;16,4;16,1;15,1;14,7;92;91;91;252;3,4;1,2;
2025/04/21;0900 UTC;0;896,2;896,2;895,9;;16,3;14,7;16,4;16,3;15;14,7;91;90;90;248;3,8;1,6;
2025/04/21;1000 UTC;0;896,7;896,7;896,1;163,1;16,7;15;16,8;16,3;15,1;14,7;90;90;90;232;3,4;1,4;
2025/04/21;1100 UTC;0;897,4;897,4;896,7;576,9;17,1;15,2;17,1;16,6;15,3;14,8;90;88;89;205;4,1;2,1;
2025/04/21;1200 UTC;,2;898,1;898,1;897,4;1150,3;16,7;14,6;17,5;16,7;15,4;14,6;89;86;88;221;6,1;3,2;
2025/04/21;1300 UTC;,6;898,1;898,3;898,1;1269,4;17,4;15,3;17,4;16,7;15,3;14,4;88;86;88;223;9,6;3,3;
2025/04/21;1400 UTC;0;897,8;898,1;897,8;1482,8;17,2;14,7;17,6;16,9;15,6;14,5;88;85;85;222;7,2;3,2;
2025/04/21;1500 UTC;0;897,2;897,8;897,2;1514,7;17,3;14,4;17,5;16,7;14,9;14,3;87;83;83;218;7,2;3,4;
2025/04/21;1600 UTC;0;896,7;897,2;896,7;1488,5;17,1;14,9;17,7;16,8;15,1;14,2;87;82;87;219;7,3;3,1;
2025/04/21;1700 UTC;0;896,5;896,7;896,4;1293,9;15,6;13,3;17,4;15,6;15,2;13,2;87;82;86;218;10,1;4,7;
2025/04/21;1800 UTC;0;896,7;896,7;896,5;1309,9;15,8;13,4;16,2;15,6;13,8;13,1;86;84;85;219;9,8;3,9;
2025/04/21;1900 UTC;0;896,8;896,8;896,6;707,3;16,2;13,6;16,5;15,8;13,7;13,3;86;83;84;213;8,5;3,7;
2025/04/21;2000 UTC;0;896,9;897;896,6;174,5;15;13;16,2;15;13,7;13;88;84;88;220;7,7;4,1;
2025/04/21;2100 UTC;0;897,1;897,1;896,9;22,5;14,6;12,8;15;14,5;12,9;12,7;89;88;89;213;7,7;3,5;
2025/04/21;2200 UTC;0;897,2;897,2;897;;14,7;12,7;14,8;14,6;12,9;12,7;89;87;88;187;6,7;2,3;
2025/04/21;2300 UTC;,2;897,7;897,7;897,2;;14,5;12,9;14,8;14,5;12,9;12,7;90;88;90;248;6,6;2,4;
2025/04/22;0000 UTC;0;897,9;898;897,7;;14,5;13;14,5;14,5;13;12,8;90;90;90;205;5,2;3;
2025/04/22;0100 UTC;0;898,2;898,2;897,9;;13,8;12,1;14,6;13,8;13;12;90;89;89;234;6,5;2,2;
2025/04/22;0200 UTC;0;898;898,3;898;;13,6;11,2;13,8;13,4;12,1;11,1;89;86;86;210;6,1;1,8;
2025/04/22;0300 UTC;0;897,4;898;897,4;;13,8;11,1;13,8;13,5;11,2;11;86;83;84;217;5,9;2,3;
2025/04/22;0400 UTC;0;897,3;897,5;897,2;;12,9;10,9;13,8;12,9;11,3;10,9;88;84;88;219;5;,9;
2025/04/22;0500 UTC;0;897,2;897,4;897,2;;13,7;11,3;13,7;12,7;11,4;10,8;89;85;85;210;5,9;2,6;
2025/04/22;0600 UTC;0;897,4;897,4;897,2;;13,5;11,4;13,9;13,5;11,5;11,3;87;85;87;241;5,9;1,3;
2025/04/22;0700 UTC;0;897,5;897,5;897,2;;13,7;11,5;13,8;13,5;11,5;11,3;87;85;87;236;3,7;1,4;
2025/04/22;0800 UTC;0;897,5;897,7;897,3;;13,5;11,7;13,8;13,5;11,7;11,5;89;86;89;199;3,6;2,2;
2025/04/22;0900 UTC;0;898;898;897,5;;13,3;11,4;13,6;13,2;11,7;11,3;89;87;88;183;3,6;1,2;
2025/04/22;1000 UTC;0;898,5;898,5;898;173,7;14,1;11,5;14,1;12,8;11,6;11,1;90;85;85;206;3,7;2,1;
2025/04/22;1100 UTC;0;899;899;898,6;722,8;15,2;11,8;15,5;14,1;12,2;11,5;85;80;80;203;5,1;2,6;
2025/04/22;1200 UTC;0;899,3;899,4;899;1639,5;17,2;12;17,3;15,2;12,3;11,5;81;70;72;225;5,3;2,4;
2025/04/22;1300 UTC;0;899,1;899,4;899,1;2243,5;18,7;12,8;19,1;17,2;13,5;11,5;74;66;69;219;5,1;1,7;
2025/04/22;1400 UTC;0;899;899,2;899;1482;16,6;13,2;19,3;16,6;13,7;11,9;81;66;80;223;6,1;3,3;
2025/04/22;1500 UTC;0;898,8;899;898,8;762,4;16,6;12;16,7;16,2;13,5;12;83;74;74;215;6,7;3,4;
2025/04/22;1600 UTC;0;898,4;898,8;898,4;359,6;16,5;12,1;16,6;16,3;12,1;11,7;76;73;75;195;6,3;2,1;
2025/04/22;1700 UTC;0;897,9;898,4;897,9;529,4;16,7;13,2;16,7;16,5;13,2;12;80;74;80;212;5,4;2,2;
2025/04/22;1800 UTC;0;897,9;898;897,9;307,9;16,1;13,1;16,8;16,1;13,4;12,9;83;79;82;231;3,7;1,7;
2025/04/22;1900 UTC;0;898,2;898,2;897,9;221,8;16,3;14;16,3;16;14,1;13,1;87;82;86;234;3,1;,9;
2025/04/22;2000 UTC;0;898,3;898,3;898,1;251,9;15,9;13,3;16,4;15,9;14,1;13,3;86;84;84;228;2,8;1,5;
2025/04/22;2100 UTC;0;898,3;898,4;898,2;15,4;15,4;13,2;16;15,4;13,4;13;87;84;87;189;3;1,1;
2025/04/22;2200 UTC;0;898,6;898,6;898,3;;15,1;13,3;15,4;15,1;13,4;13;89;87;89;206;3;1,3;
2025/04/22;2300 UTC;0;899;899;898,6;;15,3;13,7;15,3;15,1;13,7;13,2;90;89;90;254;2,8;,9;
2025/04/23;0000 UTC;0;899,2;899,2;899;;15,3;13,7;15,3;15,1;13,7;13,5;90;90;90;211;2,6;1,7;
2025/04/23;0100 UTC;0;899;899,2;899;;15,1;13,6;15,3;14,9;13,7;13,4;91;90;91;208;2,6;1,1;
2025/04/23;0200 UTC;0;898,8;899;898,8;;15,1;13,7;15,1;15;13,7;13,5;91;91;91;49;2,2;,6;
2025/04/23;0300 UTC;0;898,6;898,8;898,5;;15,1;13,8;15,1;15;13,8;13,6;92;91;92;72;1,1;,3;
2025/04/23;0400 UTC;,2;898,5;898,7;898,4;;15,1;13,9;15,2;15,1;13,9;13,8;93;92;92;252;1,7;,7;
2025/04/23;0500 UTC;0;898;898,5;898;;14,7;13,7;15,2;14,6;14;13,5;93;92;93;86;1,9;,8;
2025/04/23;0600 UTC;0;897,8;898,1;897,8;;14,6;13,7;14,8;14,4;13,8;13,4;94;93;94;77;1,7;,6;
2025/04/23;0700 UTC;0;898,1;898,1;897,8;;14,7;13,8;14,7;14,5;13,8;13,6;94;94;94;349;1,7;,1;
2025/04/23;0800 UTC;,2;898,4;898,4;898,1;;14,2;13,4;14,8;14,2;13,9;13,4;95;94;95;288;1,5;,9;
2025/04/23;0900 UTC;0;899,2;899,2;898,5;;13,8;13;14,2;13,8;13,3;13;95;94;95;22;2;,6;
2025/04/23;1000 UTC;0;899,7;899,7;899,2;184,7;14,3;13,5;14,5;13,7;13,6;12,8;95;95;95;102;1,7;,7;
2025/04/23;1100 UTC;0;900,3;900,3;899,7;889,3;16,3;13,9;16,4;14;14,4;13;95;86;86;103;1,9;,9;
2025/04/23;1200 UTC;0;900,4;900,4;900,2;1646,1;18,3;13,7;18,3;16,1;14,3;12,9;86;73;75;80;5,6;2,8;
2025/04/23;1300 UTC;0;900,4;900,5;900,3;2348,3;19,7;14,5;19,8;18,2;14,5;13;74;68;72;76;5,6;2,9;
2025/04/23;1400 UTC;0;899,5;900,4;899,5;2574,6;20,6;13,8;21,1;19,5;14,6;13,2;72;63;65;70;6,5;3,1;
2025/04/23;1500 UTC;0;898,9;899,5;898,9;2766,5;20,5;14;21;19,9;14,4;13,2;69;63;66;81;7,7;3,6;
2025/04/23;1600 UTC;0;898,2;898,9;898,2;2970,9;21,7;14,2;22;20,5;14,9;13,3;67;61;62;85;7;3;
2025/04/23;1700 UTC;0;897,9;898,2;897,8;1995,8;21,2;14,3;22,3;20,7;15,4;13,2;67;59;65;62;6,4;2,9;
2025/04/23;1800 UTC;0;897,8;897,9;897,7;1149,4;20,4;14;21,6;20,2;14,9;13,7;68;63;67;70;6,4;1,9;
2025/04/23;1900 UTC;0;898;898;897,8;875,2;20,3;13,9;21,5;20,3;15;13,6;69;63;67;65;3,8;1,6;
2025/04/23;2000 UTC;0;898,4;898,5;898;281,5;18,6;14,3;20,6;18,5;14,6;14,1;76;67;76;19;3,7;1,2;
2025/04/23;2100 UTC;0;898,6;898,6;898,4;22;17;14,3;18,6;16,8;14,3;13,8;84;76;84;41;3,1;1;
2025/04/23;2200 UTC;0;898,8;898,8;898,6;;16;13,8;17,2;16;14,3;13,7;87;82;87;329;3,1;,5;
2025/04/23;2300 UTC;0;899;899;898,8;;14,8;13,2;16;14,7;13,9;13,1;91;87;90;60;1,8;,4;
2025/04/24;0000 UTC;0;899,3;899,5;899;;14;12,7;14,7;14;13,2;12,6;91;90;91;48;2,1;,5;
2025/04/24;0100 UTC;0;899,3;899,3;899,2;;14,6;13,5;14,6;14;13,5;12,7;94;92;94;38;1,6;,6;
2025/04/24;0200 UTC;0;899,3;899,3;899,2;;15;14,1;15,1;14,5;14,1;13,3;94;93;94;56;1,5;,3;
2025/04/24;0300 UTC;0;898,9;899,3;898,9;;15,3;14,4;15,4;14,8;14,5;13,8;94;94;94;29;1,6;,7;
2025/04/24;0400 UTC;0;898,7;899;898,7;,3;15,7;14,8;15,7;15,2;14,8;14,3;94;94;94;62;2;,6;
2025/04/24;0500 UTC;0;898,3;898,7;898,3;;15,9;14,8;16;15,7;15;14,8;94;93;93;32;2,5;1,3;
2025/04/24;0600 UTC;0;898;898,3;898;;16,2;14,7;16,2;15,9;14,9;14,7;93;91;91;18;3,1;1,1;
2025/04/24;0700 UTC;0;897,7;898;897,6;;16,3;14,7;16,3;16,1;14,7;14,5;91;90;90;51;3;1;
2025/04/24;0800 UTC;0;897,4;897,7;897,3;;16,3;14,6;16,3;16,2;14,7;14,5;90;89;90;56;3,2;1,2;
2025/04/24;0900 UTC;0;897,7;897,7;897,3;,2;16,2;14,7;16,3;16,2;14,8;14,6;91;90;91;64;3,6;1,3;
2025/04/24;1000 UTC;0;898,1;898,1;897,7;51,8;16,6;14,8;16,6;16,2;14,8;14,7;91;89;89;84;3,7;2,1;
2025/04/24;1100 UTC;0;898,7;898,7;898,1;149,7;16,9;14,9;16,9;16,6;15;14,7;89;88;88;74;3,9;1,7;
2025/04/24;1200 UTC;0;898,9;899;898,7;591,8;17,9;15,4;17,9;16,9;15,5;14,9;88;85;85;64;4,7;1,6;
2025/04/24;1300 UTC;0;898,8;899,1;898,8;1032,7;18,7;15,4;19;17,7;16,2;15,1;86;81;81;78;6;3;
2025/04/24;1400 UTC;0;898,5;898,8;898,5;1085,7;19,2;15;20,3;18,6;16,3;14,6;81;73;76;57;6,3;2,4;
2025/04/24;1500 UTC;0;897,5;898,5;897,5;1697,7;20;15,2;20,7;19,2;16,1;14,8;78;72;74;65;5,8;2,2;
2025/04/24;1600 UTC;0;896,5;897,5;896,5;1295,3;20,4;15,4;20,8;19,9;15,9;15;76;72;73;60;6,2;2,8;
2025/04/24;1700 UTC;0;895,8;896,5;895,7;968,3;20,1;15,8;20,9;19,9;16,2;15,1;76;72;76;63;6;2,3;
2025/04/24;1800 UTC;0;895,6;895,8;895,5;558,8;20;15,7;20,3;19,8;15,9;15,3;77;74;77;77;5,3;2,3;
2025/04/24;1900 UTC;0;895,2;895,7;895,2;651,2;20,3;15,9;20,3;19,7;16,1;15,6;78;75;76;90;5,4;3;
2025/04/24;2000 UTC;0;895,4;895,4;895,2;429,7;19,5;15,7;20,4;19,5;16;15,5;79;74;79;70;6;1,6;
2025/04/24;2100 UTC;0;895,5;895,5;895,4;15,3;18,4;15,7;19,5;18,4;15,8;15,4;84;79;84;2;4,8;1,9;
2025/04/24;2200 UTC;0;895,8;895,9;895,5;;18,1;15,7;18,5;18;15,8;15,4;86;83;86;358;4;1,1;
2025/04/24;2300 UTC;0;896;896;895,8;;17,6;15,7;18,1;17,6;15,9;15,6;88;86;88;59;2,2;,6;
2025/04/25;0000 UTC;0;896,3;896,3;896;;17,4;15,7;17,6;17;15,8;15,3;90;88;90;30;2,6;1,1;
2025/04/25;0100 UTC;0;896,3;896,4;896,2;;17,8;15,8;17,8;17,3;16;15,6;90;88;88;360;3,7;1,4;
2025/04/25;0200 UTC;0;896,2;896,3;896,1;;17,4;15,7;17,8;17,3;15,8;15,6;90;88;90;358;2,8;,9;
2025/04/25;0300 UTC;1;895,6;896,2;895,6;;17,8;16;18;17,4;16,1;15,7;90;88;89;80;2,7;1;
2025/04/25;0400 UTC;,4;894,9;895,6;894,9;;17,8;16,3;17,8;17,7;16,3;16;91;89;91;33;2;,6;
2025/04/25;0500 UTC;0;894,4;894,9;894,4;;17,9;16,4;17,9;17,7;16,5;16,3;92;91;91;57;2,2;,9;
2025/04/25;0600 UTC;3,4;893,6;894,4;893,5;;18;16,7;18;17,8;16,7;16,4;92;91;92;65;3,6;1,2;
2025/04/25;0700 UTC;1;893,7;893,7;893,4;;18,2;16,7;18,3;18;16,7;16,6;92;90;91;68;4,9;1,8;
2025/04/25;0800 UTC;5,6;893,6;894,2;893,6;;18,2;16,6;18,3;18,1;16,7;16,6;91;90;90;72;6,9;2,9;
2025/04/25;0900 UTC;1,2;894,1;894,1;893,3;;18,1;16,4;18,2;18,1;16,6;16,4;90;90;90;87;6,9;2,1;
2025/04/25;1000 UTC;0;894,5;894,7;894,1;37,1;18,2;16,3;18,2;18,1;16,4;16,3;90;89;89;67;6,1;2,9;
2025/04/25;1100 UTC;,2;894,7;894,8;894,4;120;18,2;16,3;18,3;18,1;16,4;16,2;89;88;88;19;6,1;1,4;
2025/04/25;1200 UTC;0;894,8;894,9;893,8;652,4;19,6;16,8;19,6;18,2;17,3;16,2;88;83;84;103;2,9;1,3;
2025/04/25;1300 UTC;0;894,7;894,9;894,6;1411,9;20,9;16,9;21,1;19,3;17,4;16,1;84;75;78;82;5,5;3;
2025/04/25;1400 UTC;0;894,5;894,8;894,5;1855,1;22;16,9;22;20,6;17,3;16,3;79;72;73;105;6;3;
2025/04/25;1500 UTC;0;894,3;894,5;894,3;1464,7;20,9;17;22,5;20,9;17,5;16;78;69;78;174;6,7;2,3;
2025/04/25;1600 UTC;0;893,9;894,3;893,8;1355,1;19,6;17,1;20,9;19,6;18,1;16,9;87;78;85;224;5,9;2,4;
2025/04/25;1700 UTC;0;893,5;893,8;893,5;1003,6;20,4;17,5;20,4;19,6;17,8;17,2;87;83;83;165;4,1;,8;
2025/04/25;1800 UTC;,8;893,3;893,5;893,2;611,9;18,4;17,4;20,9;18,3;18;16,7;94;81;94;217;7,7;3,2;
2025/04/25;1900 UTC;9,8;893,6;893,7;893,2;163,5;18,1;16,9;18,6;18,1;17,6;16,9;94;93;93;217;7;3,2;
2025/04/25;2000 UTC;5,8;894;894;893,6;112,2;17,9;16,8;18,2;17,9;16,9;16,3;93;90;93;222;8;3,8;
2025/04/25;2100 UTC;6;894,4;894,6;894;4,1;17,9;16,3;18;17,9;17;16,3;94;90;90;227;7,8;2,1;
2025/04/25;2200 UTC;2,4;895,3;895,3;894,4;;17,9;16,2;17,9;17,8;16,3;16,2;90;90;90;222;5,3;1,8;
2025/04/25;2300 UTC;,6;896;896;895,3;;17,4;15,7;17,9;17,4;16,2;15,7;90;90;90;217;4,5;2,5;
2025/04/26;0000 UTC;0;896,3;896,3;896;;17;15,4;17,4;17;15,7;15,4;91;90;91;233;5,4;1,9;
2025/04/26;0100 UTC;0;896,7;896,7;896,3;;16,9;15,4;17;16,9;15,5;15,4;92;91;91;221;3,5;1,5;
2025/04/26;0200 UTC;0;896,4;896,7;896,4;;16,9;15,5;17;16,8;15,6;15,4;92;91;92;192;3,1;1;
2025/04/26;0300 UTC;0;896,2;896,4;896,2;;17;15,5;17;16,9;15,6;15,4;92;91;91;205;4;2;
2025/04/26;0400 UTC;0;895,9;896,3;895,9;0;17;15,3;17,1;17;15,5;15,3;91;90;90;221;4;1;
2025/04/26;0500 UTC;0;895,3;895,9;895,3;;16,6;15,2;17;16,6;15,4;15,2;92;90;92;246;1,6;,9;
2025/04/26;0600 UTC;0;894,8;895,3;894,8;;16,6;15,4;16,7;16,6;15,5;15,2;93;92;93;224;2,9;1,8;
2025/04/26;0700 UTC;0;894,8;894,9;894,8;;16,3;15,2;16,6;16,3;15,4;15,2;93;92;93;290;2,9;,3;
2025/04/26;0800 UTC;0;895;895;894,6;;16;15,1;16,4;16;15,5;15,1;94;93;94;360;1,6;,8;
2025/04/26;0900 UTC;0;895,5;895,5;895;;16,1;15,2;16,2;15,9;15,3;15;95;94;95;39;1,2;,6;
2025/04/26;1000 UTC;0;896,4;896,4;895,5;58,4;16,5;15,7;16,6;16,1;15,7;15,2;95;95;95;70;1,9;,9;
2025/04/26;1100 UTC;0;897,1;897,1;896,3;266,2;17,3;15,8;17,4;16,5;16;15,6;95;91;91;71;1,9;,7;
2025/04/26;1200 UTC;0;897,7;897,7;897,1;682,6;17,9;15,1;18,1;17,2;15,8;14,4;91;82;84;37;3,5;1,5;
2025/04/26;1300 UTC;0;897,5;897,7;897,5;902,4;19;15,5;19;17,9;15,6;14,7;84;79;80;31;3,5;1,3;
2025/04/26;1400 UTC;0;896,8;897,5;896,8;1598,4;19,8;15,3;20,2;18,7;15,9;14,6;81;75;75;55;4,7;2,1;
2025/04/26;1500 UTC;0;896,2;896,8;896,1;1436,8;20,2;15,2;20,9;19,8;16,5;15,2;78;72;73;85;5,2;2,4;
2025/04/26;1600 UTC;0;895,6;896,2;895,5;1434,4;21,3;15,9;21,3;20,1;16,2;15,4;76;71;71;76;5,1;2;
2025/04/26;1700 UTC;,2;894,9;895,6;894,9;1527;21,7;15,9;22;20,9;16,5;15,2;73;67;70;69;6,2;1,9;
2025/04/26;1800 UTC;0;894,8;894,9;894,7;1509;20,8;15,9;22,1;20,8;16,6;15,5;74;68;74;89;5,2;2,4;
2025/04/26;1900 UTC;0;894,8;894,8;894,7;873,7;21,7;16;22,4;20,7;17,3;15,9;75;69;70;25;3,8;1,2;
2025/04/26;2000 UTC;0;895;895;894,8;285,4;18,7;16,7;21,7;18,7;16,8;15,9;88;70;88;220;3;1,7;
2025/04/26;2100 UTC;0;895,4;895,4;895;24,5;18,2;16,6;18,7;18,2;16,7;16,5;91;88;91;250;3,5;1;
2025/04/26;2200 UTC;0;895,9;895,9;895,4;;17,8;16,6;18,2;17,6;16,6;16,2;93;91;93;48;1,8;,5;
2025/04/26;2300 UTC;0;896,8;896,8;895,9;;17,8;16,8;17,8;17,7;16,9;16,6;94;93;94;51;2;,6;
2025/04/27;0000 UTC;0;897;897;896,8;;17,6;16,2;17,9;17,6;16,8;16,2;94;91;91;41;2,3;,9;
2025/04/27;0100 UTC;0;897,2;897,2;897;;16,5;14,8;17,7;16,4;16,2;14,8;91;89;90;336;2,9;,3;
2025/04/27;0200 UTC;0;897,4;897,4;897,2;;16,6;15,5;16,7;16,4;15,5;14,9;93;90;93;34;1,2;,5;
2025/04/27;0300 UTC;0;896,7;897,4;896,7;;16,6;15,7;16,8;16,6;15,8;15,6;94;93;94;91;1,4;,4;
2025/04/27;0400 UTC;0;896,5;896,8;896,5;;16,3;15,3;16,6;16,3;15,7;15,3;94;94;94;252;1,5;1,1;
2025/04/27;0500 UTC;0;896,3;896,6;896,3;;16,2;15,3;16,3;16,1;15,3;15,2;94;94;94;230;1,6;,7;
2025/04/27;0600 UTC;0;895,7;896,3;895,7;;15,7;14,8;16,2;15,7;15,3;14,8;95;94;94;94;2;,4;
2025/04/27;0700 UTC;0;895,9;895,9;895,7;;15,9;15;15,9;15,6;15;14,7;95;94;95;89;1,5;,3;
2025/04/27;0800 UTC;0;895,9;895,9;895,8;;16,1;15,2;16,1;15,9;15,3;15;95;95;95;37;1,3;,8;
2025/04/27;0900 UTC;0;896,7;896,7;895,9;;16,3;14,5;16,3;16;15,3;14,5;95;89;89;359;3;1;
2025/04/27;1000 UTC;0;897;897,1;896,7;55,8;16,8;14,9;16,8;16,3;14,9;14,3;89;87;88;10;2,1;1,4;
2025/04/27;1100 UTC;0;897,5;897,5;897;278,8;17,6;14,9;17,7;16,8;15,5;14,8;89;84;84;64;3,1;1,3;
2025/04/27;1200 UTC;0;898;898;897,5;926,8;19,1;15,6;19,2;17,6;16,3;14,9;86;80;80;60;4,4;1,7;
2025/04/27;1300 UTC;0;897,7;898,1;897,6;1948;21;15,5;21,2;19;16,8;15;81;71;71;69;4,4;2;
2025/04/27;1400 UTC;0;897,2;897,7;897,2;2851,4;22,6;16,6;22,8;20,7;16,8;15,1;74;66;69;61;4,9;2,4;
2025/04/27;1500 UTC;0;896,4;897,2;896,4;3234;23,4;16,5;23,9;22;17,2;15,6;69;64;65;84;5,8;2,7;
2025/04/27;1600 UTC;0;895,9;896,4;895,9;2067,2;23,3;17,2;23,7;22,2;17,3;15,9;70;64;69;79;6,6;3,5;
2025/04/27;1700 UTC;0;895,4;895,9;895,4;2578,7;22,5;16,9;23,8;22,4;17,8;16,4;71;66;70;54;6,6;2,6;
2025/04/27;1800 UTC;0;894,9;895,4;894,8;1468,6;22,9;17;23,2;22,1;17,6;16,6;73;69;69;81;5,8;2,3;
2025/04/27;1900 UTC;0;894,8;894,9;894,8;1381,3;22,3;17;22,9;22;17,3;16,6;73;69;72;75;5,3;1,7;
2025/04/27;2000 UTC;0;894,6;894,9;894,5;417,8;19,7;16,5;22,3;19,7;16,8;16,3;82;71;82;343;4,3;,9;
2025/04/27;2100 UTC;0;894,5;894,6;894,4;16;18,1;16,2;19,7;18,1;16,7;16,2;89;82;89;74;1,9;,5;
2025/04/27;2200 UTC;0;895,1;895,1;894,5;;17,2;15,7;18,2;17,2;16,5;15,6;91;89;91;352;2,2;,7;
2025/04/27;2300 UTC;0;895,7;895,7;895;;17;15,9;17,3;16,5;16;15,1;94;91;93;11;2;1,3;
2025/04/28;0000 UTC;0;895,9;895,9;895,7;;17,5;16,5;17,6;16,9;16,6;15,7;94;93;94;55;2;,8;
2025/04/28;0100 UTC;0;896;896,1;895,9;;17,9;16,8;17,9;17,4;16,8;16,3;94;94;94;39;2,4;1;
2025/04/28;0200 UTC;0;895,8;896;895,7;;18,5;16,6;18,5;17,9;16,9;16,6;94;89;89;24;3,8;1,7;
2025/04/28;0300 UTC;0;895,6;895,9;895,6;;18,7;16,6;18,8;18,5;16,6;16,4;89;86;88;74;4;1,4;
2025/04/28;0400 UTC;0;895,3;895,6;895,3;;18,5;16,6;18,7;18,5;16,7;16,5;89;88;89;75;3,7;1,5;
2025/04/28;0500 UTC;0;894,7;895,3;894,7;;18,4;16,6;18,6;18,4;16,7;16,6;89;89;89;18;3,7;,7;
2025/04/28;0600 UTC;0;894;894,7;894;;18,4;16,7;18,4;18,4;16,7;16,6;90;89;90;26;2,4;,5;
2025/04/28;0700 UTC;0;893,7;894;893,6;;18,6;16,9;18,6;18,4;16,9;16,7;90;90;90;34;3,3;1,5;
2025/04/28;0800 UTC;0;893,6;893,7;893,6;;19,2;16,8;19,2;18,7;17;16,7;90;86;86;75;6;2,7;
2025/04/28;0900 UTC;0;893,8;893,9;893,6;;19;16,7;19,2;18,8;16,9;16,6;88;86;87;46;5;2,2;
2025/04/28;1000 UTC;0;894,3;894,3;893,8;108,2;19,6;17;19,6;18,8;17;16,6;87;84;85;70;7,6;2,3;
2025/04/28;1100 UTC;0;894,7;894,8;894,3;293,6;20,2;16,7;20,2;19,6;17;16,6;85;80;81;85;6,7;3,4;
2025/04/28;1200 UTC;0;895,1;895,2;894,7;956,9;22,6;17;22,6;20,2;17,3;16,3;82;71;71;58;6,9;3,1;
2025/04/28;1300 UTC;0;895,1;895,3;895;2195,5;23,8;14,5;24,4;22,1;17,6;13,8;73;54;56;347;8,4;2,2;
2025/04/28;1400 UTC;0;894,7;895,1;894,7;2848,5;24,2;13,3;24,6;23,8;15,3;12,9;58;49;51;351;7;2,6;
2025/04/28;1500 UTC;0;894,1;894,7;894,1;2823,6;25;14;25,8;24,2;14,7;12,8;53;47;51;329;7;2,2;
2025/04/28;1600 UTC;0;893,7;894,2;893,7;1795,4;23,6;16,4;25,4;23,4;16,4;12,6;64;46;64;241;5,8;2,2;
2025/04/28;1700 UTC;0;893,4;893,8;893,4;1679,6;23,6;17,3;24;22,8;18,2;15,6;72;62;68;236;5;1,9;
2025/04/28;1800 UTC;0;893,2;893,4;893,1;999;22;17,4;23,7;21,8;17,9;16,8;77;67;75;237;7;3,2;
2025/04/28;1900 UTC;0;893,3;893,3;893,1;737,1;21,6;16,6;22;21,6;17,5;16,3;77;72;73;212;7,5;4,1;
2025/04/28;2000 UTC;0;894,4;894,5;893,2;235,9;18,3;16,6;21,6;18,3;16,6;15,7;90;71;90;226;13,5;5,8;
2025/04/28;2100 UTC;,4;894,3;894,5;894,2;13;18,3;16;18,6;18,2;16,8;16;91;86;86;214;11,7;3,6;
2025/04/28;2200 UTC;,6;894,7;894,7;894,2;;17,9;15,9;18,3;17,9;16,3;15,9;89;86;88;211;8,2;3,8;
2025/04/28;2300 UTC;,8;895,3;895,3;894,7;;17,9;16;18;17,9;16;15,8;89;87;88;215;7,7;2,3;
2025/04/29;0000 UTC;,2;895,4;895,5;895,3;;18;16,1;18;17,9;16,1;16;89;88;89;199;7,3;2,2;
2025/04/29;0100 UTC;0;895,3;895,5;895,1;;18;16,2;18,1;18;16,2;16,1;89;89;89;201;5,1;2,3;
2025/04/29;0200 UTC;0;895,4;895,4;895,2;;18,2;16,1;18,3;18;16,2;16,1;89;87;87;203;6,3;3,6;
2025/04/29;0300 UTC;3;895,2;895,5;895,1;;17,6;15,7;18,3;17,6;16,3;15,7;90;87;88;216;8,2;4,7;
2025/04/29;0400 UTC;2;895;895,4;895;;17,4;15,4;17,7;17,3;15,7;15,4;89;88;88;213;8,6;2,9;
2025/04/29;0500 UTC;2,4;895;895,1;894,7;;17;15;17,5;17;15,6;15;89;88;88;228;9,3;3,9;
2025/04/29;0600 UTC;,6;894,5;895;894,4;;16,2;14,4;17;16,2;14,9;14,4;89;88;89;226;7,9;4,2;
2025/04/29;0700 UTC;,2;894,1;894,5;894,1;;16,2;14,5;16,2;16,1;14,5;14,3;90;89;90;224;7,8;3,3;
2025/04/29;0800 UTC;,4;894,3;894,3;894,1;;16,3;14,5;16,3;16,2;14,5;14,4;90;89;89;226;8,6;2,4;
2025/04/29;0900 UTC;,6;894,8;894,8;894,3;;16,4;14,4;16,4;16,2;14,5;14,4;89;88;88;207;9,3;4,8;
2025/04/29;1000 UTC;,6;895,8;895,8;894,8;79,8;15,8;13,7;16,5;15,8;14,4;13,7;88;87;88;224;10,8;4,9;
2025/04/29;1100 UTC;,4;896,5;896,5;895,8;331,9;15,9;13,9;16;15,6;14;13,6;88;88;88;210;10,6;4,3;
2025/04/29;1200 UTC;,2;897,4;897,4;896,5;831,7;15;12,8;16,1;14,9;14,2;12,6;89;85;87;227;10,4;4,9;
2025/04/29;1300 UTC;0;897,8;897,8;897,3;1489,9;15,1;12,6;15,8;14,8;13,7;12,4;88;85;85;213;10,1;3,9;
2025/04/29;1400 UTC;0;897,5;897,8;897,5;1533,6;15;11,5;15,7;14,8;13,5;11,4;87;79;80;220;9,9;5,4;
2025/04/29;1500 UTC;0;897,1;897,5;897,1;1606,5;16,3;11,4;16,3;15;11,8;10,4;80;69;73;204;9,7;3,1;
2025/04/29;1600 UTC;0;896,6;897,2;896,6;976;15,9;10,3;16,3;15,7;10,9;9,6;73;67;69;224;7,5;3,2;
2025/04/29;1700 UTC;0;895,9;896,7;895,9;1363,6;16,2;12;16,8;15,8;12,4;10;76;68;76;222;8,5;4,8;
2025/04/29;1800 UTC;0;896;896,1;895,9;1564;15;13,3;16,8;15;13,7;11,9;90;73;90;219;8,7;3,4;
2025/04/29;1900 UTC;0;896,3;896,3;896;776,9;15,3;13;15,6;15;13,8;12,9;91;86;86;223;7,3;4;
2025/04/29;2000 UTC;0;896,3;896,4;896,1;292,9;14,8;12,9;15,4;14,8;13,1;12,7;88;86;88;194;7,1;3,5;
2025/04/29;2100 UTC;0;896,8;896,8;896,4;16,1;14,4;12,7;14,8;14,4;13;12,7;89;88;89;217;7,5;3,4;
2025/04/29;2200 UTC;0;897,2;897,2;896,8;;14,2;12,5;14,4;14,1;12,7;12,4;90;89;90;220;7,4;3,6;
2025/04/29;2300 UTC;0;897,8;897,8;897,2;;14,4;12,5;14,4;14,2;12,6;12,5;90;89;89;208;7,3;3,7;
2025/04/30;0000 UTC;0;898,3;898,3;897,8;;14,2;12,5;14,4;14,2;12,7;12,5;89;89;89;212;6,4;3,2;
2025/04/30;0100 UTC;0;898,3;898,4;898,3;;14,2;11,8;14,3;13,9;12,5;11,6;89;85;85;197;5,7;2,6;
2025/04/30;0200 UTC;0;898,4;898,5;898,3;;14,1;12,3;14,3;14,1;12,3;11,8;89;85;89;206;5;2,1;
2025/04/30;0300 UTC;0;898,1;898,4;898,1;;14,4;12,4;14,5;14,1;12,5;12,2;89;88;88;256;4,5;2,2;
2025/04/30;0400 UTC;0;897,8;898,2;897,7;;14,2;12,4;14,5;14,2;12,5;12,4;89;87;89;234;4,8;2,4;
2025/04/30;0500 UTC;0;897,6;897,8;897,6;;14,1;12,4;14,2;14;12,5;12,2;90;88;90;227;5,8;1,8;
2025/04/30;0600 UTC;,2;897,2;897,6;897,2;;14,4;12,6;14,5;14,1;12,8;12,4;90;89;89;222;6,8;3,1;
2025/04/30;0700 UTC;,4;897,3;897,3;897,1;;14,4;12,4;14,5;14,3;12,7;12,4;89;88;88;227;6,8;2,3;
2025/04/30;0800 UTC;0;897,5;897,6;897,3;;14,1;12,1;14,4;14;12,4;11,8;89;87;88;215;6,5;3,3;
2025/04/30;0900 UTC;0;898;898;897,5;;14,1;12,1;14,2;14;12,2;11,8;88;87;88;206;7,7;3,7;
2025/04/30;1000 UTC;0;898,8;898,8;898;113,4;14,3;11,9;14,3;14;12,2;11,7;88;85;86;201;7;3,2;
2025/04/30;1100 UTC;0;899,4;899,4;898,7;435,1;14,7;12,2;14,8;14,3;12,2;11,9;87;84;85;207;6,1;2,2;
2025/04/30;1200 UTC;0;899,5;899,5;899,3;1475,4;16;11,9;16;14,6;12,3;11,4;85;76;77;203;7;3,7;
2025/04/30;1300 UTC;0;899,8;899,9;899,5;1870,7;16,5;12,2;17;16;12,4;10,9;77;69;76;236;7,2;2,8;
2025/04/30;1400 UTC;0;899,7;899,9;899,7;1730;16,4;12,7;17,4;16,1;12,7;11,4;79;70;79;234;6,4;3,1;
2025/04/30;1500 UTC;0;899,3;899,7;899,3;1038,2;16,2;12,5;16,5;15,9;13;12;81;76;79;211;6,5;2,8;
2025/04/30;1600 UTC;0;898,8;899,3;898,8;814,1;16,7;12,1;17;16,2;12,9;11,9;80;73;74;232;4,7;2,8;
2025/04/30;1700 UTC;0;898,4;898,8;898,4;1069,2;16,2;13,3;17;16,2;13,5;12;83;74;83;222;6,3;3,2;
2025/04/30;1800 UTC;0;898,4;898,6;898,4;389,7;15,3;12,7;16,1;15,1;13,3;12,6;88;83;84;237;5,8;2,2;
2025/04/30;1900 UTC;0;898,5;898,5;898,3;497,9;15,2;12;15,6;15,1;12,8;11,8;84;80;82;216;6,1;2,7;
2025/04/30;2000 UTC;0;898,7;898,7;898,5;161,5;14,8;11,8;15,2;14,8;12;11,5;82;80;82;203;5,1;2,3;
2025/04/30;2100 UTC;0;898,9;898,9;898,7;14;14,7;12,2;14,8;14,7;12,2;11,8;85;82;85;207;4,6;1,8;
2025/04/30;2200 UTC;0;899,5;899,5;898,9;;14,7;12,2;14,7;14,6;12,3;12,2;86;85;85;206;3,9;2,4;
2025/04/30;2300 UTC;0;900,2;900,2;899,5;;14,5;12,2;14,7;14,5;12,3;12,2;86;85;86;221;4,6;1,9;
2025/05/01;0000 UTC;0;900,6;900,6;900,2;;14,5;12,5;14,5;14,4;12,5;12,2;88;86;88;216;4,8;3,1;
2025/05/01;0100 UTC;0;900,6;900,7;900,6;;14,5;12,4;14,6;14,5;12,6;12,4;88;87;87;246;4,8;1,2;
2025/05/01;0200 UTC;0;900,5;900,7;900,5;;14,4;12,6;14,5;14,3;12,6;12,2;89;87;89;256;4,3;2,2;
2025/05/01;0300 UTC;0;900,3;900,5;900,3;;14,4;12,4;14,5;14,3;12,6;12,3;89;88;88;215;4,9;2,2;
2025/05/01;0400 UTC;0;900,1;900,3;900,1;;14,4;12,2;14,5;14,3;12,5;12,2;88;86;86;247;4,9;1,6;
2025/05/01;0500 UTC;0;899,8;900,2;899,8;;14,2;12,2;14,5;14,2;12,3;12,2;88;86;88;233;4,2;1,6;
2025/05/01;0600 UTC;0;899,5;899,8;899,5;;13,7;11,8;14,2;13,7;12,2;11,7;88;87;88;262;4,2;1,7;
2025/05/01;0700 UTC;0;899,4;899,6;899,4;;13,2;11,2;13,9;13,2;11,9;11,2;88;87;88;179;4;,7;
2025/05/01;0800 UTC;0;899,7;899,7;899,4;;11,7;10,3;13,2;11,2;11,2;9,6;91;88;91;296;2,1;1,2;
2025/05/01;0900 UTC;0;900,1;900,1;899,7;;10,7;9,3;11,7;10,7;10,1;9,3;91;90;91;232;3,4;1,3;
2025/05/01;1000 UTC;0;900,9;900,9;900,1;109,1;11,5;10,7;11,5;10,6;10,7;9,3;95;91;95;223;3,8;1,1;
2025/05/01;1100 UTC;0;901,3;901,3;900,9;833,7;13,6;10,9;13,7;11,5;12,1;10,8;95;84;84;185;3,1;1,9;
2025/05/01;1200 UTC;0;901,4;901,4;901,2;1667,9;17,1;11,8;17,1;13,6;12,1;10,2;84;66;71;220;2,8;1,6;
2025/05/01;1300 UTC;0;901,7;901,7;901,4;1963,4;18;10,7;18,3;16,6;12;10;71;60;62;228;4,6;1,9;
2025/05/01;1400 UTC;0;901,4;901,7;901,4;2074;17,8;11;19,1;17,6;12,1;9,6;65;57;65;234;5,9;2,7;
2025/05/01;1500 UTC;0;900,9;901,4;900,9;1180,5;17,8;11,7;17,9;17,3;12,1;10,3;69;62;68;225;5,4;2,7;
2025/05/01;1600 UTC;0;900,3;900,9;900,3;1382,5;17,7;12,1;18,6;17,4;12,3;10,6;70;62;70;232;5,9;3,3;
2025/05/01;1700 UTC;0;900,2;900,4;900,1;1504,6;17,5;11,8;18,6;17,5;12,7;10,5;70;62;69;230;6,1;2,7;
2025/05/01;1800 UTC;0;900,4;900,4;900,1;1015,9;17,1;11,8;18,2;17,1;12,6;11,3;73;67;71;225;6,2;3,4;
2025/05/01;1900 UTC;0;900,6;900,6;900,4;437,1;16,5;11;17,1;16,5;12,1;10,9;74;69;70;222;6,2;2,3;
2025/05/01;2000 UTC;0;900,7;900,7;900,5;178,4;15,2;12;16,6;15,2;12,1;11,1;81;70;81;243;4,8;1,7;
2025/05/01;2100 UTC;0;901;901;900,7;23,7;14,6;12,1;15,2;14,6;12,4;11,9;85;81;85;240;3,9;1,9;
2025/05/01;2200 UTC;0;901,2;901,2;900,9;;12,9;11,1;14,6;12,9;12,3;11,1;89;85;89;268;3,9;,9;
2025/05/01;2300 UTC;0;901,5;901,6;901,2;;14,6;12,6;14,7;12,9;12,9;11,2;90;88;88;240;4,3;1,9;
2025/05/02;0000 UTC;0;901,7;901,7;901,5;;13,1;11,7;14,6;12,2;12,7;10,6;94;87;91;214;3,5;1;
2025/05/02;0100 UTC;0;901,6;901,7;901,5;;12,4;11,2;13,4;12;12,4;10,6;94;90;92;271;3,6;,7;
2025/05/02;0200 UTC;0;901,8;901,8;901,6;;12;11;12,5;11,4;11,6;10;94;91;94;297;3;,7;
2025/05/02;0300 UTC;,2;901,6;901,8;901,5;;12,6;11,6;12,7;11,4;11,8;10,1;94;92;94;262;2,4;1,1;
2025/05/02;0400 UTC;0;901,5;901,6;901,4;;11,7;10,6;12,7;11,4;11,8;10,3;94;92;93;317;2,3;1;
2025/05/02;0500 UTC;0;901;901,5;901;;12,1;11,2;12,3;11,5;11,4;10,4;94;93;94;288;2,3;,7;
2025/05/02;0600 UTC;0;901;901,1;900,9;;11,2;10,3;12,2;11,2;11,3;10,2;94;93;94;52;1,3;,3;
2025/05/02;0700 UTC;0;900,7;901;900,7;;10,6;9,7;11,4;10,5;10,5;9,6;95;94;95;20;1,6;,4;
2025/05/02;0800 UTC;0;900,6;900,7;900,6;,5;10,8;10;11;10,5;10,2;9,7;95;95;95;311;1,6;,5;
2025/05/02;0900 UTC;0;901,2;901,2;900,7;;10,5;9,8;11,2;10,5;10,4;9,7;95;95;95;264;2,8;,3;
2025/05/02;1000 UTC;0;901,8;901,8;901,2;91,9;10,2;9,5;10,5;9,9;9,7;9,2;95;95;95;64;1,9;,8;
2025/05/02;1100 UTC;0;902,2;902,2;901,8;627,1;11,8;11,1;12;10,2;11,3;9,5;95;95;95;123;1,3;,6;
2025/05/02;1200 UTC;0;902,5;902,5;902,1;1675;15,5;12,2;15,8;11,8;13,7;11,1;95;79;81;88;2;1,3;
2025/05/02;1300 UTC;0;902,6;902,6;902,4;2418,6;19,1;9,7;19,1;15,4;13,1;7,6;81;51;55;54;2,8;1,2;
2025/05/02;1400 UTC;0;902,2;902,6;902,2;2856,3;19,8;8,6;20;18,6;9,9;7,6;54;47;48;28;3,9;1,7;
2025/05/02;1500 UTC;0;901,9;902,2;901,9;3067;21;10,9;21,2;19,5;11;8;53;45;53;140;4,2;1,6;
2025/05/02;1600 UTC;0;901,4;901,9;901,4;2605,5;18,7;11,5;21;18,4;12,4;10,4;66;53;63;214;7,1;3,2;
2025/05/02;1700 UTC;0;901;901,4;901;2518,9;18,6;11,8;19,6;18,5;12,5;11;66;60;65;244;6,4;3,2;
2025/05/02;1800 UTC;0;901;901;900,9;1359,2;18;11,6;18,7;17,6;12,4;11,6;69;65;66;235;7;3,2;
2025/05/02;1900 UTC;0;901,5;901,5;901;902,3;16,8;11,6;18,4;16,7;12,4;11,2;73;66;72;238;6,6;3;
2025/05/02;2000 UTC;0;901,7;901,7;901,5;223,2;16,2;12,1;16,8;16,2;12,2;11,6;77;72;77;219;6,6;2,3;
2025/05/02;2100 UTC;0;901,8;901,8;901,6;13,1;15,5;12,5;16,2;15,5;12,5;12,1;82;77;82;244;3,9;,7;
2025/05/02;2200 UTC;0;902,1;902,1;901,8;;14,9;12,7;15,6;14,9;12,8;12,5;87;82;87;254;2,2;,9;
2025/05/02;2300 UTC;0;902,7;902,7;902,1;;14,9;12,5;15,1;14,8;12,8;12,4;87;85;86;278;2;,7;
2025/05/03;0000 UTC;0;902,8;902,9;902,7;;14,3;12,4;15;14,3;12,8;12,4;88;86;88;267;1,6;,8;
2025/05/03;0100 UTC;0;902,8;903;902,8;;12,9;11,2;14,3;12,9;12,4;11,2;90;88;90;264;2,8;,6;
2025/05/03;0200 UTC;0;902,9;902,9;902,8;;12,5;11,2;13,2;12,3;11,7;10,8;92;90;92;273;2;1,2;
2025/05/03;0300 UTC;0;902,8;902,9;902,8;;11,3;10,3;12,5;10,9;11;9,6;93;91;93;254;2;,7;
2025/05/03;0400 UTC;0;902,5;902,8;902,5;;10,6;9,8;11,3;10,5;10,2;9,5;95;93;95;11;1,2;,7;
2025/05/03;0500 UTC;,2;901,9;902,5;901,9;;10,5;9,7;10,6;10,3;9,8;9,5;95;95;95;342;1,4;,5;
2025/05/03;0600 UTC;0;901,5;901,9;901,5;;10,4;9,6;10,6;10,3;9,8;9,5;95;95;95;336;1,5;,4;
2025/05/03;0700 UTC;0;901,1;901,5;901,1;;9,5;8,8;10,4;9,5;9,6;8,8;95;95;95;352;1;,7;
2025/05/03;0800 UTC;0;901,1;901,2;901;;8,7;8;9,6;8,7;8,9;8;96;95;96;4;,9;,3;
2025/05/03;0900 UTC;0;901,5;901,5;901;;8,4;7,7;8,7;8,3;8;7,7;96;96;96;280;1;,4;
2025/05/03;1000 UTC;,2;902,1;902,1;901,5;87,6;8,4;7,7;8,4;8,1;7,8;7,4;96;96;96;111;1;,3;
2025/05/03;1100 UTC;0;902,1;902,2;901,9;818,3;11;10,3;11;8,4;10,3;7,7;96;95;95;101;1,3;,5;
2025/05/03;1200 UTC;0;902;902,3;902;1743,5;14,5;11,3;14,5;11;13,2;10,5;95;81;81;66;2,5;1,3;
2025/05/03;1300 UTC;0;902,1;902,1;902;2385,9;18,2;10,5;18,2;14,5;11,4;9,2;81;59;61;87;5,9;2,7;
2025/05/03;1400 UTC;0;901,7;902,1;901,6;2818,9;19,5;10,1;19,8;17,8;11,2;9,3;62;53;55;78;6;2,9;
2025/05/03;1500 UTC;0;901,2;901,7;901,1;3005,1;20,3;10,6;20,5;19,4;11,6;9,8;58;53;54;101;6,7;3,6;
2025/05/03;1600 UTC;0;900,7;901,2;900,7;2981,6;21;11,3;21;19,9;12;10,1;57;51;54;91;6,9;3,5;
2025/05/03;1700 UTC;0;900,3;900,7;900,3;2664,8;20,4;10,5;21,2;20,3;12;10,5;57;52;53;78;6,8;3,1;
2025/05/03;1800 UTC;0;900,4;900,4;900,2;1957,8;20,6;11,1;21,6;20,4;11,6;9,8;56;48;54;102;5,7;1,6;
2025/05/03;1900 UTC;0;900,8;900,8;900,3;800,6;17,4;12,9;20,7;17,4;13,7;11,3;75;55;75;222;6,3;3,1;
2025/05/03;2000 UTC;0;901,2;901,2;900,8;206,2;16,4;12,9;17,4;16,4;13;12,5;80;75;80;214;6,5;2,3;
2025/05/03;2100 UTC;0;901,4;901,4;901,2;15,3;14,4;12,3;16,4;14,3;13;12,2;87;80;87;283;4,5;,7;
2025/05/03;2200 UTC;0;901,8;901,8;901,4;;13,5;11,6;14,4;13,4;12,5;11,5;89;87;89;308;3,5;1,1;
2025/05/03;2300 UTC;0;902;902;901,7;;12,6;11,1;13,5;12,6;11,9;10,9;91;88;90;296;2,2;,9;
2025/05/04;0000 UTC;0;902,1;902,1;902;;11,2;9,9;12,8;11,2;11,4;9,9;92;90;91;335;1,6;,3;
2025/05/04;0100 UTC;0;902,2;902,3;902,1;;10,8;9,9;11,3;10,6;10,1;9,5;94;91;94;283;1,3;,7;
2025/05/04;0200 UTC;0;902,3;902,3;902,2;;10,5;9,7;11,9;10,4;11,1;9,5;95;93;95;258;1,6;,2;
2025/05/04;0300 UTC;0;901,5;902,3;901,5;;10,1;9,3;10,6;10,1;9,7;9,2;95;94;95;110;,8;,3;
2025/05/04;0400 UTC;0;901,2;901,5;901,2;;10;9,2;10,4;9,7;9,6;9;95;95;95;85;1,9;,3;
2025/05/04;0500 UTC;0;901,1;901,2;901;;9,6;8,8;10,1;9,6;9,4;8,8;95;95;95;232;1;,3;
2025/05/04;0600 UTC;0;900,9;901,1;900,9;;9,5;8,8;9,8;9,2;9,1;8,5;95;95;95;331;1;,4;
2025/05/04;0700 UTC;,2;900,7;900,9;900,7;;9,3;8,6;9,8;9,3;9,1;8,5;95;95;95;81;1,6;,2;
2025/05/04;0800 UTC;0;900,7;900,8;900,6;;10,1;9,4;10,1;9,2;9,4;8,5;95;95;95;307;1,3;,5;
2025/05/04;0900 UTC;0;901,3;901,3;900,7;;10,6;9,9;10,6;10,1;9,9;9,3;95;95;95;252;2,2;,9;
2025/05/04;1000 UTC;0;901,9;901,9;901,3;44,8;11,1;10,4;11,2;10,6;10,5;9,9;95;95;95;315;2,2;,6;
2025/05/04;1100 UTC;0;902,3;902,4;901,9;294,2;11,9;11,2;12;11,1;11,3;10,4;95;95;95;190;2,4;1,3;
2025/05/04;1200 UTC;0;902,6;902,6;902,3;1171,7;14,9;14,2;15,2;11,9;14,4;11,2;95;95;95;116;2,4;,8;
2025/05/04;1300 UTC;0;902,7;902,8;902,5;2387,9;18,2;10,9;18,2;14,9;14,9;10,6;95;63;63;198;3,7;1,7;
2025/05/04;1400 UTC;0;902;902,7;902;2740;20,7;11,5;20,7;18,1;11,8;9,6;65;51;56;4;3,7;1,8;
2025/05/04;1500 UTC;0;901,7;902;901,6;2875,3;21,1;9,2;21,5;20,2;11,7;8,4;56;45;46;60;4,8;1,9;
2025/05/04;1600 UTC;0;901,1;901,7;901,1;2274,2;18,7;12,6;21,6;18,7;13;7,9;69;42;68;241;6,1;3,7;
2025/05/04;1700 UTC;0;900,8;901,1;900,8;2217,4;19;12,4;20,3;18,4;13,9;12,2;71;63;65;232;6,3;2,9;
2025/05/04;1800 UTC;0;900,6;900,8;900,5;1890,7;18,9;12,8;20;18,7;13,8;12,4;69;65;68;243;5,6;3,1;
2025/05/04;1900 UTC;0;901;901;900,6;716,8;17,3;13;18,9;17,3;13,3;12,7;76;67;76;227;5,7;2,7;
2025/05/04;2000 UTC;0;901,5;901,5;901;209,3;16,4;12,9;17,3;16,4;13,1;12,9;80;76;80;232;5,7;2;
2025/05/04;2100 UTC;0;901,8;901,8;901,5;10,2;15,5;13;16,4;15,5;13,3;12,9;85;80;85;245;4,1;1,1;
2025/05/04;2200 UTC;0;902;902;901,7;;13,9;12,3;15,5;13,6;12,9;11,8;90;85;90;266;2,1;,7;
2025/05/04;2300 UTC;0;902,6;902,7;902;;13,6;12,3;13,9;13,2;12,3;11,7;92;89;92;210;2,5;1,4;
2025/05/05;0000 UTC;0;902,7;902,7;902,5;;12,5;11;13,6;12,5;12,2;11;92;90;90;290;2,8;1,2;
2025/05/05;0100 UTC;0;902,7;902,8;902,6;;11,8;10,6;12,8;11,5;11,8;10,1;94;90;92;294;2,8;,8;
2025/05/05;0200 UTC;0;902,9;903;902,7;;10,6;9,5;12,3;10,5;11,4;9,3;94;92;93;47;2,2;,9;
2025/05/05;0300 UTC;0;902,8;902,9;902,7;;10,1;9,3;11,3;10,1;10,5;9,3;95;93;94;37;2,1;,5;
2025/05/05;0400 UTC;0;902,8;902,9;902,7;;10,9;10,1;11,2;10;10,4;9,2;95;94;95;14;1,4;,5;
2025/05/05;0500 UTC;0;902,3;902,8;902,3;;11,2;10,4;11,3;10,9;10,5;10,1;95;95;95;78;1,4;,3;
2025/05/05;0600 UTC;0;902,1;902,3;902,1;;10,7;9,9;11,3;10,7;10,5;9,9;95;95;95;273;1;,4;
2025/05/05;0700 UTC;0;901,8;902,1;901,7;;10,3;9,6;10,7;10,2;9,9;9,5;95;95;95;302;1,2;,4;
2025/05/05;0800 UTC;,2;901,9;901,9;901,6;;9,1;8,4;10,3;9,1;9,5;8,4;95;95;95;346;1,2;,5;
2025/05/05;0900 UTC;0;902,6;902,6;901,9;;8,8;8,1;9,4;8,8;8,7;8,1;95;95;95;5;1,2;,3;
2025/05/05;1000 UTC;0;903,2;903,3;902,6;101,7;8,9;8,3;8,9;8,4;8,3;7,8;96;95;96;60;,8;,3;
2025/05/05;1100 UTC;0;903,4;903,4;903,2;707,7;11,9;11,2;12;8,9;11,2;8,3;96;95;95;120;1,3;,6;
2025/05/05;1200 UTC;0;903,7;903,8;903,4;1693,8;15,9;12,6;15,9;11,6;13,8;10,9;95;81;81;97;2,3;1,1;
2025/05/05;1300 UTC;0;903,5;903,8;903,5;2369,8;19;12,3;19;15,5;12,9;10,6;81;61;65;21;4,4;1,9;
2025/05/05;1400 UTC;0;903,1;903,5;903,1;2728,4;19,8;10,2;20,3;17,9;12,1;10;66;53;54;68;5,6;2;
2025/05/05;1500 UTC;0;902,4;903,1;902,4;2797,8;21,1;9,8;21,1;19;11,8;8,2;61;45;49;46;4,8;2;
2025/05/05;1600 UTC;0;901,6;902,5;901,6;2444,2;20,3;8,7;22;19,9;10,3;7,5;52;40;48;95;5,6;2,7;
2025/05/05;1700 UTC;0;901,1;901,6;901,1;2265,7;21,9;10,3;22;19,8;10,6;7,7;51;42;48;60;5,6;1,8;
2025/05/05;1800 UTC;0;900,9;901,1;900,9;1934,9;20,5;12,8;21,9;20,2;13,1;8,7;62;44;61;232;5,1;2,4;
2025/05/05;1900 UTC;0;901,2;901,2;900,9;1426,3;18,6;13,5;20,5;18,4;13,7;12,6;72;61;72;236;4,7;2,9;
2025/05/05;2000 UTC;0;901,2;901,3;901,1;297,2;16,9;13,4;18,6;16,9;13,6;13,3;80;72;80;202;4,5;1,7;
2025/05/05;2100 UTC;0;901,6;901,6;901,2;16,4;14,7;12,6;16,9;14,7;13,4;12,6;87;80;87;290;2,9;1,2;
2025/05/05;2200 UTC;0;902;902,1;901,6;;13,5;11,8;14,9;13,5;12,8;11,8;90;87;89;294;2,1;1,1;
2025/05/05;2300 UTC;0;902,1;902,1;902;;12,7;10,8;13,6;12,7;12;10,8;90;87;88;300;3,1;1,2;
2025/05/06;0000 UTC;0;902;902,2;902;;11,3;9,9;12,7;11,2;11;9,8;91;88;91;279;2,9;,6;
2025/05/06;0100 UTC;0;902,2;902,2;902;;10,4;9,2;11,3;10,4;9,8;9,1;93;91;92;39;1;,3;
2025/05/06;0200 UTC;0;902,2;902,3;902,1;;11;10,2;11;10,4;10,2;9,4;95;92;95;208;1;,4;
2025/05/06;0300 UTC;0;902;902,2;902;;11,4;10,6;11,4;11;10,6;10,1;95;94;95;153;1,1;,3;
2025/05/06;0400 UTC;0;901,6;902;901,6;;12;11,2;12;11,4;11,2;10,6;95;95;95;252;1,1;,5;
2025/05/06;0500 UTC;0;901,1;901,6;901,1;;12,2;11,4;12,2;11,9;11,4;11;95;95;95;77;1,1;,2;
2025/05/06;0600 UTC;0;900,7;901,1;900,6;;11,7;10,9;12,4;11,7;11,6;10,9;95;95;95;178;1,1;,3;
2025/05/06;0700 UTC;0;900,5;900,8;900,5;;11,6;10,9;11,8;10,9;11;10,2;95;95;95;59;1,3;,5;
2025/05/06;0800 UTC;0;900,6;900,6;900,4;;12,6;11,8;12,6;11,5;11,8;10,8;95;95;95;309;1,5;,3;
2025/05/06;0900 UTC;0;901;901;900,6;;11,7;10,9;12,7;11,7;11,9;10,9;95;95;95;267;1,9;,9;
2025/05/06;1000 UTC;,2;901,6;901,6;901;115,9;11,4;10,6;11,9;10,7;11,1;9,9;95;95;95;122;1,9;,3;
2025/05/06;1100 UTC;0;902,1;902,1;901,6;697,5;14,3;13,2;14,5;11,4;13,7;10,8;95;93;93;56;2,2;,6;
2025/05/06;1200 UTC;0;902,2;902,3;902,1;1625,8;17,6;12,5;17,6;14,3;14,7;12,1;93;72;72;108;4,2;2,7;
2025/05/06;1300 UTC;0;902,3;902,6;902,2;1909,6;19,2;12,6;19,3;17,3;13,1;11,8;74;65;66;59;5;2,2;
2025/05/06;1400 UTC;0;901,6;902,3;901,6;2123,1;19,2;12;20;18,4;13;11,1;67;59;63;75;6,1;2,7;
2025/05/06;1500 UTC;0;900,8;901,6;900,8;2348,4;19,1;12,6;21,2;19;13,6;11,6;66;57;66;52;6,9;2,1;
2025/05/06;1600 UTC;0;900,2;900,8;900,2;2592,8;20,3;11,3;21,3;19;12,9;11,2;67;55;56;55;5,9;2,1;
2025/05/06;1700 UTC;0;899,4;900,2;899,4;1855,2;21,2;12,1;21,5;19,8;13,3;10,9;63;52;56;36;5,9;2,8;
2025/05/06;1800 UTC;0;899,3;899,5;899,3;1119,9;19,5;12,2;21,2;19,5;12,9;11,6;64;56;63;72;7,2;2,6;
2025/05/06;1900 UTC;0;899,8;899,8;899,3;424,1;18,5;12,5;19,5;18,5;12,8;11,8;69;62;68;32;4,3;1,3;
2025/05/06;2000 UTC;0;900,1;900,1;899,8;159,6;17,9;12,6;18,5;17,9;12,8;12,2;72;68;71;65;3,9;1;
2025/05/06;2100 UTC;0;900,6;900,6;900,1;9,6;16,2;13,6;17,9;16,2;13,6;12,5;84;71;84;328;2,5;,5;
2025/05/06;2200 UTC;0;901;901;900,6;;15,8;13,7;16,2;15,8;13,8;13,5;87;84;87;12;1,5;,4;
2025/05/06;2300 UTC;0;901,6;901,6;901;;15,6;13,5;16;15,6;13,7;13,4;87;86;87;105;2,1;,6;
2025/05/07;0000 UTC;0;901,7;901,7;901,5;;16,1;12,7;16,3;15,6;13,7;12,7;88;80;81;340;3,4;1,3;
2025/05/07;0100 UTC;0;901,9;901,9;901,7;;15,4;12,9;16,2;15,3;12,9;12,1;85;77;85;32;3,5;1,1;
2025/05/07;0200 UTC;0;901,5;901,9;901,5;;15,2;13;15,4;15,1;13;12,6;86;84;86;52;2,3;,6;
2025/05/07;0300 UTC;0;901,1;901,5;901,1;;15;12,7;15,5;15;13,1;12,7;86;84;86;70;3,4;,8;
2025/05/07;0400 UTC;0;901,2;901,2;901;;14,9;12,7;15,1;14,6;12,9;12,4;87;86;86;11;2,8;1,1;
2025/05/07;0500 UTC;0;900,7;901,2;900,7;;14,8;13;15,2;14,8;13,3;12,7;89;86;89;23;2,7;,9;
2025/05/07;0600 UTC;0;900,2;900,8;900,2;;14,9;13,2;15,1;14,8;13,3;12,9;90;89;89;64;2,1;,8;
2025/05/07;0700 UTC;0;900,2;900,2;900,1;;15;13,2;15,1;14,8;13,3;13,1;89;89;89;12;2,1;,8;
2025/05/07;0800 UTC;0;900,4;900,4;900,1;;14,8;13,1;15;14,7;13,2;13,1;90;89;90;50;1,7;,3;
2025/05/07;0900 UTC;0;900,7;900,7;900,4;;15;13,4;15,1;14,7;13,5;13,1;91;90;90;38;2,1;,8;
2025/05/07;1000 UTC;0;901,4;901,4;900,7;33,7;15,2;13,6;15,2;14,8;13,6;13,2;91;90;90;20;2,2;1,2;
2025/05/07;1100 UTC;0;901,9;901,9;901,3;316,7;16,7;14;16,8;15,2;14,5;13,6;90;84;84;34;2,1;,9;
2025/05/07;1200 UTC;0;902,2;902,2;901,8;770,6;17,8;13,2;17,9;16,7;14,2;12,5;84;73;75;57;3,9;1,5;
2025/05/07;1300 UTC;0;902,6;902,6;902,2;914,1;18,6;13,4;18,7;17,8;14,1;13;76;71;72;26;3,7;1,3;
2025/05/07;1400 UTC;0;901,5;902,6;901,4;1813,6;19,9;14,4;20,3;18,4;14,9;13,3;74;68;70;58;5,4;2,3;
2025/05/07;1500 UTC;0;900,9;901,5;900,9;1236,5;20,3;14;20,7;19,1;15,2;13,5;73;66;67;71;6,4;2,1;
2025/05/07;1600 UTC;0;900,2;900,9;900,2;2138,5;21,6;14;22,2;19,7;14,9;13;70;59;62;63;6,4;2,5;
2025/05/07;1700 UTC;0;900,2;900,2;899,9;1500,7;20,1;13,9;22,2;20,1;14,1;12,6;68;56;68;81;5,9;2,6;
2025/05/07;1800 UTC;0;900;900,2;899,9;813,5;20,2;13,9;21,3;19,9;14,6;13,5;69;63;67;80;5,3;2,3;
2025/05/07;1900 UTC;0;900,1;900,1;900;365,5;19,3;13,7;20,2;19,3;14,4;13,6;70;67;70;63;4,5;,9;
2025/05/07;2000 UTC;0;900,5;900,5;900,1;174,7;17,7;14,5;19,3;17,7;15;13,7;82;70;82;12;3,1;,7;
2025/05/07;2100 UTC;0;900,8;900,8;900,4;10,3;15,9;14;17,7;15,8;14,6;13,9;88;82;88;3;2,2;,9;
2025/05/07;2200 UTC;0;901,4;901,4;900,8;;15;12,8;16,2;14,9;14,3;12,8;89;86;87;8;3,5;1,2;
2025/05/07;2300 UTC;0;901,9;901,9;901,4;;14;12,3;15,1;14;13,4;12,3;91;87;89;11;2,3;1,1;
2025/05/08;0000 UTC;0;902,1;902,1;901,8;;13,4;11,9;14,3;13,3;12,9;11,8;91;89;91;17;2,9;1;
2025/05/08;0100 UTC;0;902,1;902,1;901,9;;13,5;12,6;13,6;12,8;12,7;11,4;94;91;94;75;2;,5;
2025/05/08;0200 UTC;0;902,2;902,3;902,1;;13,1;12,2;13,7;12,8;12,9;11,8;95;93;94;85;2,3;,8;
2025/05/08;0300 UTC;0;902,1;902,3;902,1;;13,8;12,9;14,2;13;13,4;12,1;95;94;95;45;2;,7;
2025/05/08;0400 UTC;0;901,8;902,1;901,8;;12,7;11,9;14,1;12,5;13,3;11,7;95;95;95;38;1,9;,9;
2025/05/08;0500 UTC;0;901,4;901,8;901,4;;11,9;11,1;12,7;11,7;11,9;10,9;95;95;95;242;2,1;,4;
2025/05/08;0600 UTC;0;901,3;901,4;901,2;;11,9;11,1;12,2;11,2;11,4;10,4;95;95;95;35;,9;,3;
2025/05/08;0700 UTC;0;901,4;901,6;901,3;;12,2;11,4;12,3;11,8;11,5;11;95;95;95;258;1,4;,4;
2025/05/08;0800 UTC;,2;901,4;901,4;901,2;;11,4;10,6;12,2;11,3;11,4;10,5;95;95;95;272;,9;,3;
2025/05/08;0900 UTC;0;901,7;901,7;901,4;;10,9;10,1;11,5;10,8;10,7;10,1;95;95;95;72;,9;,4;
2025/05/08;1000 UTC;0;902,1;902,1;901,7;32,3;13,1;12,3;13,1;10,9;12,3;10,2;95;95;95;69;1,1;,4;
2025/05/08;1100 UTC;0;902,3;902,3;902,1;212,5;15,8;15;15,8;13,1;15;12,4;95;95;95;75;2,7;,8;
2025/05/08;1200 UTC;0;902,6;902,6;902,3;560,3;17,2;14,6;17,4;15,8;16;14,5;95;85;85;55;4,8;1,6;
2025/05/08;1300 UTC;0;902,4;902,7;902,4;1272;18,9;14,6;18,9;17,2;15,3;14,2;85;76;76;42;6,1;2,2;
2025/05/08;1400 UTC;0;901,6;902,5;901,6;1300,8;19,4;14,8;19,6;18,6;15,5;14,2;79;73;75;43;6,4;2,3;
2025/05/08;1500 UTC;0;900,7;901,6;900,7;2500,2;20,6;14,6;21,6;19,4;15,8;14,3;75;65;68;51;7,8;3,1;
2025/05/08;1600 UTC;0;899,8;900,7;899,8;1690,2;20,7;15,2;21,4;20,4;15,4;14,1;71;65;71;28;7,6;2;
2025/05/08;1700 UTC;0;899,4;899,8;899,4;1081,5;20,9;14,9;21,1;20,5;15,6;14,7;72;67;69;47;5,9;2,1;
2025/05/08;1800 UTC;0;899,2;899,4;899,1;586,1;20,2;16,1;20,9;19,6;16,3;14,8;80;68;77;61;5,4;1,8;
2025/05/08;1900 UTC;0;899,6;899,6;899,2;599,2;20;15,9;20,5;20;16,4;15,4;78;73;77;95;4,7;2,2;
2025/05/08;2000 UTC;0;900,1;900,1;899,6;254,7;19,2;16,1;20;19,2;16,5;16;83;77;83;67;4,4;1,4;
2025/05/08;2100 UTC;0;900,5;900,5;900,1;12,9;19;16,3;19,2;18,9;16,3;16,1;85;83;85;58;4,2;1;
2025/05/08;2200 UTC;0;900,4;900,5;900,2;;18,1;16;19;17,7;16,4;15,4;88;85;88;14;3,5;,6;
2025/05/08;2300 UTC;0;900,7;900,7;900,3;;18,1;16,1;18,3;18;16,2;15,9;88;87;88;78;5,1;1,8;
2025/05/09;0000 UTC;0;900,9;900,9;900,7;;17,7;15,9;18,2;17,7;16,2;15,9;89;88;89;84;6,5;2,4;
2025/05/09;0100 UTC;0;900,6;901;900,6;;17,6;15,7;17,9;17,6;16,1;15,7;89;88;89;80;5,8;2,1;
2025/05/09;0200 UTC;0;900,4;900,7;900,4;;17,3;15,7;17,6;17,1;15,8;15,3;90;89;90;63;6,2;3;
2025/05/09;0300 UTC;0;900,2;900,5;900,2;;17,7;15,9;17,7;17,3;15,9;15,7;91;89;89;73;7,4;2,5;
2025/05/09;0400 UTC;0;899,5;900,2;899,5;;17,9;15,7;17,9;17,7;15,9;15,7;89;87;87;92;6,3;3,4;
2025/05/09;0500 UTC;0;899,3;899,6;899;;17,7;15,6;17,9;17,5;15,8;15,3;88;86;87;80;7,5;3,1;
2025/05/09;0600 UTC;0;898,9;899,3;898,8;;18,1;15,8;18,1;17,7;15,8;15,6;88;86;86;79;7,5;2,1;
2025/05/09;0700 UTC;0;898,4;898,9;898,4;;18,1;15,7;18,3;18,1;15,9;15,7;86;85;86;79;7,7;2,7;
2025/05/09;0800 UTC;0;898,6;898,6;898,3;;18,5;15,5;18,6;18,1;15,8;15,5;86;83;83;69;7,1;2,8;
2025/05/09;0900 UTC;0;898,9;898,9;898,5;;18,7;15,9;18,7;18,4;15,9;15,5;84;83;84;72;7,6;2,8;
2025/05/09;1000 UTC;0;899,6;899,6;898,9;36,1;19,1;15,4;19,1;18,6;15,8;15,1;84;78;79;62;9,1;2,7;
2025/05/09;1100 UTC;0;900,3;900,3;899,6;155,8;18,9;16,1;19,1;18,7;16,2;15,4;85;79;84;62;8,4;3,6;
2025/05/09;1200 UTC;0;901;901;900,3;538,3;19,7;16,2;19,7;18,9;16,3;15,7;84;78;80;50;9;3;
2025/05/09;1300 UTC;0;901,3;901,4;901;971,2;20,3;16,3;20,5;19,2;16,6;15,8;83;76;78;60;7,9;3,1;
2025/05/09;1400 UTC;0;901,1;901,4;901,1;704,4;19,8;16,6;20,3;19,5;17,4;16,2;85;78;82;69;8,4;2;
2025/05/09;1500 UTC;0;900,4;901,1;900,4;1202,1;21,6;16,2;21,9;19,8;17,2;15,5;82;69;71;41;8,5;3,1;
2025/05/09;1600 UTC;0;899,9;900,5;899,9;879,8;22;16,6;22,2;21,4;16,8;15,8;74;70;72;58;8,5;2,8;
2025/05/09;1700 UTC;0;899,2;899,9;899,2;1394;21,6;15,7;22,9;21,6;16,9;15,6;71;66;69;61;8,9;3,6;
2025/05/09;1800 UTC;,4;899,2;899,3;899,1;491,1;20,5;16,5;21,6;20,1;17;15,8;81;69;78;61;7,4;3,1;
2025/05/09;1900 UTC;0;899,3;899,4;899,1;383,4;20,8;16,1;20,8;20,5;16,6;15,9;78;74;74;72;7,3;2,1;
2025/05/09;2000 UTC;0;899,7;899,7;899,3;164;20,2;16;20,9;20,1;16,2;15,9;77;74;77;30;4,8;1,4;
2025/05/09;2100 UTC;0;899,9;900;899,7;12,5;19,9;15,5;20,3;19,6;16;15,5;78;75;76;37;5,2;2,2;
2025/05/09;2200 UTC;0;900,1;900,1;899,9;;19,3;15,4;20;18,7;15,6;15,2;81;75;78;72;5,5;2,2;
2025/05/09;2300 UTC;0;900;900,2;900;;18,6;15,1;19,3;18,4;15,4;14,9;81;78;80;73;5,8;2,4;
2025/05/10;0000 UTC;0;900,1;900,1;900;;18,9;14,7;19;18,5;15,1;14,6;81;76;76;83;8,1;2,5;
2025/05/10;0100 UTC;0;900;900,1;899,9;;19;14,4;19,4;18,8;14,6;14,4;77;73;75;85;7,4;2,8;
2025/05/10;0200 UTC;0;899,9;900;899,9;;18,6;14,4;19,1;18,6;14,5;14,3;77;74;77;93;7,5;3,5;
2025/05/10;0300 UTC;0;899,6;899,9;899,6;;18,8;14,8;18,8;18,5;14,8;14,4;78;77;78;99;9,2;5,1;
2025/05/10;0400 UTC;0;899,4;899,7;899,3;;18,6;15;18,8;18,5;15;14,8;79;77;79;96;8,5;3,9;
2025/05/10;0500 UTC;0;898,9;899,4;898,9;;18,7;15,1;18,8;18,5;15,2;14,9;80;79;79;83;7,7;4,4;
2025/05/10;0600 UTC;0;899,2;899,2;898,8;;19;15;19,2;18,8;15,2;15;79;77;78;87;8,3;4;
2025/05/10;0700 UTC;0;899,4;899,5;899,2;;18,6;14,9;19,1;18,1;15,2;14,5;82;78;79;78;6,7;3,3;
2025/05/10;0800 UTC;0;899,7;899,7;899,3;;18,8;14,8;19,3;18,5;15,2;14,8;80;77;78;82;7,6;3,5;
2025/05/10;0900 UTC;0;900,2;900,2;899,6;;18,3;15,1;18,9;17,8;15,3;14,5;84;78;82;25;5,9;3,6;
2025/05/10;1000 UTC;0;900,9;900,9;900,2;113,5;18,8;15,4;18,8;17,5;15,5;14,5;85;80;81;61;6,1;3,2;
2025/05/10;1100 UTC;0;901,2;901,2;900,8;840,1;21,8;16,2;21,9;18,8;16,4;15,3;80;70;70;59;6,9;2,9;
2025/05/10;1200 UTC;0;901,8;901,9;901,2;1624,1;23,3;16,2;23,5;21,8;17,1;15,9;71;65;65;73;6,9;2,4;
2025/05/10;1300 UTC;0;901,9;902;901,8;2238,4;24,5;16,3;24,7;23,2;16,6;14,5;66;54;61;76;6,6;2,7;
2025/05/10;1400 UTC;0;900,8;901,9;900,8;2660,7;24,8;15,2;25,2;24,2;16,4;14,7;61;54;55;100;6,7;3,6;
2025/05/10;1500 UTC;0;900,3;900,8;900,3;2830,7;25,8;15,8;25,8;24,6;16,1;14,3;56;50;54;108;6,4;2,8;
2025/05/10;1600 UTC;0;899,6;900,3;899,6;2862,8;26,1;14,4;26,2;25,1;16,1;13,6;55;47;49;227;5,6;2;
2025/05/10;1700 UTC;0;899,3;899,6;899,3;2486,3;25,5;13,8;26,2;25,3;15;12,9;52;44;49;229;5,5;2,7;
2025/05/10;1800 UTC;0;899,4;899,4;899,1;1990,7;24,7;14,7;25,9;24,7;14,8;13,2;54;46;54;233;7,3;3,2;
2025/05/10;1900 UTC;0;900;900;899,4;1172,4;21,5;16,9;24,7;21,5;16,9;14,4;75;53;75;239;9;4,3;
2025/05/10;2000 UTC;0;900,7;900,7;899,9;207,3;19,9;16,9;21,5;19,9;17,1;16,8;83;75;83;211;9,1;3,8;
2025/05/10;2100 UTC;0;901,2;901,2;900,6;10,8;19,4;16,9;19,9;19,4;17;16,8;86;83;86;219;7,7;2,9;
2025/05/10;2200 UTC;0;901,7;901,7;901,1;;19,3;16,9;19,4;19,1;17;16,6;87;85;86;213;6,4;2,5;
2025/05/10;2300 UTC;0;902,2;902,2;901,7;;19;16,8;19,3;19;17;16,5;87;85;87;218;5,4;2,2;
2025/05/11;0000 UTC;0;902,4;902,4;902,2;;18,8;16,6;19,1;18,8;16,8;16,5;87;86;87;213;5,9;2,2;
2025/05/11;0100 UTC;0;902,4;902,6;902,4;;18,4;16,2;18,8;18,1;16,6;15,9;88;87;87;244;4,9;1,3;
2025/05/11;0200 UTC;0;902,4;902,5;902,4;;18,7;16,6;18,8;18,4;16,6;16,2;88;86;87;220;4,3;1,5;
2025/05/11;0300 UTC;0;902;902,4;901,9;;18,5;16,5;18,8;18,5;16,6;16,4;88;87;88;240;3;1,2;
2025/05/11;0400 UTC;0;901,6;902;901,6;;18,5;16,8;18,6;18,2;16,8;16,2;89;88;89;223;3,7;2,1;
2025/05/11;0500 UTC;0;901,5;901,7;901,5;;17,9;16,2;18,5;17,9;16,7;16,2;90;89;90;253;4,7;1,2;
2025/05/11;0600 UTC;0;901,2;901,6;901,2;;17,5;15,9;18;17,5;16,5;15,8;91;90;90;290;4;,8;
2025/05/11;0700 UTC;0;901,3;901,3;901,2;;18;16,9;18;17,1;17;15,6;94;90;93;223;3,8;1,8;
2025/05/11;0800 UTC;0;901,5;901,5;901,2;;17;15,5;18,1;16,9;16,9;15,4;93;90;91;330;3,8;1;
2025/05/11;0900 UTC;0;902;902;901,4;;17;15,4;17;16,6;15,6;15;91;90;91;309;2,6;1,5;
2025/05/11;1000 UTC;0;902,6;902,6;902;76,2;16,9;15,4;17,2;16,4;15,7;14,9;92;90;91;318;2,6;,6;
2025/05/11;1100 UTC;0;903,4;903,4;902,6;359,2;17,6;16,1;17,7;16,7;16,6;15,2;93;91;91;217;6,4;3;
2025/05/11;1200 UTC;,6;903,9;903,9;903,3;656,2;17,3;15,3;18,2;17,3;16,2;15,3;91;88;88;225;8,1;4,2;
2025/05/11;1300 UTC;0;904,5;904,6;903,9;430,8;15,9;14,1;17,3;15,9;15,3;14,1;89;87;89;213;9;4,8;
2025/05/11;1400 UTC;0;904,4;904,6;904,3;396,3;15,9;14,2;16;15,7;14,2;13,9;90;88;90;218;8,5;3,9;
2025/05/11;1500 UTC;0;903,8;904,4;903,8;664,2;16,3;14,3;16,3;15,8;14,3;14;90;88;88;213;7,8;4;
2025/05/11;1600 UTC;0;903,2;903,8;903,2;2147,9;17,8;14,1;18,2;16,3;15,2;13,9;88;77;79;229;7,4;4,2;
2025/05/11;1700 UTC;0;903;903,3;903;1188,5;16,5;14,1;17,8;16,5;14,6;14;86;79;86;214;8,5;4,1;
2025/05/11;1800 UTC;0;903;903;902,9;444,5;16,1;14,1;16,5;16;14,2;14;88;86;88;215;8,6;4;
2025/05/11;1900 UTC;,2;903,4;903,4;902,9;273,4;14,6;12,7;16,2;14,6;14,2;12,6;88;86;88;219;8,2;3,8;
2025/05/11;2000 UTC;0;903,9;904;903,3;121,2;13,7;11,7;14,7;13,7;12,7;11,7;89;88;88;225;10,3;4,8;
2025/05/11;2100 UTC;0;904,7;904,7;903,9;4,8;12,7;11;13,7;12,7;11,7;10,8;89;88;89;225;9,4;3,1;
2025/05/11;2200 UTC;0;904,8;904,9;904,7;;13,5;11,3;13,5;12,7;11,3;11;89;87;87;244;6,4;2,7;
2025/05/11;2300 UTC;,2;905,1;905,1;904,7;;13,6;11,9;13,8;13,5;12;11,3;90;85;90;233;6;2,9;
2025/05/12;0000 UTC;0;905,5;905,5;905,1;;14;12,2;14;13,5;12,3;11,9;90;89;89;234;7,9;3,6;
2025/05/12;0100 UTC;,2;905,7;905,7;905,5;;13,7;12;14;13,7;12,2;12;89;89;89;223;8;3,2;
2025/05/12;0200 UTC;0;905,7;905,8;905,6;0;14,1;11,8;14,1;13,7;12,2;11,8;90;86;86;257;7,3;2,2;
2025/05/12;0300 UTC;,2;905,3;905,8;905,3;;14;12,2;14,2;14;12,2;11,8;89;86;89;240;5,3;2,6;
2025/05/12;0400 UTC;,4;905;905,3;905;;14;12,2;14,1;13,9;12,4;12,2;90;89;89;244;6,1;2,8;
2025/05/12;0500 UTC;0;904,8;905;904,8;;13,7;11,4;14;13,7;12,3;11,4;90;86;86;271;7,2;2,9;
2025/05/12;0600 UTC;0;904,4;904,8;904,4;,6;14,2;11,4;14,4;13,7;11,4;10,2;86;77;83;259;6,6;2,2;
2025/05/12;0700 UTC;,6;903,9;904,4;903,9;;13,8;12,1;14,2;13,5;12,2;11,4;90;83;90;256;5,9;2,2;
2025/05/12;0800 UTC;0;904;904;903,8;;14,5;12,2;14,5;13,8;12,4;12,1;90;86;86;267;6,2;2,5;
2025/05/12;0900 UTC;0;904,3;904,3;904;;14,7;11,9;14,8;14,4;12,1;11,9;86;83;83;266;5,6;2,2;
2025/05/12;1000 UTC;0;905;905;904,3;25,7;14,8;11,8;14,8;14,5;11,9;11,8;84;82;82;278;4,9;2,4;
2025/05/12;1100 UTC;0;905,3;905,3;905;173,4;15,2;12,2;15,4;14,6;12,4;11,8;85;80;82;257;6,5;2,1;
2025/05/12;1200 UTC;0;905,9;905,9;905,3;491,8;15,6;12,2;15,6;15,2;12,6;12,2;83;80;80;272;6;2,9;
2025/05/12;1300 UTC;0;906,2;906,2;905,9;941,5;16,1;12,2;16,7;15,5;12,9;11,6;80;76;78;229;6,4;2,6;
2025/05/12;1400 UTC;0;906;906,2;906;721,1;15,8;12,7;16,4;15,8;12,8;12,2;82;77;82;249;5,3;2,1;
2025/05/12;1500 UTC;0;905,3;906;905,3;1069,3;17,6;13,2;17,6;15,8;13,3;12,3;82;74;76;157;4,6;,9;
2025/05/12;1600 UTC;0;904,7;905,3;904,7;1164,5;17,6;12,5;18,1;17,3;13,4;12,1;76;71;72;248;2,9;1,4;
2025/05/12;1700 UTC;0;904,3;904,7;904,3;1097,2;18;12,8;18,3;17,5;13,5;12,3;75;70;72;249;3,8;1,8;
2025/05/12;1800 UTC;0;904,3;904,4;904,3;844,9;17,2;12,7;18,1;17,1;13,4;12,6;77;72;75;267;5;2,2;
2025/05/12;1900 UTC;0;904,5;904,5;904,3;306,6;16,4;12,8;17,3;16,2;13,2;12,6;81;74;79;262;4,8;2;
2025/05/12;2000 UTC;0;904,6;904,6;904,5;158,4;15,7;13,1;16,5;15,7;13,3;12,8;84;79;84;208;3,7;2;
2025/05/12;2100 UTC;0;904,6;904,7;904,6;5,1;15,3;13,2;15,7;15,3;13,3;13;87;84;87;186;3,6;1;
2025/05/12;2200 UTC;0;904,9;904,9;904,6;;14,9;13,2;15,3;14,8;13,4;13,1;90;87;90;259;2,1;1;
2025/05/12;2300 UTC;0;905,3;905,3;904,9;;15,2;13,4;15,2;14,9;13,5;13,3;90;89;89;239;3,5;1,4;
2025/05/13;0000 UTC;0;905,5;905,6;905,3;;15;13,1;15,2;14,9;13,3;13;89;88;88;246;3,1;,6;
2025/05/13;0100 UTC;0;905,3;905,5;905,3;;14,6;13,1;15;14,6;13,1;12,9;90;88;90;260;1,5;,9;
2025/05/13;0200 UTC;0;905,2;905,4;905,2;;14,3;12,9;14,7;14,3;13,2;12,9;91;90;91;122;1,4;,5;
2025/05/13;0300 UTC;0;904,9;905,2;904,9;;14,4;13,1;14,5;14,1;13,3;12,7;92;91;92;318;2;1,1;
2025/05/13;0400 UTC;0;904,2;904,9;904,2;;14,3;13,1;14,4;14,1;13,1;12,8;93;92;93;236;2;1;
2025/05/13;0500 UTC;0;903,6;904,2;903,6;;14,3;13;14,4;14,3;13,2;13;93;92;92;309;1,8;,3;
2025/05/13;0600 UTC;0;903,2;903,6;903,2;;13,1;12;14,3;13;13;11,9;93;92;93;197;2,1;1,2;
2025/05/13;0700 UTC;0;902,9;903,2;902,9;;12,8;11,7;13,4;12,8;12,6;11,7;95;93;93;318;2,6;,3;
2025/05/13;0800 UTC;0;903;903;902,8;;11,8;10,8;12,9;11,8;11,8;10,8;94;93;94;281;1,6;,7;
2025/05/13;0900 UTC;0;903,5;903,5;903;;12;11,1;12,9;11,7;12,1;10,7;95;94;94;13;2,5;,5;
2025/05/13;1000 UTC;0;904,2;904,2;903,5;87,8;13,3;12,5;13,3;12;12,5;11,1;95;94;95;236;1,4;,4;
2025/05/13;1100 UTC;0;904,4;904,4;904,2;823,2;15,5;12,3;15,5;13,3;13,4;11,7;95;81;81;179;3,1;1,3;
2025/05/13;1200 UTC;0;904,9;904,9;904,4;1571,8;17;11,4;17,5;15,3;13;10,8;81;68;70;219;4;2;
2025/05/13;1300 UTC;0;905,1;905,2;904,9;1891,3;17,3;11,3;17,9;17;11,8;10,5;70;64;68;219;5,2;2,3;
2025/05/13;1400 UTC;0;904,6;905,1;904,6;2617;18,4;11,5;19;17,3;12,1;10,7;70;60;64;212;6,3;2,8;
2025/05/13;1500 UTC;0;904,1;904,6;904,1;2595,6;18,4;11,2;19,4;18;12,4;10,8;67;60;63;258;6;3,3;
2025/05/13;1600 UTC;0;903,8;904,1;903,8;1656,7;17,5;12,3;18,5;17,3;12,8;11,1;72;63;72;234;7,6;3,3;
2025/05/13;1700 UTC;0;903,2;903,8;903,2;1104,8;16,7;12,2;17,4;16,1;13;11,7;80;72;75;229;7,5;3,5;
2025/05/13;1800 UTC;,2;903,1;903,2;903;1096;16,8;12;17;16,4;12,9;12;78;73;73;228;6,8;2,6;
2025/05/13;1900 UTC;0;903,2;903,2;903,1;713,3;16;12;16,9;16;12,1;11,3;77;71;77;224;6;2,6;
2025/05/13;2000 UTC;0;903,3;903,3;903,1;206,1;15,4;11,4;16;15,3;12,2;11,4;81;77;77;222;5;1,8;
2025/05/13;2100 UTC;0;903,5;903,5;903,3;7,3;14,6;11,8;15,4;14,6;12,1;11,5;83;77;83;258;5;1,3;
2025/05/13;2200 UTC;0;903,7;903,7;903,4;;12,5;10;14,6;12,5;11,8;9,8;87;83;85;282;2,8;1,1;
2025/05/13;2300 UTC;0;904,1;904,1;903,7;;12,3;10,5;13,2;11,8;11,4;9,7;89;85;89;268;3,1;1,1;
2025/05/14;0000 UTC;0;904,2;904,2;904,1;;11,6;10,3;12,5;10,6;11;8,9;92;88;92;326;2,4;1;
2025/05/14;0100 UTC;0;904,4;904,4;904,2;;11,7;10,3;12,2;10,8;11,3;9,2;94;90;92;304;2,5;,7;
2025/05/14;0200 UTC;0;904,4;904,5;904,3;;11;9,6;11,9;10,7;10,6;9,3;92;90;91;286;3,5;1,4;
2025/05/14;0300 UTC;0;904;904,4;904;;10,1;8,7;11,1;10,1;9,7;8,7;91;90;91;298;2,9;,6;
2025/05/14;0400 UTC;0;903,5;904;903,5;;9,2;8,2;10,1;8,9;8,8;7,7;93;91;93;302;1,8;,8;
2025/05/14;0500 UTC;0;903;903,5;903;;8,7;7,8;9,8;8,7;9;7,8;95;93;94;352;3,8;,4;
2025/05/14;0600 UTC;,2;902,6;903;902,6;;7,9;7,2;8,8;7,8;7,9;7,1;95;94;95;116;1,8;,5;
2025/05/14;0700 UTC;0;902,5;902,6;902,4;;8;7,4;8,5;7,6;7,8;7;96;95;96;202;2,3;,3;
2025/05/14;0800 UTC;0;902,5;902,6;902,4;;7,4;6,8;8;7,3;7,4;6,7;96;96;96;265;1,3;,4;
2025/05/14;0900 UTC;0;903,1;903,1;902,5;;7;6,4;7,5;6,9;6,9;6,3;96;96;96;351;2;,4;
2025/05/14;1000 UTC;0;903,8;903,8;903,1;42,1;7,8;7,2;7,8;6,9;7,2;6,4;96;96;96;270;2,3;,3;
2025/05/14;1100 UTC;0;904,2;904,2;903,8;406;10,3;9,6;10,3;7,8;9,6;7,2;96;95;95;45;,9;,3;
2025/05/14;1200 UTC;0;904,9;904,9;904,2;1438,9;14,8;9,8;14,8;10,3;13,5;9,1;95;70;72;194;2,5;1;
2025/05/14;1300 UTC;0;904,9;905;904,9;2131,3;16,8;7,8;17,2;14,7;9,7;7,1;72;53;55;239;5,6;2,8;
2025/05/14;1400 UTC;0;904,6;904,9;904,6;1996,5;17,5;9,4;17,7;16,7;9,6;7,5;60;54;59;255;5,6;2,6;
2025/05/14;1500 UTC;0;904;904,6;904;1792,9;17,7;11,1;18,2;17;11,1;8,4;65;57;65;231;4,8;1,9;
2025/05/14;1600 UTC;0;903,6;904;903,6;1423,7;17,1;11,4;17,8;16,8;11,8;10,4;71;63;69;231;4,9;1,8;
2025/05/14;1700 UTC;0;903;903,6;903;1301,7;17,4;11,3;17,6;16,9;11,7;11;70;67;68;225;3,9;1,9;
2025/05/14;1800 UTC;0;903;903;902,8;840;15,9;12,5;17,5;15,9;12,7;11,5;80;68;80;233;5,7;3;
2025/05/14;1900 UTC;0;903,2;903,2;903;442,9;15,4;11,9;16;15,4;12,4;11,5;80;77;79;223;5,7;2,1;
2025/05/14;2000 UTC;0;903,6;903,6;903,2;192,9;14,9;11,8;15,4;14,9;11,9;11,6;82;78;82;221;4,9;1,8;
2025/05/14;2100 UTC;,4;904;904;903,6;3,2;14,3;12,2;14,9;14,3;12,2;11,6;87;81;87;210;4,1;2;
2025/05/14;2200 UTC;0;904,4;904,4;904;;14;12,4;14,3;14;12,4;12,2;90;87;90;192;4,1;,3;
2025/05/14;2300 UTC;0;904,8;904,8;904,4;;13,8;12,3;14;13,8;12,4;12,3;91;90;91;216;2,4;1,4;
2025/05/15;0000 UTC;0;905,1;905,1;904,8;;13,7;12,3;13,9;13,7;12,5;12,3;91;91;91;228;2,4;,9;
2025/05/15;0100 UTC;0;905,1;905,2;905;;13,5;12,2;13,7;13,4;12,3;12,1;92;91;92;299;2,9;,8;
2025/05/15;0200 UTC;0;905,3;905,3;905,1;;13,1;12;13,5;13;12,2;11,8;93;92;93;292;1,6;,3;
2025/05/15;0300 UTC;0;904,9;905,3;904,9;;13,5;12,1;13,7;13,1;12,7;12,1;94;91;91;55;2,7;1,2;
2025/05/15;0400 UTC;,2;904,5;904,9;904,5;;13;12;13,5;12,8;12,1;11,6;94;91;93;263;3,2;,9;
2025/05/15;0500 UTC;0;904,1;904,5;904,1;;12,9;12;13;12,8;12;11,8;94;93;94;197;2,1;1,1;
2025/05/15;0600 UTC;0;903,8;904,1;903,8;;12,9;12;13;12,8;12,1;12;95;94;95;117;2,2;,5;
2025/05/15;0700 UTC;0;903,7;903,8;903,7;;12,9;12;13;12,8;12,2;12;95;95;95;292;1,1;,4;
2025/05/15;0800 UTC;0;903,6;903,7;903,5;;12,2;11,3;12,9;11,9;12;11;95;94;94;320;3;,8;
2025/05/15;0900 UTC;0;904;904;903,6;;11,6;10,8;12,2;11,5;11,4;10,7;95;94;95;298;3,7;,8;
2025/05/15;1000 UTC;,2;904,4;904,4;904;59,4;11;10,3;11,7;10,6;10,9;9,8;95;95;95;250;2;,6;
2025/05/15;1100 UTC;0;904,9;904,9;904,4;566,2;12,7;12;12,9;10,9;12,1;10,2;95;95;95;104;2;,7;
2025/05/15;1200 UTC;0;905,2;905,2;904,9;1458;16,3;12,7;16,3;12,6;13,9;11,9;95;79;79;84;1,9;,7;
2025/05/15;1300 UTC;0;905,4;905,5;905,2;2197,5;18,6;9,6;18,8;15,9;12,6;9,3;79;56;56;148;2,9;1,3;
2025/05/15;1400 UTC;0;904,9;905,4;904,9;2682,2;20,6;7,1;23;16,7;14,5;1,5;66;32;41;31;3,9;1,4;
2025/05/15;1500 UTC;0;904,2;904,9;904,2;2895,3;20,8;5;21,4;20,2;7,8;3,9;43;34;35;91;5,3;2,9;
2025/05/15;1600 UTC;,2;903,5;904,3;903,5;2850;20,7;2,1;21,4;20,5;5,8;1,1;38;27;29;88;5,7;3,2;
2025/05/15;1700 UTC;0;902,8;903,5;902,8;2528,3;21,2;5,5;22;20,6;5,9;2,2;36;29;36;83;5,7;2,2;
2025/05/15;1800 UTC;0;902,7;902,8;902,6;1975,7;18,9;12;21,7;18,9;12;4,4;64;33;64;197;5,3;2,7;
2025/05/15;1900 UTC;0;902,8;902,8;902,5;1306,3;18,2;11,8;19,1;17,9;12,5;11,2;67;61;66;252;5,2;1,9;
2025/05/15;2000 UTC;0;903,3;903,3;902,8;294,1;15,8;11,9;18,2;15,8;12,4;11,6;79;66;78;219;4,7;2,1;
2025/05/15;2100 UTC;0;903,7;903,7;903,3;10,5;14,5;11,9;15,8;14,4;12,2;11,8;85;78;85;296;3,7;,8;
2025/05/15;2200 UTC;0;904;904;903,7;;13,7;11,9;14,5;13,7;12;11,6;89;84;89;284;2,6;,5;
2025/05/15;2300 UTC;0;904,5;904,5;904;;13,7;12,2;13,8;13,4;12,2;11,8;90;89;90;55;1,4;,4;
2025/05/16;0000 UTC;0;904,7;904,7;904,5;;13,8;12,2;13,9;13,7;12,3;12;90;90;90;299;1,2;,7;
2025/05/16;0100 UTC;0;904,8;904,8;904,6;;13,2;11,7;13,9;13,2;12,3;11,6;91;89;91;277;3,6;1;
2025/05/16;0200 UTC;0;904,9;905;904,8;;13,4;11,9;13,6;13,1;12,3;11,6;92;91;91;59;2,1;,9;
2025/05/16;0300 UTC;0;904,9;905;904,9;;13,5;12,1;13,5;13,3;12,1;11,9;92;91;92;300;1,6;,3;
2025/05/16;0400 UTC;,4;904,7;904,9;904,7;;13,8;12,7;13,8;13,5;12,7;12,1;93;92;93;93;1,4;,3;
2025/05/16;0500 UTC;0;904,5;904,8;904,5;;13;12,1;13,9;12,8;13;12;95;93;95;278;1,3;,3;
2025/05/16;0600 UTC;0;904;904,5;904;;12,8;11,9;13,5;12,8;12,7;11,8;95;93;94;100;2,6;,5;
2025/05/16;0700 UTC;0;903,6;904;903,6;;13;12,2;13,1;12,7;12,3;11,9;95;94;95;147;1,7;,4;
2025/05/16;0800 UTC;0;903,8;903,8;903,5;;13,3;12,5;13,3;12,9;12,5;12,1;95;95;95;58;1,2;,2;
2025/05/16;0900 UTC;0;904,3;904,3;903,8;;13,4;12,6;13,4;13;12,7;12,2;95;95;95;59;1,6;,9;
2025/05/16;1000 UTC;0;904,9;904,9;904,3;66,2;14,3;12,7;14,3;13,3;13,5;12,5;95;90;90;14;3,9;1,6;
2025/05/16;1100 UTC;0;905,5;905,5;904,9;394,9;15,1;11,5;15,3;14,3;12,7;11,5;90;79;79;12;5;2,2;
2025/05/16;1200 UTC;,2;906,1;906,1;905,5;1373,4;16,1;10,7;17,5;14,9;12,6;10,5;83;68;70;42;5,3;1,9;
2025/05/16;1300 UTC;0;906,1;906,3;906,1;1838,1;17,1;10,2;18,3;15,9;11,4;9,7;72;61;64;67;5;2,2;
2025/05/16;1400 UTC;0;905,6;906,1;905,6;2442,6;18,5;10,7;19;17,1;11,3;9,5;65;56;61;25;6;2,4;
2025/05/16;1500 UTC;0;905,1;905,6;905;3010,9;19,8;10;20,4;18,2;11,5;9,6;61;52;53;47;6;2,7;
2025/05/16;1600 UTC;0;904,2;905,1;904,2;2966,2;19,9;10,9;20,9;19,2;11,4;9,4;57;50;56;64;5,9;2,7;
2025/05/16;1700 UTC;0;903,4;904,2;903,4;2357,9;20,3;10,7;20,7;18,9;11,2;9,4;58;51;54;52;5,7;2,2;
2025/05/16;1800 UTC;0;903;903,4;903;1995;19,7;9,6;20,5;19,5;10,9;9,3;55;51;52;16;4,8;2,7;
2025/05/16;1900 UTC;0;902,9;903,1;902,9;1240,3;19,1;10,2;20,3;19;10,9;9,4;57;51;56;89;4,5;2,4;
2025/05/16;2000 UTC;0;903,2;903,2;902,9;247,3;15,3;11,2;19,1;15,3;11,5;10,4;77;56;77;16;3,9;1,5;
2025/05/16;2100 UTC;0;903,2;903,2;903,1;5,4;13,3;10,9;15,3;13,1;11,3;10,7;86;77;86;14;3;1,1;
2025/05/16;2200 UTC;0;903,5;903,5;903,2;;11,9;9,9;13,6;11,9;11,1;9,8;87;84;87;46;2,5;,9;
2025/05/16;2300 UTC;0;904,1;904,1;903,5;;11,4;9,9;12,1;11,3;10,4;9,7;90;87;90;41;1,9;,4;
2025/05/17;0000 UTC;0;904,5;904,5;904,1;;10,8;9,6;11,6;10,8;10,1;9,5;93;90;92;104;1,8;,6;
2025/05/17;0100 UTC;0;904,5;904,5;904,4;;11;10,2;11,5;10,5;10,7;9,6;95;92;95;99;1,7;,6;
2025/05/17;0200 UTC;0;904,5;904,6;904,4;;11,5;10,7;11,8;10,6;11;9,9;95;95;95;38;3,2;,8;
2025/05/17;0300 UTC;0;904,3;904,6;904,3;;13,4;10,8;14,2;10,8;12,9;10;95;83;84;5;5,1;1,6;
2025/05/17;0400 UTC;0;904,2;904,4;904,2;;11,8;9,9;13,4;11,7;11;9,8;89;84;88;24;3,5;1,3;
2025/05/17;0500 UTC;0;903,8;904,2;903,8;;11,2;9,3;12,3;10,7;10,4;8,8;90;87;88;64;3,6;1,1;
2025/05/17;0600 UTC;,2;903,3;903,8;903,3;;10;9;11,2;9,8;9,3;8,4;94;87;94;66;3,5;1;
2025/05/17;0700 UTC;0;903,1;903,3;903,1;;9,7;8,9;9,9;9,3;9;8,4;95;92;95;73;2,5;,8;
2025/05/17;0800 UTC;0;903,1;903,1;903;;12,9;11,1;12,9;9,7;11,6;8,9;95;89;89;73;4,5;1,8;
2025/05/17;0900 UTC;0;903,5;903,5;903,1;;13,1;11,2;13,7;12,9;11,6;11;89;86;88;72;4,6;1,5;
2025/05/17;1000 UTC;0;904,3;904,3;903,5;71,9;14,7;12,6;14,7;13,1;12,6;11,1;89;87;87;47;3,5;1,5;
2025/05/17;1100 UTC;0;904,8;904,8;904,2;414,8;15,5;13;15,7;14,7;13,2;12,6;87;84;85;26;5;2,4;
2025/05/17;1200 UTC;0;905,5;905,5;904,8;966,5;16,1;13,6;16,1;15,5;13,8;12,7;87;82;85;24;5,9;2,2;
2025/05/17;1300 UTC;0;905,6;905,7;905,5;1960,2;18,1;11,5;18,4;15,9;14,8;11,5;87;65;65;63;5,9;3;
2025/05/17;1400 UTC;0;904,8;905,6;904,8;2656,1;19;11,4;19,7;17,8;12,9;11,1;68;59;61;42;8,3;3;
2025/05/17;1500 UTC;0;904,1;904,8;904,1;2296;19,5;11,7;20,5;18,5;12,8;10,9;66;58;61;80;7,3;3,5;
2025/05/17;1600 UTC;0;903,3;904,1;903,3;2234,5;20,6;11,9;20,8;18,9;12,7;10,8;63;56;57;32;7;2,6;
2025/05/17;1700 UTC;0;902,7;903,3;902,7;2483,8;20,5;11;21;19,9;12,4;10,8;60;54;54;56;6,3;2,3;
2025/05/17;1800 UTC;0;902,2;902,7;902,2;1605,8;19,8;12,2;20,9;19,6;12,6;10,9;62;54;62;56;6;1,7;
2025/05/17;1900 UTC;0;902,2;902,3;902,1;1135,2;19,7;12,7;20,3;19,2;12,7;11,8;64;59;64;59;5,7;1,9;
2025/05/17;2000 UTC;0;902,3;902,3;902,2;234,3;16,4;12,4;19,8;16,4;12,7;11,9;78;63;78;23;5,7;1,3;
2025/05/17;2100 UTC;0;902,5;902,5;902,2;4,5;14,7;12;16,4;14,4;12,7;12;85;78;84;16;3,1;1,5;
2025/05/17;2200 UTC;0;902,7;902,7;902,5;;13,2;11,3;14,7;13,1;12,2;11;88;84;88;55;3,1;,8;
2025/05/17;2300 UTC;0;903,1;903,1;902,7;;13,1;11,5;13,5;12,6;11,8;10,8;90;88;90;41;2,8;1,1;
2025/05/18;0000 UTC;0;903,2;903,4;903,1;;12,5;10,9;13,8;12,3;12,2;10,4;90;87;90;32;3,4;1,3;
2025/05/18;0100 UTC;0;903,1;903,3;903,1;;11,2;9,9;12,6;11,2;11;9,8;91;89;91;26;2,6;1,2;
2025/05/18;0200 UTC;0;902,9;903,2;902,9;;13,4;11,9;13,5;11,1;12,5;9,8;95;91;91;43;2,6;1,2;
2025/05/18;0300 UTC;0;902,8;902,9;902,7;;13,2;11,4;13,9;13,1;12,5;11,4;92;89;89;36;3,1;1,3;
2025/05/18;0400 UTC;0;902,7;902,9;902,7;;13,1;11,2;13,7;12,7;11,8;10,9;90;86;88;20;3,6;1,2;
2025/05/18;0500 UTC;,2;902,4;902,8;902,4;;15,2;12,9;15,2;13;12,9;11;90;86;86;25;5,2;2,2;
2025/05/18;0600 UTC;0;902,5;902,6;902,4;;15,1;12,8;15,2;14,6;12,9;12,4;87;85;86;37;4,1;1,5;
2025/05/18;0700 UTC;0;902,1;902,5;902,1;;13,9;11,8;15,1;13,6;12,8;11,6;89;85;87;17;4;2;
2025/05/18;0800 UTC;0;902,3;902,3;902,1;;13,7;11,7;14,5;13,5;12,3;11,3;88;86;88;21;4,7;1,6;
2025/05/18;0900 UTC;0;902,8;902,8;902,3;;14,8;12,2;14,9;13,6;12,5;11,7;89;84;84;19;5;2,7;
2025/05/18;1000 UTC;0;903,4;903,4;902,8;55,3;15,3;12,4;15,4;14,4;12,5;11,9;86;83;83;28;4,8;2,1;
2025/05/18;1100 UTC;0;903,8;903,8;903,4;461,8;15,9;12,1;16,1;15,3;12,8;12,1;83;78;78;51;5,3;1,8;
2025/05/18;1200 UTC;0;904,3;904,3;903,8;1305,7;17,7;12,3;18;15,8;13;11,9;80;69;71;66;7,1;3,1;
2025/05/18;1300 UTC;0;904;904,3;904;1987,9;18,6;11,7;18,8;17,5;12,9;11,6;73;64;64;34;7,1;3,3;
2025/05/18;1400 UTC;0;903,5;904;903,5;2271,9;19,4;11,5;20,7;18,5;13;10,7;67;56;60;57;8,5;3,7;
2025/05/18;1500 UTC;0;903;903,5;903;1958,1;20,9;11,9;20,9;18,5;12,2;10,5;63;56;56;69;8,5;3,5;
2025/05/18;1600 UTC;0;902,4;903;902,4;2525,1;20,6;11,4;21;19,4;12,1;10,5;60;53;56;67;8,1;3,2;
2025/05/18;1700 UTC;0;902,3;902,5;902,3;1699,7;19,4;10,4;20,8;19,4;12;10,2;60;54;56;45;7,7;3,2;
2025/05/18;1800 UTC;0;901,9;902,3;901,8;1252,1;19,3;11,2;20,4;19,3;11,8;10,4;60;55;59;75;8,3;3;
2025/05/18;1900 UTC;0;902,2;902,2;901,8;736,3;18,7;11,3;19,8;18,7;12,1;10,9;62;58;62;57;6;1,7;
2025/05/18;2000 UTC;0;902,4;902,5;902,2;166,6;16,6;11,8;18,7;16,6;11,9;11,2;74;62;74;17;5,2;1,4;
2025/05/18;2100 UTC;0;902,8;902,8;902,4;5,6;14,8;11,5;17;14,8;12;11,2;81;70;81;49;5,3;1,4;
2025/05/18;2200 UTC;0;903,3;903,3;902,8;;13;11,2;15,2;12,9;11,9;10,9;89;79;88;355;2,8;1,3;
2025/05/18;2300 UTC;0;903,5;903,5;903,2;;13,4;10,1;13,6;12,2;11,6;10,1;89;81;81;17;3,8;2;
2025/05/19;0000 UTC;0;903,5;903,7;903,5;;11,5;9,6;13,4;11,5;10,8;9,1;88;81;88;336;3,8;1;
2025/05/19;0100 UTC;0;903,5;903,6;903,5;;11,1;9,3;12,4;11;10,6;9,1;90;86;89;2;3,4;1,1;
2025/05/19;0200 UTC;0;903,3;903,6;903,3;;10,6;9,2;11,2;10,3;9,7;8,6;91;89;91;355;3,1;1,7;
2025/05/19;0300 UTC;0;903,2;903,3;903,1;;10,5;9,5;11,2;10,2;10,3;8,7;94;91;93;15;3,1;1,5;
2025/05/19;0400 UTC;0;903;903,2;903;;12,7;11,9;12,7;10,4;11,9;9,4;95;93;95;14;3,3;1,8;
2025/05/19;0500 UTC;,2;902,6;903,1;902,6;;11,9;11,1;13,1;11,4;12,3;10,2;95;92;95;4;3,7;1,9;
2025/05/19;0600 UTC;0;902,2;902,6;902,2;;13;11,8;13,6;12;12,7;11,1;95;92;92;13;3,8;1,9;
2025/05/19;0700 UTC;0;901,7;902,2;901,7;;13,9;12,5;14,2;13;13,1;11,8;94;90;91;28;3,5;1,5;
2025/05/19;0800 UTC;0;901,8;901,8;901,7;,3;13,4;11,8;13,9;13,3;12,5;11,6;92;90;90;26;3,5;1,4;
2025/05/19;0900 UTC;0;902,1;902,1;901,7;;14;12,3;14;13,2;12,4;11,6;91;89;90;17;4,4;2,6;
2025/05/19;1000 UTC;0;902,6;902,6;902,1;35,6;13,7;11,8;14,3;13,4;12,7;11,7;91;88;89;49;5,2;1,9;
2025/05/19;1100 UTC;0;903,1;903,1;902,6;222,8;15,4;13,2;15,5;13,7;13,2;12;90;85;87;86;5,6;2,8;
2025/05/19;1200 UTC;0;903,6;903,6;903,1;1165,1;16,9;12,5;17,5;15,4;13,5;12,4;87;73;75;79;7,6;3,3;
2025/05/19;1300 UTC;0;903,4;903,6;903,4;1058,6;17,7;12,1;18,2;16,9;13,3;11,9;76;68;70;65;7,4;2,2;
2025/05/19;1400 UTC;0;902,7;903,4;902,7;2607,3;19,9;11,5;20,1;17,6;13,4;11,3;71;58;58;86;7,4;3,5;
2025/05/19;1500 UTC;0;902;902,7;902;2746;20,4;12,3;20,8;19,5;12,9;11;64;56;60;79;7,1;3,5;
2025/05/19;1600 UTC;0;901,4;902;901,4;2669,8;20,3;12,2;21,2;20,1;13,1;11,7;62;56;59;78;7,9;3,6;
2025/05/19;1700 UTC;0;900,9;901,4;900,8;2310,5;20,6;11,9;21,5;20,1;13,2;11,7;61;57;58;84;6,7;3,2;
2025/05/19;1800 UTC;0;900,7;900,9;900,7;1741,9;20,5;11,1;21,1;20,4;12,7;11,1;60;55;55;41;5,7;1,9;
2025/05/19;1900 UTC;0;900,8;900,8;900,6;1141,7;19,9;11,6;20,9;19,9;12,4;10,9;59;54;59;32;4,3;1;
2025/05/19;2000 UTC;0;901,3;901,3;900,8;248,1;16;12,2;19,9;15,9;12,3;11,2;78;58;78;30;3;,9;
2025/05/19;2100 UTC;0;901,6;901,7;901,3;9,9;14,6;11,3;16,1;14,5;12,4;11;83;78;81;359;2,8;1,5;
2025/05/19;2200 UTC;0;902;902;901,6;;12,4;10,6;14,9;12,4;11,5;10,4;88;80;88;338;2,5;,7;
2025/05/19;2300 UTC;0;902,4;902,4;902;;11,7;10,2;12,7;11,7;10,9;10,1;90;88;90;38;2,1;,8;
2025/05/20;0000 UTC;0;902,7;902,7;902,4;;10,7;9,3;11,8;10,6;10,2;9,3;91;90;91;67;1,5;,3;
2025/05/20;0100 UTC;0;902,8;902,9;902,7;;9,9;9,1;10,7;9,7;9,4;8,5;94;91;94;245;,7;,2;
2025/05/20;0200 UTC;0;902,6;902,8;902,6;;9;8,3;10,1;8,9;9,2;8,2;95;94;95;285;1;,2;
2025/05/20;0300 UTC;,2;902,3;902,7;902,3;;8,4;7,8;9,1;8,2;8,3;7,6;95;95;95;154;,8;,3;
2025/05/20;0400 UTC;0;902,1;902,3;902,1;;8,2;7,5;8,6;7,8;7,9;7,2;96;95;96;70;,8;,1;
2025/05/20;0500 UTC;0;901,9;902,1;901,9;;8;7,4;8,3;7,8;7,7;7,2;96;96;96;144;,8;,4;
2025/05/20;0600 UTC;0;901,4;901,9;901,4;;8,4;7,8;8,7;7,9;8;7,3;96;96;96;214;,8;,3;
2025/05/20;0700 UTC;0;901;901,4;901;;8,2;7,5;8,7;8,1;8,1;7,5;96;96;96;327;,9;,3;
2025/05/20;0800 UTC;,2;901,1;901,1;900,8;;7,3;6,7;8,1;7,3;7,5;6,7;96;96;96;272;,7;,2;
2025/05/20;0900 UTC;0;901,7;901,7;901,1;;6,4;5,9;7,3;6,4;6,7;5,9;97;96;97;5;,6;,2;
2025/05/20;1000 UTC;0;902,2;902,3;901,7;68,9;6,4;5,9;6,4;5,9;5,9;5,4;97;97;97;286;,6;,2;
2025/05/20;1100 UTC;0;902,8;902,8;902,2;793,7;9,6;8,9;9,6;6,4;8,9;5,9;97;96;96;103;1,4;,7;
2025/05/20;1200 UTC;0;903;903;902,8;1542,3;15,7;12,8;15,7;9,5;13,8;8,9;96;83;83;80;1,7;,7;
2025/05/20;1300 UTC;0;902,7;903;902,7;2182,6;20,5;11,6;20,5;15,5;13,3;11,3;83;57;57;82;5,6;3,2;
2025/05/20;1400 UTC;0;902,1;902,7;902,1;2625,7;20,9;10,9;21;20;11,4;10,3;57;52;53;71;6,8;3,4;
2025/05/20;1500 UTC;0;901,3;902,1;901,3;2806,2;20,9;10,7;21,5;20,2;11,4;10,1;55;51;52;82;8,1;3,8;
2025/05/20;1600 UTC;0;900,5;901,4;900,4;2736,5;21,4;10,6;22;20,5;12;10,2;53;49;50;75;7,1;3,1;
2025/05/20;1700 UTC;0;900;900,5;900;2418,3;21,4;10,9;22,2;21,3;11,9;10,6;53;49;51;85;6,5;3,2;
2025/05/20;1800 UTC;0;900;900;899,8;1895,7;21,3;11,4;22,1;21,2;12;10,7;54;50;53;81;6,4;2,6;
2025/05/20;1900 UTC;0;900,1;900,1;900;1124,9;20,5;12;21,6;20,5;12,2;11;58;52;58;48;4,9;1,3;
2025/05/20;2000 UTC;0;900,5;900,5;900,1;214,9;16;12,1;20,5;15,9;13,2;11,6;82;58;78;304;3,3;1,2;
2025/05/20;2100 UTC;0;900,8;900,8;900,5;3,5;13,9;10,9;16,3;13,9;12,1;10,8;82;76;82;315;4;1,3;
2025/05/20;2200 UTC;0;901;901;900,8;;13,2;10;14,4;12,3;12;10;90;80;81;295;3,2;1,7;
2025/05/20;2300 UTC;0;901,4;901,5;901;;11,2;9,9;13,2;10,8;10,6;9,3;92;81;92;277;3,2;,8;
2025/05/21;0000 UTC;0;901,5;901,5;901,4;;10,2;9,2;11,2;9,9;9,9;8,6;95;91;93;310;2,5;1,3;
2025/05/21;0100 UTC;0;901,4;901,5;901,3;;8,5;7,2;10,3;8,5;9,5;7,2;95;91;92;34;2,9;,2;
2025/05/21;0200 UTC;0;901,5;901,5;901,3;;7,3;6,2;8,5;7,2;7,3;6,2;93;92;93;261;1,1;,3;
2025/05/21;0300 UTC;0;901,3;901,6;901,3;;6,6;5,9;7,4;6,6;6,4;5,6;95;93;95;306;2;,8;
2025/05/21;0400 UTC;0;901,2;901,3;901,1;;6;5,4;6,7;5,9;5,9;5,3;96;94;96;255;1,7;,6;
2025/05/21;0500 UTC;,2;900,8;901,1;900,7;;5,3;4,7;6;5,3;5,4;4,7;96;96;96;352;1,6;,5;
2025/05/21;0600 UTC;0;900,6;900,8;900,6;;5;4,5;5,5;4,9;5;4,4;97;96;97;344;1;,5;
2025/05/21;0700 UTC;0;900,4;900,6;900,4;;4,6;4,1;5;4,5;4,6;4;97;97;97;309;1,1;,3;
2025/05/21;0800 UTC;0;900,5;900,5;900,4;;4,1;3,7;4,6;4;4,2;3,6;97;97;97;289;,7;,2;
2025/05/21;0900 UTC;0;901,1;901,1;900,5;;3,7;3,4;4,2;3,7;3,8;3,3;97;97;97;313;,7;,4;
2025/05/21;1000 UTC;0;901,7;901,7;901,1;97,5;5,2;4,7;5,2;3,5;4,7;3,1;97;97;97;257;,7;,2;
2025/05/21;1100 UTC;0;901,9;901,9;901,7;850,6;9,2;8,5;9,2;5,2;8,5;4,9;97;95;95;118;1,4;,4;
2025/05/21;1200 UTC;0;902,4;902,4;901,9;1536,9;14,4;10,1;14,4;9,2;10,1;8,1;95;75;75;101;1,7;,9;
2025/05/21;1300 UTC;0;902,2;902,4;902,2;2158;19,6;9,7;19,6;14,4;10,8;9,4;76;53;53;118;2,3;,9;
2025/05/21;1400 UTC;0;901,5;902,2;901,5;2566,2;22,6;7,7;22,9;19,5;10,5;6,1;53;34;38;228;3,5;1,9;
2025/05/21;1500 UTC;0;900,8;901,5;900,8;2753,9;23,2;4,4;23,5;22,4;6,7;3,2;38;27;29;258;4,4;1,9;
2025/05/21;1600 UTC;0;900,1;900,8;900,1;2694,4;23,3;7,5;24,2;23;7,5;3,7;36;27;36;236;5,1;2,4;
2025/05/21;1700 UTC;0;899,8;900,1;899,8;2406,1;22,3;8,7;23,4;21,8;8,7;4,7;43;31;42;232;6,4;2,9;
2025/05/21;1800 UTC;0;899,7;899,8;899,6;1883;20,7;8,3;22,3;20,7;8,9;6,8;46;37;45;248;6,4;3,3;
2025/05/21;1900 UTC;0;900,2;900,2;899,7;995,7;18,9;9,2;20,7;18,8;9,2;7,5;54;44;54;247;5,5;3,1;
2025/05/21;2000 UTC;0;900,4;900,5;900,2;128,7;16;9,3;19;15,4;10;9;70;53;65;227;5,2;1;
2025/05/21;2100 UTC;0;900,9;900,9;900,4;11,2;13,1;10;16,4;13,1;10,5;9,2;81;64;81;276;2,7;1;
2025/05/21;2200 UTC;0;901,3;901,3;900,9;;12,2;9,5;14;12,2;10,7;9,4;86;78;84;255;2,6;,6;
2025/05/21;2300 UTC;0;901,7;901,7;901,3;;10,9;9,3;12,2;10,9;9,8;9,2;90;84;90;283;2,6;,4;
2025/05/22;0000 UTC;0;902;902;901,7;;10,3;9;10,9;10,2;9,3;8,9;92;90;92;305;,9;,2;
2025/05/22;0100 UTC;0;902;902;902;;9,7;8,9;10,3;9,5;9;8,2;95;92;95;330;1,3;,2;
2025/05/22;0200 UTC;0;901,9;902;901,9;;9,1;8,3;9,8;8,9;9;8,1;95;95;95;90;,9;,3;
2025/05/22;0300 UTC;0;901,8;901,9;901,7;;8,9;8,2;9,2;8,5;8,4;7,7;95;95;95;340;,7;,2;
2025/05/22;0400 UTC;0;901,4;901,8;901,4;;7,8;7,1;8,8;7,8;8,1;7,1;96;95;96;84;1,4;,2;
2025/05/22;0500 UTC;,2;901,2;901,4;901,2;;7,6;7;8,2;7,5;7,6;6,9;96;96;96;119;,9;,3;
2025/05/22;0600 UTC;0;900,7;901,2;900,7;;7,2;6,7;7,7;7,1;7,1;6,5;96;96;96;330;,9;,3;
2025/05/22;0700 UTC;0;900,6;900,7;900,6;;6,8;6,3;7,5;6,8;6,9;6,3;96;96;96;353;1;,5;
2025/05/22;0800 UTC;0;900,7;900,7;900,5;;6,7;6,2;7,1;6,6;6,5;6,1;97;96;97;237;1;,2;
2025/05/22;0900 UTC;0;901,2;901,2;900,7;;6,4;5,9;6,7;6;6,1;5,6;97;97;97;35;,8;,2;
2025/05/22;1000 UTC;0;902,2;902,2;901,2;79;6,5;6;6,5;5,8;6;5,3;97;97;97;96;,7;,3;
2025/05/22;1100 UTC;0;902,8;902,8;902,2;767,1;10,5;9,9;10,5;6,5;9,9;6,2;97;96;96;104;1,2;,7;
2025/05/22;1200 UTC;0;903;903;902,8;1521,8;16,6;12,4;16,6;10,5;12,6;9,9;96;76;77;97;1,7;1;
2025/05/22;1300 UTC;0;902,7;903;902,7;2136,4;20,3;13,8;20,7;16,6;14,1;12,2;77;63;66;65;4,6;2,3;
2025/05/22;1400 UTC;0;902,1;902,7;902,1;2562,5;22,2;11,3;22,3;20,4;13,9;10,2;66;48;50;43;5,3;2,3;
2025/05/22;1500 UTC;0;901,4;902,1;901,4;2751,5;22;8,7;22,5;21,5;11,8;7;52;37;43;60;6,9;2,7;
2025/05/22;1600 UTC;0;900,4;901,4;900,4;2709;22,6;7,9;23,2;21,9;9,9;7,1;45;38;39;35;6,7;2,9;
2025/05/22;1700 UTC;0;900;900,4;900;2409,3;22,7;7,7;23;22;9;6,5;42;35;38;46;6,3;2,3;
2025/05/22;1800 UTC;0;899,8;900;899,7;1880,9;21,8;7,1;23,3;21,8;8,5;6,5;41;35;39;51;6,7;2,5;
2025/05/22;1900 UTC;0;899,9;900;899,7;1168,9;20,7;7,1;22,1;20,7;8,2;6;43;36;41;31;5,8;1,2;
2025/05/22;2000 UTC;0;900,3;900,3;899,9;196,9;15,7;9,9;20,7;15,6;10,4;7,3;71;41;68;332;3,1;1,5;
2025/05/22;2100 UTC;0;900,8;900,8;900,3;3,8;13,1;9,8;15,9;13,1;10,2;9,7;81;68;80;294;3,3;,7;
2025/05/22;2200 UTC;0;901,3;901,3;900,7;;11,6;9,6;13,1;11,6;10,1;9,6;87;80;87;288;1,5;,6;
2025/05/22;2300 UTC;0;901,8;901,8;901,3;;10,6;9,1;11,6;10,5;9,9;8,8;91;87;90;268;1,2;,4;
2025/05/23;0000 UTC;0;902;902,1;901,8;;9,9;8,7;10,6;9,8;9,2;8,5;93;90;92;313;1;,3;
2025/05/23;0100 UTC;0;901,8;902;901,8;;9,5;8,7;10,2;9,3;9,2;8,4;95;92;95;310;,9;,2;
2025/05/23;0200 UTC;0;901,9;901,9;901,7;;8,7;8;9,5;8,6;8,7;7,9;95;94;95;106;,8;,3;
2025/05/23;0300 UTC;0;901,5;901,9;901,5;;8,5;7,9;9,1;8,4;8,4;7,7;95;95;95;10;,7;,3;
2025/05/23;0400 UTC;0;901,2;901,5;901,2;;8,4;7,7;8,8;8;8,1;7,3;96;95;96;283;1,5;,5;
2025/05/23;0500 UTC;0;900,8;901,2;900,8;;8;7,4;8,5;7,7;7,8;7,1;96;96;96;344;1;,2;
2025/05/23;0600 UTC;,2;900,4;900,8;900,4;;7,7;7,1;8,4;7,4;7,7;6,8;96;96;96;360;1,7;,5;
2025/05/23;0700 UTC;0;900,3;900,4;900,3;;7,3;6,8;7,8;7,2;7,2;6,6;96;96;96;285;1,1;,2;
2025/05/23;0800 UTC;0;900,7;900,7;900,3;;7,3;6,7;7,9;6,7;7,3;6,2;96;96;96;257;1,8;,2;
2025/05/23;0900 UTC;0;901,2;901,2;900,7;;6,7;6,2;7,3;6,5;6,7;6;97;96;97;10;,7;,3;
2025/05/23;1000 UTC;0;902,1;902,1;901,2;89,6;7,5;7;7,5;6,5;7;6;97;96;96;85;,8;,4;
2025/05/23;1100 UTC;0;902,3;902,3;902,1;672,7;11,5;10,9;11,5;7,5;10,9;7;96;96;96;124;1,4;,6;
2025/05/23;1200 UTC;0;902,5;902,6;902,3;1492,8;17,8;13,8;17,8;11,5;13,8;11;96;75;77;134;1,9;,6;
2025/05/23;1300 UTC;0;902,6;902,7;902,5;2104,6;19,7;13,9;19,9;17,8;14,3;13,2;77;68;69;213;4,4;2,1;
2025/05/23;1400 UTC;0;902,3;902,6;902,3;2343,4;18,7;13,9;20,4;18,6;15;13,7;74;67;74;237;6;2,8;
2025/05/23;1500 UTC;0;902;902,3;902;2657;18,2;14,1;19,9;18;14,7;13,6;77;70;77;221;8,3;3,9;
2025/05/23;1600 UTC;0;901,5;902;901,5;1582,4;17,8;14;18,6;17,4;14,6;13,9;81;76;78;227;7,5;3,4;
2025/05/23;1700 UTC;0;900,9;901,6;900,9;1605,5;19,3;13,8;20;17,7;14,5;13,5;79;68;71;221;6,5;3,2;
2025/05/23;1800 UTC;0;901,3;901,3;900,8;1316,3;16,9;14,7;19,5;16,9;14,7;13,6;87;70;87;227;8,6;3,9;
2025/05/23;1900 UTC;1,2;901,5;901,5;901;519,1;16,7;14,8;17,3;16,7;15;14,7;89;85;88;241;7,5;2,5;
2025/05/23;2000 UTC;,6;901,9;901,9;901,4;119,7;16,4;14,3;16,8;16,4;14,8;14,3;89;86;88;213;6,9;2;
2025/05/23;2100 UTC;6;902,1;902,1;901,8;11,1;16,2;14,4;16,6;16;14,5;14,2;90;87;89;218;6,5;3,1;
2025/05/23;2200 UTC;0;902,5;902,5;902,1;;16;14,2;16,2;16;14,5;14,2;90;89;89;225;6,3;2,7;
2025/05/23;2300 UTC;0;903;903;902,5;;15,8;14;16,2;15,8;14,4;13,9;89;88;89;260;6;2;
2025/05/24;0000 UTC;0;903,3;903,4;903;;15,9;14,1;16,1;15,8;14,3;14;89;88;89;239;4,3;1,6;
2025/05/24;0100 UTC;,2;903,4;903,5;903,3;;15,8;14,1;16,1;15,8;14,2;14,1;89;89;89;252;4,9;2,5;
2025/05/24;0200 UTC;0;903,5;903,6;903,4;;15,8;14,2;16;15,8;14,3;14,1;90;89;90;251;6,3;2;
2025/05/24;0300 UTC;,4;903;903,5;903;;15,8;13,9;16,1;15,8;14,4;13,8;91;87;89;243;4,8;2,1;
2025/05/24;0400 UTC;5,4;902,9;903;902,9;;15,8;13,8;15,9;15,5;14,3;13,7;91;88;88;275;6;3;
2025/05/24;0500 UTC;,2;902,5;902,9;902,5;;15,5;13,4;16;15,3;13,7;13,3;89;86;87;271;6;2,2;
2025/05/24;0600 UTC;0;902,3;902,5;902,3;;15;13,3;15,9;15;13,5;12,9;90;84;90;235;5,5;2,2;
2025/05/24;0700 UTC;0;902,3;902,4;902,2;;14,7;13,4;15;14,7;13,4;13,3;91;90;91;214;3,6;1,6;
2025/05/24;0800 UTC;0;902,5;902,5;902,3;;14,5;13,5;14,8;14,5;13,5;13,1;94;91;94;249;2,8;1,2;
2025/05/24;0900 UTC;0;903,1;903,1;902,5;;14,8;13,7;14,9;14,4;14;13,5;95;93;93;215;3,5;1,8;
2025/05/24;1000 UTC;0;904,1;904,1;903,1;25,8;14,6;13,1;14,9;14,6;13,6;13,1;93;90;91;245;4;1,7;
2025/05/24;1100 UTC;,2;904,4;904,4;904,1;412,2;15,4;13,6;15,5;14,6;13,9;13,1;91;89;89;231;4;1,9;
2025/05/24;1200 UTC;0;905,1;905,1;904,4;482,5;15,4;13,4;15,5;15,3;13,7;13,3;89;87;88;218;4,3;2,7;
2025/05/24;1300 UTC;,2;905;905,1;905;755,8;15,3;13;15,7;15,2;13,7;13;88;86;86;216;4,8;2,9;
2025/05/24;1400 UTC;0;904,8;905;904,8;1444,3;15,2;12,8;15,9;15,1;13,8;12,5;88;83;85;220;6,2;3,3;
2025/05/24;1500 UTC;0;904,7;904,8;904,6;1250,8;15;12,7;15,7;15;13;12,5;86;83;86;218;5,9;3;
2025/05/24;1600 UTC;,2;904,1;904,7;904,1;1061;15,1;12,7;15,3;14,8;13,3;12,6;88;85;86;232;5,9;2,4;
2025/05/24;1700 UTC;1;903,7;904,1;903,7;688;14,7;12,8;15,2;14,6;13;12,6;89;85;88;220;5,1;2,5;
2025/05/24;1800 UTC;,4;903,6;903,7;903,4;1018;14,2;12,1;14,8;14,2;12,8;12,1;88;86;88;244;6,8;2,6;
2025/05/24;1900 UTC;0;903,8;903,8;903,5;555;14,2;9,9;14,5;14;12,2;9,9;88;75;75;259;5,8;2,3;
2025/05/24;2000 UTC;0;904,4;904,4;903,8;86,7;13,3;9,8;14,2;13,2;10;9,2;81;73;80;254;5,2;1,9;
2025/05/24;2100 UTC;0;904,4;904,6;904,4;,4;12,9;10,1;13,5;12,9;10,2;9,8;83;79;83;264;5,2;1,9;
2025/05/24;2200 UTC;0;905,1;905,1;904,4;;13;10,7;13,1;12,5;10,9;10,1;89;83;86;243;3,6;1,6;
2025/05/24;2300 UTC;0;905,1;905,1;905;;12,7;10;13,2;12,7;10,6;10;86;82;84;240;3,9;1,6;
2025/05/25;0000 UTC;0;905,3;905,4;905,1;;12,1;10,3;12,7;11,7;10,4;9,7;89;83;89;238;3,5;,6;
2025/05/25;0100 UTC;0;905,3;905,4;905,3;;12,3;10,5;12,7;12;10,9;10,3;90;88;89;246;3;,9;
2025/05/25;0200 UTC;0;905,4;905,5;905,3;;12,6;10,8;12,6;12,3;10,8;10,4;89;88;89;216;3,8;1,4;
2025/05/25;0300 UTC;0;905,1;905,4;905,1;;12,4;10,6;12,7;12;10,7;10,1;90;87;89;229;3,4;1,1;
2025/05/25;0400 UTC;0;904,7;905,1;904,7;;12;10,5;12,4;12;10,6;10,4;91;88;91;221;1,9;,7;
2025/05/25;0500 UTC;0;904,3;904,7;904,3;;12,1;10,7;12,2;12;10,8;10,5;91;91;91;246;1,9;,8;
2025/05/25;0600 UTC;0;903,8;904,3;903,8;;11,2;9,9;12,2;11,2;10,8;9,9;92;91;92;292;1,7;,9;
2025/05/25;0700 UTC;0;903,7;903,9;903,6;;10,6;9,8;11,2;10,6;10,1;9,6;95;91;95;257;1,6;,6;
2025/05/25;0800 UTC;0;903,7;903,8;903,7;;9,5;8,8;10,8;9,5;10;8,8;95;95;95;301;2,3;,4;
2025/05/25;0900 UTC;0;904,1;904,1;903,6;;9,1;8,4;9,5;9;8,7;8,3;95;95;95;284;1;,3;
2025/05/25;1000 UTC;0;904,4;904,4;904,1;44,3;8,7;8,1;9,1;8,7;8,4;8;96;95;96;19;1,1;,4;
2025/05/25;1100 UTC;0;905;905;904,4;562,3;10,6;9,9;10,6;8,7;9,9;8,1;96;95;95;93;1,4;,9;
2025/05/25;1200 UTC;0;905,1;905,2;904,9;1410,5;15,6;12;15,7;10,6;13,9;10;96;79;79;107;2,1;1,1;
2025/05/25;1300 UTC;0;905,1;905,2;905,1;2098,7;17,8;11,3;18,2;15,6;12,6;10,6;80;64;66;44;5,4;2,3;
2025/05/25;1400 UTC;0;904,6;905,1;904,5;2387,7;18,7;11,1;19,3;17,7;12,7;10,9;69;60;61;41;7;2,4;
2025/05/25;1500 UTC;0;903,9;904,6;903,8;2792,1;19,7;11,8;20;18,2;12;10,7;66;57;60;33;5,9;2,5;
2025/05/25;1600 UTC;0;903;903,9;903;2596,8;19,5;11,3;20,3;19,1;12,7;11;63;57;59;68;5,7;2,9;
2025/05/25;1700 UTC;0;902,6;903,1;902,6;2335,1;19,8;12,6;20,4;19;12,6;11,2;64;57;63;29;5,6;1,7;
2025/05/25;1800 UTC;0;902,4;902,6;902,3;1666,6;19,2;12,2;20,6;18,9;12,8;11,4;65;59;64;42;5,6;2,1;
2025/05/25;1900 UTC;0;902,5;902,5;902,3;1134,4;17,9;11,8;20,1;17,9;13;11,6;68;60;67;24;4,9;2,1;
2025/05/25;2000 UTC;0;902,9;902,9;902,5;200;15,3;11,9;18;15,2;12;11,6;80;67;80;24;4,9;1,4;
2025/05/25;2100 UTC;0;903,2;903,2;902,9;4,2;14;11,6;15,3;13,6;12;11,4;87;80;85;353;2,6;1,6;
2025/05/25;2200 UTC;0;903,9;903,9;903,2;;12,4;10,5;14,1;12,4;11,8;10,3;90;84;88;38;3,1;1;
2025/05/25;2300 UTC;0;904,1;904,1;903,9;;12,1;10,7;13;11,9;11,3;10,4;91;88;91;21;2,7;,9;
2025/05/26;0000 UTC;0;904,2;904,2;904,1;;11,2;10,1;12,3;11;11;9,8;93;91;93;266;1,9;,6;
2025/05/26;0100 UTC;0;904,2;904,3;904,1;;10,3;9,5;11,3;10,1;10,3;9,3;95;93;95;274;1;,4;
2025/05/26;0200 UTC;0;904;904,2;904;;9,9;9,1;10,4;9,7;9,7;9;95;95;95;312;1,2;,2;
2025/05/26;0300 UTC;,2;903,7;904;903,7;;9,3;8,6;10;9;9,2;8,3;95;95;95;91;1,4;,5;
2025/05/26;0400 UTC;0;903,5;903,7;903,5;;9,2;8,5;9,5;9;8,7;8,3;95;95;95;163;1,1;,4;
2025/05/26;0500 UTC;0;903,1;903,6;903,1;;9,7;9;10;9,2;9,3;8,6;95;95;95;95;,8;,2;
2025/05/26;0600 UTC;0;902,8;903,1;902,8;;9,3;8,6;9,7;9;9;8,4;96;95;96;138;,7;,1;
2025/05/26;0700 UTC;0;902,6;902,8;902,6;;8,4;7,7;9,3;8,3;8,6;7,7;96;96;96;125;1,4;,3;
2025/05/26;0800 UTC;0;902,7;902,7;902,5;;8,1;7,5;8,5;8;7,9;7,5;96;96;96;296;,9;,3;
2025/05/26;0900 UTC;0;903,1;903,1;902,7;,2;9,4;8,7;9,4;8,1;8,7;7,5;96;96;96;106;1;,4;
2025/05/26;1000 UTC;0;903,5;903,5;903;29,6;10,9;10,2;10,9;9,4;10,2;8,8;96;96;96;89;2;,6;
2025/05/26;1100 UTC;0;904,2;904,2;903,5;230,1;13,2;12,6;13,2;10,9;12,6;10,2;96;96;96;41;2,5;,8;
2025/05/26;1200 UTC;0;904,4;904,5;904,1;1391,3;16,6;12,9;16,6;13,3;13,9;12,4;96;79;79;68;2,8;1,5;
2025/05/26;1300 UTC;0;904,3;904,6;904,3;2098,2;19,1;11,8;19,5;16,6;13,6;11,7;80;61;63;48;5,7;1,9;
2025/05/26;1400 UTC;0;903,7;904,3;903,7;2544,5;21;13;21;18,6;13,5;11,4;66;59;60;45;5,8;2,2;
2025/05/26;1500 UTC;0;903,1;903,8;903,1;2434,1;20,2;12,4;21,3;19,6;13,5;12,1;65;57;61;37;6,1;2,5;
2025/05/26;1600 UTC;0;902,5;903,1;902,5;2620,1;20,3;11,7;21,2;19,7;13,1;11,3;62;57;58;56;7,9;2,1;
2025/05/26;1700 UTC;0;901,8;902,5;901,8;2031,3;20,5;11,5;21,2;20,2;12,9;11,5;61;55;56;41;5;1,8;
2025/05/26;1800 UTC;0;901,6;901,8;901,6;1235,5;19,7;12,5;21,2;19,5;12,6;10,9;64;53;63;33;5,1;1,5;
2025/05/26;1900 UTC;0;901,9;901,9;901,5;623,7;19;13,1;19,8;18,9;13,1;11,9;69;62;69;57;5,1;1,4;
2025/05/26;2000 UTC;,2;902,1;902,1;901,9;261,4;18,3;13,1;19;18,3;13,4;12,9;72;68;71;50;4,5;1,3;
2025/05/26;2100 UTC;0;902,3;902,3;902,1;8,6;17,6;13,6;18,3;17,5;13,6;13,1;78;71;78;38;3,9;1,5;
2025/05/26;2200 UTC;0;902,6;902,7;902,3;;15,9;12,9;17,7;15,9;13,6;12,9;82;77;82;40;5,3;1,2;
2025/05/26;2300 UTC;0;903,2;903,2;902,6;;14,3;12,4;16;14,2;13,2;12,1;88;82;88;34;3,1;1;
2025/05/27;0000 UTC;0;903,3;903,4;903,2;;14,8;13,5;14,8;13,4;13,5;11,7;92;88;92;41;3,7;1,6;
2025/05/27;0100 UTC;0;903,5;903,5;903,3;;16,7;13,4;16,7;14,9;14,4;13,1;92;81;81;17;6;3,4;
2025/05/27;0200 UTC;0;903,5;903,7;903,5;;17;13,7;17,1;16,7;13,7;13,4;81;80;81;24;6;2,5;
2025/05/27;0300 UTC;0;903,1;903,5;903,1;;16,7;14;17;16,7;14;13,7;84;81;84;20;5,6;2,7;
2025/05/27;0400 UTC;0;902,7;903,1;902,7;;16,9;13,8;16,9;16,5;14,1;13,8;85;82;82;19;5,3;3,2;
2025/05/27;0500 UTC;0;902,2;902,7;902,2;;17;14,1;17;16,5;14,2;13,7;85;82;83;14;5,6;2,6;
2025/05/27;0600 UTC;0;901,9;902,2;901,9;;17;14,3;17,2;16,7;14,3;14;85;83;84;9;7,1;2,3;
2025/05/27;0700 UTC;0;901,5;901,9;901,5;;17;14,4;17,2;16,8;14,4;14,3;85;84;84;22;5,7;2,7;
2025/05/27;0800 UTC;0;901,7;901,7;901,5;;16,8;14,4;17,1;16,7;14,6;14,3;87;84;86;46;5,7;1,6;
2025/05/27;0900 UTC;0;902,1;902,1;901,7;;16,4;14,5;16,9;16,4;14,6;14,3;89;85;89;45;5,7;1,5;
2025/05/27;1000 UTC;,4;902,5;902,5;902,1;28,9;16,7;14,8;16,8;16,4;14,9;14,6;89;88;89;33;5,2;1,8;
2025/05/27;1100 UTC;,2;903,1;903,1;902,5;278,7;17,2;15,1;17,2;16,6;15,2;14,8;89;87;87;41;6;2,2;
2025/05/27;1200 UTC;0;903,5;903,5;903,1;797;18,2;15,4;18,2;17,2;15,4;14,8;87;83;84;33;7,5;2,4;
2025/05/27;1300 UTC;0;903,5;903,6;903,4;1302,6;19,7;15,3;19,7;17,7;15,5;14,5;85;75;76;37;8,3;3;
2025/05/27;1400 UTC;0;902,9;903,5;902,9;1688,2;19,2;14,8;20,1;18,7;16,1;14,3;79;72;76;54;7,6;2,9;
2025/05/27;1500 UTC;,8;902,2;902,9;902,2;972,2;18,6;16,5;19,5;17,6;16,5;14,7;88;75;88;45;6,5;2,2;
2025/05/27;1600 UTC;0;901,7;902,2;901,7;1376,3;18,9;16,1;19,7;18,4;16,7;15,1;88;78;84;60;6,8;2,7;
2025/05/27;1700 UTC;0;901,6;901,8;901,5;1237,1;19,2;15,2;19,4;18,5;16,2;14,9;84;76;77;59;7,5;2,6;
2025/05/27;1800 UTC;0;901,4;901,6;901,4;940;18,8;14,6;20,1;18,8;15,7;14,2;78;71;76;64;10;2,7;
2025/05/27;1900 UTC;0;901,4;901,5;901,3;420,6;18,5;14,2;18,9;18,5;14,8;14,1;78;76;76;36;5,6;2,1;
2025/05/27;2000 UTC;0;901,5;901,6;901,4;111,1;18;14,3;18,6;18;14,3;14,1;79;75;79;61;6,2;2,2;
2025/05/27;2100 UTC;0;902,4;902,4;901,5;3,1;17;14,3;18;17;14,4;14;84;79;84;63;5,2;1,4;
2025/05/27;2200 UTC;0;903;903;902,3;;16,8;14,5;17,2;16,6;14,7;14,1;87;84;87;30;4,7;1,5;
2025/05/27;2300 UTC;0;903,5;903,5;903;;16,7;14,4;16,9;16,1;14,7;14;88;86;86;14;4,4;2,9;
2025/05/28;0000 UTC;0;903,6;903,7;903,5;;15,7;13,8;16,8;15,6;14,4;13,6;88;86;88;20;4,9;2,1;
2025/05/28;0100 UTC;0;904;904;903,6;;15,2;13,6;16;15,1;14,2;13,4;90;88;90;55;4;1,7;
2025/05/28;0200 UTC;0;903,6;904;903,6;;15,1;14;15,5;14,5;14;13;93;89;93;27;4,2;1,9;
2025/05/28;0300 UTC;0;903,1;903,6;903,1;;15,4;13,8;15,5;14,6;14,1;13;93;90;90;11;4,2;1,6;
2025/05/28;0400 UTC;,2;902,5;903,1;902,5;;15,2;13,9;15,4;14,2;14;12,7;93;89;92;39;3;1,3;
2025/05/28;0500 UTC;0;901,6;902,5;901,6;;15,3;13,7;15,4;14,9;13,8;13,2;92;89;90;47;4,2;1,3;
2025/05/28;0600 UTC;0;900,9;901,6;900,9;;16,1;13,7;16,3;15,1;14,1;13,4;90;85;86;71;6,7;2,7;
2025/05/28;0700 UTC;0;900,2;901;900,2;;16,5;14,1;16,5;15,9;14,2;13,6;87;85;86;79;6,7;3,7;
2025/05/28;0800 UTC;0;900;900,3;899,8;;16;13,9;16,6;16;14,1;13,8;87;85;87;70;7,3;3,1;
2025/05/28;0900 UTC;,2;900,5;900,5;899,9;;16,8;13,8;16,8;16;14,1;13,7;88;83;83;65;9,1;2,9;
2025/05/28;1000 UTC;0;900,9;900,9;900,5;22,2;17,3;14;17,4;16,2;14,2;13,6;85;81;81;48;8,4;3;
2025/05/28;1100 UTC;0;901,7;901,7;900,9;215;17,4;14,4;17,6;17,2;14,4;13,9;82;80;82;65;8,7;4;
2025/05/28;1200 UTC;0;902,3;902,3;901,7;322;17,8;14,3;17,8;17,2;14,7;14,3;84;80;80;63;10;3,5;
2025/05/28;1300 UTC;0;902,4;902,6;902,3;794,4;18,7;13,3;18,8;17,7;14,4;13,3;81;71;71;48;10,8;4,9;
2025/05/28;1400 UTC;0;902,2;902,5;902;1401,2;19,5;13,6;20,2;18,7;14,3;13,1;73;65;69;47;11,5;4,8;
2025/05/28;1500 UTC;0;901,8;902,3;901,8;1618,7;20,8;14,1;20,9;19,4;14,4;13,1;69;65;66;54;13,7;3,5;
2025/05/28;1600 UTC;0;901,2;901,8;901,2;1036,6;20,1;14,5;20,8;19,8;14,5;13,8;70;65;70;64;9,6;3,9;
2025/05/28;1700 UTC;0;900,7;901,2;900,7;1407,6;20,7;14,3;21,1;20;15;14,1;71;66;67;64;9,5;3,7;
2025/05/28;1800 UTC;0;900,7;900,9;900,6;1070;20,4;14,4;21;19,9;15,3;14,1;72;67;68;66;8,8;3,1;
2025/05/28;1900 UTC;0;900,6;900,8;900,5;566;19,8;14,6;20,4;19,7;14,7;14,3;72;68;72;72;8,3;3,3;
2025/05/28;2000 UTC;0;900,5;900,6;900,3;217,1;18,8;14,6;19,8;18,8;14,7;14,5;77;72;77;64;6,9;2,6;
2025/05/28;2100 UTC;0;900,8;900,8;900,5;4,7;18,2;14,3;18,8;18,2;14,7;14,3;79;77;78;46;6,7;1,8;
2025/05/28;2200 UTC;0;901;901;900,7;;17,6;14,1;18,3;17,4;14,5;13,9;81;78;80;66;4,6;1,3;
2025/05/28;2300 UTC;0;901,1;901,2;901;;17,5;14;18,2;17,4;14,3;13,8;80;77;80;68;6;1,8;
2025/05/29;0000 UTC;0;901,2;901,3;901;;17,8;14,1;17,9;17,1;14,3;13,8;82;79;79;79;4,2;2,1;
2025/05/29;0100 UTC;0;901,3;901,3;901,2;;17,9;14,3;18;17,6;14,3;14,1;80;79;79;66;6,2;2,2;
2025/05/29;0200 UTC;0;901,3;901,4;901,3;;17,9;14,7;18;17,8;14,7;14,3;82;79;82;68;5,8;2,7;
2025/05/29;0300 UTC;0;901,2;901,4;901,1;;18;14,8;18,1;17,8;14,9;14,7;83;81;82;60;5,8;2,2;
2025/05/29;0400 UTC;0;900,7;901,2;900,7;;17,4;14,6;18;17,3;14,8;14,5;84;82;83;70;5,5;2,3;
2025/05/29;0500 UTC;0;900,3;900,7;900,3;;17,3;14,3;17,4;17,2;14,6;14,3;84;82;83;75;5,2;2,6;
2025/05/29;0600 UTC;0;899,8;900,3;899,8;;18;14;18,1;17,1;14,3;13,9;83;77;77;39;9,2;4,3;
2025/05/29;0700 UTC;0;899,6;899,9;899,5;;17,3;14,1;18,1;17,3;14,1;13,9;82;77;82;72;9;2,7;
2025/05/29;0800 UTC;0;899,3;899,7;899,3;;16,9;14,1;17,4;16,8;14,2;14;84;81;84;81;7,6;3,4;
2025/05/29;0900 UTC;0;899,8;899,8;899,3;;16,7;14;16,9;16,7;14,1;14;84;83;84;77;6,4;2,9;
2025/05/29;1000 UTC;0;900,3;900,4;899,8;20,7;17,1;13,9;17,1;16,6;14;13,8;85;82;82;70;5,5;2,1;
2025/05/29;1100 UTC;0;900,7;900,8;900,3;182,3;17,4;14,1;17,4;17;14,1;13,9;82;81;81;75;5,1;2,6;
2025/05/29;1200 UTC;0;900,9;901;900,7;917,3;18,7;14,3;19,1;17,4;14,6;13,8;81;73;76;55;8;2,8;
2025/05/29;1300 UTC;0;901,3;901,4;900,9;904,3;19,3;14,2;19,5;18,4;14,5;13,9;76;72;73;77;8,1;3,7;
2025/05/29;1400 UTC;0;901,1;901,5;901,1;2048,1;20,9;14,8;21,1;19,1;15,2;14,1;74;67;68;86;7,6;3,5;
2025/05/29;1500 UTC;0;900,8;901,3;900,8;2389,7;22,1;14,1;22,2;20,5;15,3;13,2;70;58;61;64;7,3;2,6;
2025/05/29;1600 UTC;0;900;900,9;900;2112,7;21,6;14;22,4;21;14,9;13,3;64;59;62;83;7,2;3;
2025/05/29;1700 UTC;0;899,8;900;899,7;1890,4;21,5;13,7;22,8;21,3;14,7;12,4;64;54;61;68;8,6;2,5;
2025/05/29;1800 UTC;0;899,8;900;899,6;825,5;20,4;13,7;21,5;20,4;14,4;13,2;67;61;65;57;6,6;2,5;
2025/05/29;1900 UTC;0;899,9;899,9;899,7;539,8;20;14,5;20,4;20;14,6;13,3;71;64;70;82;6,2;1,7;
2025/05/29;2000 UTC;0;900,2;900,3;899,9;242;19,2;14,4;20,1;19,2;14,7;14,2;74;69;74;67;4,3;1,9;
2025/05/29;2100 UTC;0;900,7;900,7;900,2;4,6;17,8;14,5;19,2;17,6;14,6;14,3;81;74;81;340;3,9;1;
2025/05/29;2200 UTC;0;901,1;901,3;900,7;;16;14,2;17,9;16;15;14;89;81;89;297;2,1;,6;
2025/05/29;2300 UTC;0;901,5;901,5;901,1;;15,2;13,6;16,4;15,2;14,6;13,4;90;88;90;283;2;,6;
2025/05/30;0000 UTC;0;902;902;901,5;;14,5;13,1;15,6;14,4;14,1;12,9;91;89;91;325;2,5;1;
2025/05/30;0100 UTC;0;902;902,2;901,9;;14,8;13,9;14,9;14;14;12,7;94;91;94;216;3,1;1,3;
2025/05/30;0200 UTC;0;901,9;902;901,9;;14,5;13,6;14,9;14,2;14;13,2;94;93;94;271;3,1;,4;
2025/05/30;0300 UTC;0;901,5;902;901,5;;15,1;14,2;15,1;14,1;14,2;13,1;95;94;95;205;2,4;,7;
2025/05/30;0400 UTC;0;901,5;901,7;901,5;;14,7;13,8;15,1;14,7;14,2;13,8;95;94;94;214;3,2;1,6;
2025/05/30;0500 UTC;0;901,3;901,7;901,3;;14,8;13,5;14,8;14,7;13,8;13,5;94;92;92;209;4,8;2,5;
2025/05/30;0600 UTC;0;901;901,3;900,9;;14,7;13,3;14,8;14,7;13,6;13,3;93;91;91;206;5,7;2,9;
2025/05/30;0700 UTC;0;900,8;901;900,8;;13,3;12,1;14,7;13,3;13,3;12;92;90;92;229;5,7;2,3;
2025/05/30;0800 UTC;0;901;901;900,8;;13,5;11,9;13,5;13,3;12,2;11,9;93;90;90;212;4,7;2,9;
2025/05/30;0900 UTC;0;901;901,1;900,9;;13,4;11,8;13,5;13,4;11,9;11,8;90;90;90;227;4,9;2;
2025/05/30;1000 UTC;0;901,5;901,5;901;15,4;13,5;11,9;13,6;13,4;11,9;11,8;90;89;90;243;4,1;1,9;
2025/05/30;1100 UTC;0;902,1;902,1;901,5;257,2;13,8;12;14;13,5;12,2;11,8;90;88;89;226;3,6;1,9;
2025/05/30;1200 UTC;0;902,6;902,6;902;501,4;13,2;11,2;13,9;13,1;12,1;11,2;89;87;87;212;6,5;3,5;
2025/05/30;1300 UTC;0;903,1;903,1;902,6;794,6;13,6;11,4;14,1;13,1;11,7;11,1;88;85;87;211;6,4;3,3;
2025/05/30;1400 UTC;0;902,6;903,1;902,6;513,3;14;11,8;14;13,4;11,8;11,2;88;86;87;216;5,3;2,5;
2025/05/30;1500 UTC;0;902,2;902,6;902,2;676;13,2;11,3;14,5;13,1;12;11,1;88;84;88;209;6;3;
2025/05/30;1600 UTC;0;901,6;902,2;901,6;570,5;13,2;11,2;13,3;12,9;11,5;11;89;87;88;221;6,8;2,7;
2025/05/30;1700 UTC;0;901,3;901,6;901,2;639,7;12,7;11,3;13,4;12,7;11,6;11,1;91;87;91;217;5,9;3;
2025/05/30;1800 UTC;0;901,2;901,4;901,2;379,7;12,8;11,2;13;12,7;11,6;11,1;92;90;90;233;5,9;2,9;
2025/05/30;1900 UTC;0;901,3;901,4;901,2;215,6;13,1;11,1;13,1;12,7;11,3;11;90;88;88;207;5,3;2,7;
2025/05/30;2000 UTC;0;901,5;901,5;901,3;91,8;12,8;11;13,2;12,8;11,2;11;89;87;89;221;5,1;2,6;
2025/05/30;2100 UTC;0;901,8;901,8;901,4;1,5;12,5;11;12,8;12,5;11,2;11;91;89;91;221;6;3,1;
2025/05/30;2200 UTC;0;902,2;902,2;901,8;;12,4;11,6;12,5;12,3;11,6;11;95;91;94;231;6;2,2;
2025/05/30;2300 UTC;,2;902,3;902,4;902,2;;12,7;11,5;12,7;12,4;11,6;11,4;94;93;93;22;4,5;,4;
2025/05/31;0000 UTC;0;902,5;902,6;902,2;;12,4;11,1;12,7;12,4;11,6;11,1;93;91;92;205;3,9;1,6;
2025/05/31;0100 UTC;,4;902,8;902,8;902,5;;12,5;11,3;12,6;12,4;11,4;11,1;93;92;92;222;4,6;1,5;
2025/05/31;0200 UTC;,2;902,7;902,8;902,6;;12,5;11,7;12,6;12,5;11,7;11,3;95;92;95;32;3;,1;
2025/05/31;0300 UTC;0;902,3;902,7;902,3;;12,7;11,9;12,7;12,5;11,9;11,7;95;95;95;314;1,1;,2;
2025/05/31;0400 UTC;,4;902,1;902,3;902;;12,9;12,1;12,9;12,7;12,2;11,9;95;95;95;222;1,4;,7;
2025/05/31;0500 UTC;0;901,8;902,1;901,8;;13,3;12,5;13,3;12,8;12,5;12,1;95;95;95;289;1,5;,4;
2025/05/31;0600 UTC;,2;901,4;901,8;901,4;,4;13,9;13,2;14;13,3;13,2;12,5;95;95;95;51;1,9;,8;
2025/05/31;0700 UTC;0;901,5;901,5;901,3;;14,1;13,4;14,1;13,9;13,4;13,2;95;95;95;29;2;,5;
2025/05/31;0800 UTC;0;901,5;901,6;901,5;;14,3;13,5;14,3;14,1;13,5;13,4;95;95;95;66;2;,5;
2025/05/31;0900 UTC;,2;901,9;901,9;901,5;;14,4;13,7;14,5;14,3;13,7;13,5;95;95;95;178;1,8;,2;
2025/05/31;1000 UTC;0;902,3;902,3;901,8;8,5;14,6;13,9;14,6;14,4;13,9;13,6;95;95;95;90;1,4;,7;
2025/05/31;1100 UTC;0;903;903;902,3;96,2;15,2;14,4;15,2;14,6;14,4;13,9;95;95;95;26;4,3;2,1;
2025/05/31;1200 UTC;0;903,6;903,6;903;200,1;15,4;14,1;15,5;15,1;14,4;13,9;95;91;92;25;4,4;2,2;
2025/05/31;1300 UTC;0;903,7;903,7;903,5;395,9;16;14,3;16;15,4;14,5;14,1;92;90;90;44;5,6;1,3;
2025/05/31;1400 UTC;0;903,2;903,7;903,2;764;17,2;14,9;17,2;15,9;14,9;14,2;90;86;86;60;4,8;2,4;
2025/05/31;1500 UTC;,2;902,7;903,3;902,7;1119,2;17,2;14,6;17,7;17;15,5;14,4;87;84;85;92;5,4;3;
2025/05/31;1600 UTC;0;901,8;902,7;901,8;1795,8;19,6;15,3;19,6;17,2;15,5;14,5;85;76;76;80;6,4;3,4;
2025/05/31;1700 UTC;0;901,3;901,8;901,3;1680,6;19,1;14,6;19,6;18,3;15,4;14,4;80;74;75;74;6,5;3;
2025/05/31;1800 UTC;0;901,1;901,3;901;1501,8;18,7;14,5;19,5;18,6;15,2;14,4;78;74;76;74;6,1;2,9;
2025/05/31;1900 UTC;0;901,1;901,1;901;619,4;18,1;14,4;19,3;18,1;14,9;14,4;79;75;79;66;5,4;2,3;
2025/05/31;2000 UTC;0;901,5;901,5;901,1;135,9;17,1;14,4;18,1;17;14,5;14,2;84;79;84;75;5,7;2,1;
2025/05/31;2100 UTC;0;901,9;901,9;901,5;4,2;16,6;14;17,1;16,6;14,3;14;85;84;85;73;5,5;2,8;
2025/05/31;2200 UTC;0;902,3;902,3;901,9;;16,1;13,8;16,6;16;14;13,7;87;85;86;92;5,5;2,6;
2025/05/31;2300 UTC;0;902,4;902,5;902,2;;15,7;13,8;16,2;15,4;13,9;13,4;89;86;88;326;5,1;1,4;
2025/06/01;0000 UTC;0;902,6;902,6;902,4;;15,8;13,9;16,1;15,1;14,1;13,1;89;86;88;36;4,5;1,8;
2025/06/01;0100 UTC;0;903,1;903,1;902,6;;15,6;13,9;16;15,6;14;13,8;90;88;90;76;5,8;2,5;
2025/06/01;0200 UTC;0;903;903,1;903;;15,5;14,2;15,6;15,4;14,2;13,9;92;90;92;76;5,5;1,6;
2025/06/01;0300 UTC;0;902,6;903;902,6;;15,9;14,1;15,9;15,5;14,4;14;93;89;89;80;4,7;2;
2025/06/01;0400 UTC;0;902,6;902,6;902,4;;16,1;14,2;16,1;15,9;14,3;14;89;88;88;72;4,1;1,6;
2025/06/01;0500 UTC;0;902,3;902,6;902,3;,3;16,2;14,2;16,2;16;14,3;14,2;89;88;88;88;4,7;2,4;
2025/06/01;0600 UTC;0;901,8;902,3;901,8;;15,9;14,1;16,2;15,7;14,2;14;89;88;89;44;4,9;1,8;
2025/06/01;0700 UTC;0;901,7;901,8;901,7;;15,4;13,8;15,9;15,4;14,1;13,8;90;89;90;57;4,8;1,2;
2025/06/01;0800 UTC;0;902,1;902,1;901,7;;15,7;14,8;15,8;15,3;14,8;13,8;94;90;94;70;4,7;2,1;
2025/06/01;0900 UTC;0;902,4;902,4;902;;15,9;14,4;15,9;15,7;14,9;14,3;94;91;91;22;4,7;2;
2025/06/01;1000 UTC;0;902,8;902,8;902,4;38,1;16,1;14,2;16,3;15,9;14,5;14,1;91;88;88;13;3,9;1,8;
2025/06/01;1100 UTC;0;903,4;903,4;902,8;341;17;14,8;17;16;14,8;14;88;87;87;84;5,7;2,8;
2025/06/01;1200 UTC;0;903,7;903,8;903,4;1599,6;19,1;14,7;19,3;17;15,1;14,3;87;75;75;81;6,2;3,2;
2025/06/01;1300 UTC;0;904;904;903,8;2194,2;19,7;14,4;20;18,9;15;14;77;71;72;85;7,1;3,7;
2025/06/01;1400 UTC;0;903,8;904,1;903,8;2507,3;20,5;14,7;20,8;19,6;15;14,1;72;67;69;81;6,8;3;
2025/06/01;1500 UTC;0;903,3;903,9;903,3;2644,8;21,8;14,5;22,1;20,5;15,3;13,9;70;62;63;98;5,6;2,5;
2025/06/01;1600 UTC;0;902,5;903,3;902,5;2752,9;22,4;14,4;23;21,2;15,2;13,7;66;58;61;109;4,8;2,3;
2025/06/01;1700 UTC;0;902,1;902,5;902,1;2403,9;20,7;15,2;23,4;20,7;15,5;13,6;71;56;71;218;4,1;1,7;
2025/06/01;1800 UTC;0;902,6;902,6;902,1;1073,8;18,3;15,6;21,1;17,8;15,8;14,9;85;69;84;225;6,4;2,9;
2025/06/01;1900 UTC;0;903,1;903,1;902,6;1052,8;17,4;14,5;18,8;17,4;15,8;14,4;84;81;83;232;6,4;3,1;
2025/06/01;2000 UTC;0;903,6;903,6;903,1;143,7;16,6;13,7;17,4;16,6;14,5;13,7;83;81;83;246;5,7;1,8;
2025/06/01;2100 UTC;0;904,1;904,1;903,6;6,6;16,6;14;16,8;16,4;14;13,6;85;81;85;207;5,3;3;
2025/06/01;2200 UTC;0;904,6;904,6;904,1;;15,9;14,1;16,6;15,8;14,2;13,9;89;85;89;257;6,5;2,7;
2025/06/01;2300 UTC;0;905;905;904,7;;15,6;13,7;15,9;15,5;14,1;13,6;90;88;88;215;6;3,3;
2025/06/02;0000 UTC;0;905,4;905,4;905;;15,4;13,8;15,7;15,1;14;13,7;92;88;91;210;6,2;2,6;
2025/06/02;0100 UTC;0;905,6;905,6;905,4;;15,1;13,6;15,5;15,1;13,9;13,5;91;88;91;230;4,7;1,8;
2025/06/02;0200 UTC;0;905,8;905,8;905,6;;14,8;13,3;15,2;14,6;13,6;12,9;91;89;90;252;4,2;1,6;
2025/06/02;0300 UTC;0;905,7;905,8;905,7;;14,7;13,1;14,9;13,6;13,4;11,6;91;87;90;231;3,7;1,8;
2025/06/02;0400 UTC;0;905,7;905,8;905,7;;14,8;12,9;14,9;14,5;13,1;12,7;90;88;88;233;4,8;1,9;
2025/06/02;0500 UTC;0;905,3;905,7;905,3;;14,8;12,6;15;14,7;13;12,6;89;87;87;232;4,7;2,2;
2025/06/02;0600 UTC;0;905;905,3;905;;14,8;12,5;14,9;14,7;12,6;12,5;87;86;86;235;4;1,6;
2025/06/02;0700 UTC;0;904,8;905;904,8;;14;12;14,8;14;12,7;12;88;86;88;226;3,4;1,1;
2025/06/02;0800 UTC;0;904,9;904,9;904,8;;12;10,3;14;12;11,9;10;90;85;89;278;2,7;1,1;
2025/06/02;0900 UTC;0;905,4;905,4;904,9;;11,2;9,8;12,5;11,2;10,9;9,8;91;88;91;284;3,1;1,2;
2025/06/02;1000 UTC;0;906;906;905,4;50,7;11,3;10,5;11,9;11;10,7;9,4;95;89;95;281;3,3;1;
2025/06/02;1100 UTC;0;906,5;906,5;906;617,2;13,5;10,5;14,3;11,3;11,7;10,3;95;81;82;201;3;1,4;
2025/06/02;1200 UTC;0;906,9;906,9;906,4;1447,2;17,1;11,9;17,2;13,5;12,3;10,6;83;70;72;179;3,6;1,3;
2025/06/02;1300 UTC;0;906,7;907;906,7;2104,8;19,1;12,3;19,9;17;13,2;11,8;74;63;64;224;3,8;1,5;
2025/06/02;1400 UTC;0;906,4;906,7;906,4;1952,7;19,1;12,9;19,5;18,4;13,6;12,1;70;64;68;209;4,3;2,2;
2025/06/02;1500 UTC;0;905,7;906,4;905,7;2148,3;19,9;12,8;20,5;19;13,7;12,1;68;60;64;151;3,5;1,6;
2025/06/02;1600 UTC;0;904,9;905,7;904,9;1976;21,5;11,3;22,8;19,4;14,5;9,8;71;46;52;55;4,9;1,8;
2025/06/02;1700 UTC;0;904,4;904,9;904,4;2070,8;19,8;13,6;21,5;19,2;14,4;10,5;71;50;67;223;6,1;2,5;
2025/06/02;1800 UTC;0;904,1;904,5;904,1;1071,6;18,3;13,8;20,3;17,8;14,1;12,7;76;63;75;219;5;2,2;
2025/06/02;1900 UTC;0;904,4;904,4;904,1;558,8;17,5;13,9;18,3;17,4;14,2;13,7;80;75;79;224;3,6;1,4;
2025/06/02;2000 UTC;0;904,4;904,5;904,3;226,3;16,1;13,6;17,9;16,1;14,2;13,4;85;78;85;349;3,1;,8;
2025/06/02;2100 UTC;0;904,6;904,6;904,4;1,6;14,1;12,4;16,1;14,1;13,7;12,4;89;85;89;309;1,5;,4;
2025/06/02;2200 UTC;0;904,9;904,9;904,6;;13,7;12;14,2;13,6;12,5;11,8;90;88;89;18;2,2;1;
2025/06/02;2300 UTC;0;905;905,1;904,9;;13,6;12,1;14,2;13,5;12,5;11,9;91;89;90;57;2;,5;
2025/06/03;0000 UTC;0;905,3;905,5;905;;14,4;12,7;14,9;13,2;13,6;11,7;92;89;89;38;4,1;1,2;
2025/06/03;0100 UTC;0;905,2;905,3;905,2;;15,4;13;15,7;14,3;13,5;12,5;90;85;86;40;4,1;1,3;
2025/06/03;0200 UTC;0;905,2;905,3;905,1;;14,3;12,4;15,4;14,3;13;12,4;89;86;88;31;2,4;1,2;
2025/06/03;0300 UTC;0;905;905,2;904,7;;15,4;13,2;15,5;13,8;13,5;12;90;86;86;36;3,1;1,5;
2025/06/03;0400 UTC;0;904,8;905,2;904,8;;15,6;13,3;15,6;15,1;13,3;12,9;88;86;86;41;3,1;1;
2025/06/03;0500 UTC;0;904,4;904,8;904,4;;15,1;13,1;15,6;14,9;13,3;12,9;88;86;88;74;3;1,3;
2025/06/03;0600 UTC;0;904,1;904,5;904,1;;15;13;15,4;15;13,2;13;88;86;88;51;2,3;1,2;
2025/06/03;0700 UTC;0;903,4;904,1;903,4;;15;13,1;15;14,5;13,1;12,6;89;88;88;22;3,6;1,2;
2025/06/03;0800 UTC;0;903,2;903,4;903,2;;14;12,5;15,1;14;13;12,3;90;87;90;69;2,5;,9;
2025/06/03;0900 UTC;0;904;904;903,1;;15,3;12,9;15,5;14;13,2;12,4;91;84;85;25;4,2;1,6;
2025/06/03;1000 UTC;0;904,4;904,5;904;25,5;15,6;13,1;15,7;15,3;13,2;12,9;86;84;85;69;4,1;1,5;
2025/06/03;1100 UTC;0;905,2;905,2;904,3;81,4;15,7;13,4;15,8;15,5;13,5;13,1;87;84;87;78;4,1;1,3;
2025/06/03;1200 UTC;,2;905;905,2;905;502,5;17,3;14,5;17,3;15,6;14,5;13,4;88;83;84;86;4,7;2,9;
2025/06/03;1300 UTC;0;905;905,2;905;678,5;17,5;14,1;17,6;16,9;14,3;13,6;84;79;80;74;5,8;2,2;
2025/06/03;1400 UTC;0;904,3;905;904,3;802,5;18,2;14,1;18,2;17,5;14,3;13,5;80;76;77;59;5,6;2;
2025/06/03;1500 UTC;0;903,5;904,3;903,5;896,7;18,5;14,3;19;18,1;14,6;13,8;78;73;76;78;5,3;2,8;
2025/06/03;1600 UTC;0;902,6;903,5;902,6;1080;18,6;14,3;19;18,4;14,6;14,1;78;74;76;71;5,2;2,6;
2025/06/03;1700 UTC;0;902;902,6;902;826,6;18,5;14,6;19,1;18,2;14,7;14,1;79;75;78;75;5,7;2,5;
2025/06/03;1800 UTC;0;901,8;902;901,8;958;18,4;14,4;19,2;18,3;15;14,3;78;75;78;84;5,9;2,6;
2025/06/03;1900 UTC;0;901,7;901,8;901,4;432,9;17,9;14,2;19;17,9;15;14,1;79;77;79;47;4,6;1,4;
2025/06/03;2000 UTC;0;901,9;901,9;901,6;80,8;17,2;14,1;17,9;17,2;14,3;13,9;82;78;82;88;3,9;1,7;
2025/06/03;2100 UTC;0;901,6;901,9;901,6;;16,9;14,1;17,2;16,8;14,2;14,1;84;82;83;70;4,5;2,1;
2025/06/03;2200 UTC;0;900,8;901,6;900,8;;16,9;14;17,1;16,7;14,3;14;85;82;83;84;7,2;4;
2025/06/03;2300 UTC;0;901,5;901,5;900,8;;17,1;13,5;17,2;16,8;14;13,3;83;78;79;90;8,3;3,3;
2025/06/04;0000 UTC;0;902,2;902,2;901,4;;17;13,9;17,2;16,7;13,9;13,5;83;79;82;72;6,3;1,2;
2025/06/04;0100 UTC;0;902;902,2;902;;16,9;13,6;17,2;16,8;14;13,5;83;81;81;77;4,2;1,6;
2025/06/04;0200 UTC;0;901,8;902;901,8;;16,4;13,5;16,9;16,4;13,8;13,4;84;81;83;88;7,4;3,7;
2025/06/04;0300 UTC;0;901,5;901,8;901,5;;16;13;16,5;15,9;13,5;13;84;81;82;103;7,9;4,2;
2025/06/04;0400 UTC;0;901;901,5;901;;15,9;12,8;16,1;15,8;13;12,7;83;81;82;86;9,7;4,6;
2025/06/04;0500 UTC;0;900,8;901,2;900,8;;16,6;12,4;16,9;15,8;12,7;12,3;82;74;76;95;9,2;4,1;
2025/06/04;0600 UTC;0;900,1;900,8;900,1;;16;12,7;16,8;16;12,7;12,4;81;75;81;78;9,2;2,9;
2025/06/04;0700 UTC;0;899,9;900,2;899,9;;15,4;12,7;16;15,4;12,9;12,7;85;81;84;66;6;3;
2025/06/04;0800 UTC;0;899,8;899,9;899,4;;15,4;12,4;15,5;15,1;12,8;12,3;86;82;82;50;9;3;
2025/06/04;0900 UTC;0;900,8;900,8;899,8;;13,7;11,9;15,5;13,1;12,3;11;89;81;89;24;6,4;1;
2025/06/04;1000 UTC;0;901,2;901,2;900,8;46,7;15,1;11,8;15,1;13,3;12,1;11,1;89;81;81;16;4,3;2,2;
2025/06/04;1100 UTC;0;901,7;901,7;901,2;663,8;16,8;12,2;16,9;15;12,9;11,7;81;74;74;12;4,2;1,3;
2025/06/04;1200 UTC;0;902,1;902,1;901,6;1379,1;19,7;11,5;19,7;16,8;12,8;10,6;74;59;59;49;3,3;1,3;
2025/06/04;1300 UTC;0;902,1;902,2;902,1;1949,8;21,2;12,1;21,3;19,4;12,4;10,8;61;55;56;77;4,8;1,9;
2025/06/04;1400 UTC;0;901,2;902,1;901,2;2405,7;22,5;11,9;22,6;20,6;12,6;10,8;57;48;51;97;4,8;1,7;
2025/06/04;1500 UTC;0;900,3;901,2;900,3;2600,7;23,9;9,9;24;22,5;12,1;8,6;51;40;41;105;4,7;2,7;
2025/06/04;1600 UTC;0;899,4;900,3;899,4;2561,8;24,8;8,5;25;23,5;10,9;7,4;44;33;35;63;5,3;2,4;
2025/06/04;1700 UTC;0;899,1;899,4;899,1;2278;24,4;8,4;25,9;24,1;9,5;5;39;27;36;258;5,1;1,6;
2025/06/04;1800 UTC;0;899;899,2;899;1781,1;23,5;10,7;25,6;23;11,5;7,3;47;33;44;268;4,1;1,2;
2025/06/04;1900 UTC;0;899,3;899,3;899;1095,4;20,7;13,1;24,5;20,5;13,5;9,6;62;40;62;303;3,2;,9;
2025/06/04;2000 UTC;0;900;900;899,3;168,3;17,1;12,1;20,7;17,1;12,7;11,7;74;58;72;283;3,5;1,3;
2025/06/04;2100 UTC;0;900,6;900,6;900;2,3;16,1;12,3;17;15,4;12,7;12;82;72;78;301;3,3;1,8;
2025/06/04;2200 UTC;0;901,1;901,1;900,6;;13,6;11,8;16,1;13,6;12,2;11,6;90;77;89;267;3,2;,8;
2025/06/04;2300 UTC;0;901,4;901,4;901;;12,6;11,2;13,6;12,4;11,7;10,9;91;89;91;265;1,9;,4;
2025/06/05;0000 UTC;0;901,8;901,8;901,4;;11,8;10,7;12,6;11,8;11,2;10,6;93;91;93;348;1,1;,3;
2025/06/05;0100 UTC;0;901,9;901,9;901,7;;11,3;10,5;12,1;11,2;11,2;10,3;95;93;95;282;1;,4;
2025/06/05;0200 UTC;0;901,6;902;901,6;;11,3;10,5;11,4;10,9;10,6;10,1;95;95;95;245;1;,4;
2025/06/05;0300 UTC;0;901,7;901,7;901,5;;10,8;10,1;11,4;10,8;10,6;10;95;95;95;309;1,1;,3;
2025/06/05;0400 UTC;0;901,8;901,9;901,7;;10,5;9,8;10,9;10,3;10,2;9,6;95;95;95;256;,9;,2;
2025/06/05;0500 UTC;0;901,3;901,8;901,3;;10,2;9,5;10,7;10,1;9,9;9,3;95;95;95;320;,7;,2;
2025/06/05;0600 UTC;0;900,7;901,3;900,7;;10;9,3;10,2;9,8;9,4;9,1;95;95;95;351;,6;,3;
2025/06/05;0700 UTC;0;899,9;900,7;899,9;;10,6;9,9;10,8;9,9;10,1;9,2;96;95;95;114;1,2;,5;
2025/06/05;0800 UTC;0;899,8;899,9;899,6;;11,1;10,4;11,3;10,5;10,6;9,8;96;95;96;39;1,6;,7;
2025/06/05;0900 UTC;,2;900,5;900,5;899,8;;11,2;10,5;11,8;10,9;11,1;10,2;96;96;96;103;1,7;,5;
2025/06/05;1000 UTC;0;900,9;900,9;900,3;60,4;11,8;11,1;11,9;11,2;11,2;10,5;96;96;96;16;1,8;,9;
2025/06/05;1100 UTC;0;901,2;901,2;900,8;647,5;15,5;14,8;15,5;11,7;14,8;11,1;96;95;96;87;1,8;,9;
2025/06/05;1200 UTC;0;901,4;901,4;901,1;1403,5;19,3;15,1;19,3;15,5;16,3;14,3;96;77;77;84;5,5;3;
2025/06/05;1300 UTC;0;901,2;901,4;901,1;1973,9;21;14,7;21;19,3;15,4;14,7;77;67;67;80;7,6;3,3;
2025/06/05;1400 UTC;0;900,6;901,2;900,6;2411,6;22,4;14,7;22,5;20,9;15,2;14,2;69;60;62;77;7,8;3,7;
2025/06/05;1500 UTC;0;900,1;900,6;900,1;2423,2;23;13;23,1;22,2;15;12,6;62;53;53;30;7,6;3,3;
2025/06/05;1600 UTC;0;899,2;900,1;899,1;2382,6;23,9;11,3;24,1;22,7;14,2;10,2;58;43;45;37;7,4;2,6;
2025/06/05;1700 UTC;0;898,5;899,2;898,5;2286,4;23,7;7,4;24;23,2;11,1;7,4;45;35;35;65;7,8;3,6;
2025/06/05;1800 UTC;0;898,3;898,6;898,3;1757,9;23,3;11;24,2;23,2;11,8;7,6;47;34;46;65;9,3;2,4;
2025/06/05;1900 UTC;0;898,6;898,6;898,1;993,4;21,8;12,2;23,3;21,8;12,2;11,2;54;46;54;56;7,5;1,8;
2025/06/05;2000 UTC;0;899;899,1;898,6;199,6;17,5;13,3;21,8;17,5;13,7;12,1;77;54;77;10;4,9;1,8;
2025/06/05;2100 UTC;0;899,7;899,7;899;,9;16,4;12,1;17,6;15,5;13,5;12,1;84;76;76;318;3,6;1,6;
2025/06/05;2200 UTC;0;900,3;900,5;899,7;;17,5;13,6;18;15;13,6;11;84;71;78;220;6,9;3,2;
2025/06/05;2300 UTC;0;900,9;900,9;900,3;;17,3;15,1;17,6;17,1;15,4;13,8;89;78;87;202;7;3,2;
2025/06/06;0000 UTC;0;901,4;901,4;900,8;;16,7;14,5;17,4;16,5;15,2;14,5;90;87;87;216;8,1;4,4;
2025/06/06;0100 UTC;0;901,3;901,4;901,2;;16,5;14,8;16,7;16,3;14,9;14,4;91;87;90;211;8,1;3,5;
2025/06/06;0200 UTC;0;900,6;901,3;900,6;;16,4;15,2;16,6;16,3;15,2;14,7;93;89;93;229;7,5;2,1;
2025/06/06;0300 UTC;0;900,3;900,6;900,2;;16,4;14,5;16,8;16,4;15,3;14,5;93;88;89;219;5,6;1;
2025/06/06;0400 UTC;0;900;900,3;899,8;;15;13,2;16,5;15;14,7;13,2;90;88;89;315;2,7;,7;
2025/06/06;0500 UTC;0;899,4;900;899,2;;14,6;13,3;15;14,3;13,9;12,8;94;89;92;40;3,4;1,7;
2025/06/06;0600 UTC;0;898,8;899,4;898,8;;15,1;12,5;16;13,7;14;12,1;93;85;85;28;4,4;2,2;
2025/06/06;0700 UTC;0;898,4;899;898,3;;14,2;13;16,4;13,5;14,1;11,6;92;82;92;67;4,3;,8;
2025/06/06;0800 UTC;0;898,5;898,5;898,3;;16,4;13,1;17,3;14,2;14,3;12,3;94;80;81;79;5,4;2,7;
2025/06/06;0900 UTC;0;899,1;899,1;898,5;;16;14;16,4;14,3;14,3;12,3;92;81;88;87;4,9;1,6;
2025/06/06;1000 UTC;0;899,8;899,8;899,1;25,3;16,9;14,2;17,4;15,8;14,7;13,5;89;82;84;19;5,2;1,6;
2025/06/06;1100 UTC;0;900,3;900,3;899,7;389,6;18,5;14,7;18,5;16,6;15,3;14;86;78;79;67;4,4;1,9;
2025/06/06;1200 UTC;0;900,5;900,6;900,2;1237,9;20,5;15,2;20,5;18,4;15,5;14,5;80;70;72;86;4,8;2,4;
2025/06/06;1300 UTC;0;900,8;900,8;900,5;1508,3;19,5;14,5;21,5;19;15,4;13,8;74;63;73;223;7,1;3,9;
2025/06/06;1400 UTC;0;900,7;900,9;900,7;2324,9;20;14;20,5;19,3;14,7;13,3;73;67;68;206;8,9;4;
2025/06/06;1500 UTC;0;900,3;900,7;900,2;2718,6;18,5;13,9;20,2;18,4;14,2;13,3;76;67;75;223;10,9;4,7;
2025/06/06;1600 UTC;0;899,8;900,3;899,8;1549,3;17,7;14,5;18,7;17,4;14,8;13,5;82;74;81;215;8,9;3,7;
2025/06/06;1700 UTC;0;899,3;899,8;899,2;1530,3;18,3;14,1;18,6;17,6;14,8;13,9;83;76;77;219;9,5;4,5;
2025/06/06;1800 UTC;0;899,1;899,3;899,1;987,8;18,4;13,6;18,6;17,9;14,2;13,2;77;72;73;208;9,3;3,9;
2025/06/06;1900 UTC;0;899,1;899,3;899;666,2;17,9;13,4;18,6;17,5;13,9;13,3;78;72;75;236;9,2;3,7;
2025/06/06;2000 UTC;0;899,9;900,1;899,1;81,8;16,8;14,7;17,9;16,8;14,7;13,4;88;75;88;213;9,2;3,6;
2025/06/06;2100 UTC;0;900,5;900,5;899,9;,3;16,2;14,5;16,8;16,2;14,8;14,4;89;87;89;230;6,8;3,1;
2025/06/06;2200 UTC;0;900,7;900,8;900,5;;16;15,1;16,3;15,8;15,1;14,4;94;89;94;234;6,9;2,3;
2025/06/06;2300 UTC;,2;901;901;900,7;,3;15,5;14,6;16,2;15,5;15,2;14,6;95;92;95;225;6,9;3,3;
2025/06/07;0000 UTC;,2;900,9;901,1;900,9;,2;15,6;14,6;15,8;15,5;15;14,5;95;93;93;225;6,6;3,1;
2025/06/07;0100 UTC;,4;900,9;901;900,8;0;14,7;13,4;15,7;14,6;14,6;13,4;95;92;92;204;9,4;5,3;
2025/06/07;0200 UTC;0;900,9;901,1;900,9;;14,7;12,7;14,8;14,5;13,4;12,7;92;88;88;224;9,5;2,6;
2025/06/07;0300 UTC;0;900,8;901;900,8;;14,5;12,6;14,8;14,3;12,8;12,4;89;88;89;220;5,8;2,9;
2025/06/07;0400 UTC;0;900,5;900,8;900,5;;14,1;12,1;14,6;14,1;12,7;12,1;89;87;88;251;5,8;2;
2025/06/07;0500 UTC;0;899,8;900,5;899,8;;13,8;12,1;14,2;13,6;12,2;11,9;90;87;89;213;4,7;1,7;
2025/06/07;0600 UTC;0;899,5;899,8;899,5;;14,3;12,3;14,5;13,8;12,4;12;89;86;88;219;5,8;2,7;
2025/06/07;0700 UTC;0;899,7;899,8;899,5;;14,6;12,6;14,6;14,2;12,6;12,3;89;88;88;218;5;2,7;
2025/06/07;0800 UTC;0;899,6;899,8;899,6;;14,6;12,8;14,7;14,5;12,9;12,5;89;88;89;215;5;1,4;
2025/06/07;0900 UTC;0;899,7;899,7;899,6;;14,3;12,8;14,7;14,3;12,9;12,7;91;89;91;290;2,8;,8;
2025/06/07;1000 UTC;0;900,2;900,3;899,7;18,7;14,2;12,7;14,4;14,1;12,9;12,5;92;90;91;27;3;1,2;
2025/06/07;1100 UTC;0;900,9;900,9;900,2;217,6;15,1;13,1;15,1;14,2;13,2;12,7;91;88;88;296;2,4;,3;
2025/06/07;1200 UTC;0;901,3;901,3;900,9;466,2;16,1;13,7;16,1;15,1;13,7;13;88;84;86;77;2,1;1;
2025/06/07;1300 UTC;0;901,3;901,4;901,2;918,2;17,4;13,5;17,4;16,1;14,1;13,1;86;77;78;75;4,7;2;
2025/06/07;1400 UTC;0;901;901,3;901;854,9;17,5;13,4;17,7;17,3;13,7;12,8;78;74;77;68;5,3;1,8;
2025/06/07;1500 UTC;0;900,4;901;900,4;676,6;17,9;13,4;18;17,5;13,8;13;77;74;75;37;4,1;1,5;
2025/06/07;1600 UTC;0;899,7;900,4;899,7;1087,6;17,9;13,5;19;17,7;14,4;13,2;77;72;75;63;5,6;2,3;
2025/06/07;1700 UTC;0;899,2;899,7;899,2;953,9;18,5;14,3;18,7;17,8;14,6;13,6;79;75;77;81;6;2,2;
2025/06/07;1800 UTC;0;899;899,2;898,9;982,1;17,5;14,1;18,8;17,5;14,5;14;80;76;80;82;6,6;3,4;
2025/06/07;1900 UTC;0;899,1;899,2;899;343,4;17,1;14,2;17,5;17,1;14,4;14,1;83;80;83;86;6;2,4;
2025/06/07;2000 UTC;0;899,4;899,4;899;97,5;16,8;14,1;17,1;16,8;14,2;14,1;84;83;84;78;4,9;2,3;
2025/06/07;2100 UTC;0;899,7;899,8;899,4;1,9;16,5;14,1;16,8;16,5;14,1;14;86;84;86;75;5,7;2,3;
2025/06/07;2200 UTC;0;899,9;900;899,7;;16;13,8;16,5;16;14,1;13,7;87;85;86;79;5,6;2,2;
2025/06/07;2300 UTC;0;900,4;900,4;899,9;;14,6;12,8;16,1;14,6;13,8;12,8;89;86;89;339;4,5;1;
2025/06/08;0000 UTC;0;900,7;900,8;900,4;;15,6;14,1;15,6;14,3;14,1;12,6;91;89;91;82;4,7;2,4;
2025/06/08;0100 UTC;0;900,6;900,7;900,5;;15,7;14,5;15,8;15,6;14,5;14,1;93;90;93;70;5,8;2,2;
2025/06/08;0200 UTC;0;900,3;900,6;900,3;;16;13,9;16;15,7;14,6;13,9;93;88;88;29;4,7;1,3;
2025/06/08;0300 UTC;0;900,2;900,4;900,1;;15,8;13,8;16;15,8;14;13,8;88;87;87;37;2,9;1,1;
2025/06/08;0400 UTC;0;900;900,2;900;;15,9;13,9;15,9;15,7;13,9;13,7;89;87;88;87;5,7;2,8;
2025/06/08;0500 UTC;0;899,4;900;899,4;;15,5;13,8;15,9;15,3;13,9;13,5;90;88;90;80;5,7;2,3;
2025/06/08;0600 UTC;0;898,8;899,4;898,8;;15,5;13,9;15,7;15,5;14;13,8;90;89;90;51;4,7;1,4;
2025/06/08;0700 UTC;0;898,4;898,8;898,4;;15,5;14,1;15,8;15,4;14,1;13,9;92;89;92;81;6,5;2,9;
2025/06/08;0800 UTC;0;898,2;898,4;898;;16,5;14,2;16,5;15,4;14,5;14,1;93;86;86;43;5,8;2,3;
2025/06/08;0900 UTC;0;898,6;898,6;898,1;;16,2;14,1;16,7;16,1;14,2;13,8;88;84;88;67;6,8;2;
2025/06/08;1000 UTC;0;899,1;899,1;898,6;20,2;16,4;14,3;16,6;16,2;14,4;14,1;88;85;87;45;7,3;2,1;
2025/06/08;1100 UTC;0;899,2;899,2;899;27,8;15,8;14,8;16,4;15,7;14,8;14,2;94;87;94;89;4,9;1,8;
2025/06/08;1200 UTC;0;899,6;899,6;899,2;70,3;16,4;15,5;16,4;15,8;15,5;14,8;95;94;94;58;5,1;1,6;
2025/06/08;1300 UTC;0;899,2;899,6;899,1;541;17,3;14,8;17,3;16,4;15,5;14,6;94;85;85;81;8,8;4,5;
2025/06/08;1400 UTC;0;899,3;899,4;899;998,7;18;14,2;18,8;17,3;14,8;13,8;85;74;79;45;10,6;4,6;
2025/06/08;1500 UTC;0;898,3;899,3;898,3;852,3;18,3;14,4;18,6;17,9;14,7;14,1;81;76;78;57;10,6;3,3;
2025/06/08;1600 UTC;0;896,8;898,3;896,8;532;18,4;13,9;18,6;18,2;14,5;13,7;79;73;75;52;10,1;3,5;
2025/06/08;1700 UTC;0;895,9;896,9;895,8;1198,5;19,7;14,2;19,7;18,4;14,9;13,8;77;69;70;70;10;3,5;
2025/06/08;1800 UTC;0;895,8;895,9;895,7;1642,3;19,6;14,1;20,7;19,6;15;14;72;68;71;85;9,7;3,4;
2025/06/08;1900 UTC;0;895,5;895,8;895,5;640,4;19,7;14,2;19,8;19,1;14,4;13,8;74;69;71;49;6,5;1,7;
2025/06/08;2000 UTC;0;895,6;895,6;895,4;234,3;18,9;13,5;19,7;18,7;14,2;13,5;72;68;71;69;6,2;2,6;
2025/06/08;2100 UTC;0;896,3;896,3;895,6;1;17,5;14;18,9;17,3;14,1;13,4;81;71;80;214;4,8;1,5;
2025/06/08;2200 UTC;8,6;897,3;897,6;896,3;;16;13,4;17,5;16;14,8;13,4;89;80;85;336;5,3;2,4;
2025/06/08;2300 UTC;2,6;897,5;897,5;897,2;;15,1;13,4;16,3;15;13,8;13,2;90;83;89;32;5,3;1,1;
2025/06/09;0000 UTC;0;897,5;897,7;897,3;;14,7;12,9;15,2;14,7;13,4;12,8;90;87;89;241;3;1;
2025/06/09;0100 UTC;,6;897,9;897,9;897,4;;14,7;13,4;14,7;14,5;13,4;12,9;92;89;92;337;2,4;1,1;
2025/06/09;0200 UTC;,8;897,7;898,1;897,6;;14,9;13,3;14,9;14,5;13,4;13;92;90;90;206;3,6;1,1;
2025/06/09;0300 UTC;0;897,3;897,9;897,2;;15;12,9;15,3;14,6;13,4;12,8;90;87;87;236;4,5;2;
2025/06/09;0400 UTC;0;897,1;897,4;897;;14,2;12,7;15;14,2;13,1;12,7;91;87;91;215;3,9;,7;
2025/06/09;0500 UTC;0;896,8;897,2;896,7;;14,1;13,2;14,3;14;13,3;12,6;94;91;94;55;2,2;,6;
2025/06/09;0600 UTC;0;896,4;896,8;896,3;;14,1;13,3;14,3;14,1;13,4;13,2;95;94;95;333;1,9;,8;
2025/06/09;0700 UTC;0;896,3;896,6;896,2;;14,9;14;14,9;14;14;13,2;95;95;95;198;4,2;2,3;
2025/06/09;0800 UTC;3,4;896,7;896,7;896,3;;15;14,2;15,1;14,9;14,2;14;95;95;95;212;4,2;1,9;
2025/06/09;0900 UTC;2,8;897,1;897,1;896,7;;15,1;14,1;15,2;14,9;14,3;14;95;94;94;219;6,2;3,3;
2025/06/09;1000 UTC;,8;897,9;898;897,1;8,4;14,8;14;15,1;14,7;14,1;13,9;95;94;95;200;6,3;2,8;
2025/06/09;1100 UTC;0;898,2;898,2;897,8;52,7;14,8;14;14,8;14,7;14;13,9;95;95;95;214;5,4;1,6;
2025/06/09;1200 UTC;1,2;899;899;898,2;203,5;15,2;14,5;15,3;14,8;14,5;14;95;95;95;214;6,5;2,7;
2025/06/09;1300 UTC;,8;899,1;899,1;898,7;383,9;15,5;14,7;15,8;15,2;15,1;14,4;95;95;95;184;4,6;1,5;
2025/06/09;1400 UTC;1,2;898,5;899,1;898,5;649,1;15,8;14;16;14,9;14,6;13,7;95;89;89;175;3,8;,8;
2025/06/09;1500 UTC;,2;897,7;898,5;897,7;1403,7;18,2;13,7;18,3;15,8;15,5;13,3;90;73;75;73;7,5;2,1;
2025/06/09;1600 UTC;1;896,9;897,8;896,8;680,9;16,6;13,4;18,5;16,4;13,8;11,4;81;65;81;255;10,1;1,6;
2025/06/09;1700 UTC;,8;896,6;897;896,5;654,8;14,9;12,9;17,2;14,8;14,1;12,5;88;75;87;215;9;2;
2025/06/09;1800 UTC;0;896,7;896,7;896,5;1046,2;14,3;12,4;15,4;14,3;13,3;12,3;88;86;88;205;6,4;3,4;
2025/06/09;1900 UTC;0;896,9;897,1;896,6;407,8;13,4;12,5;14,3;13,4;12,6;12,2;94;88;94;232;5,6;3;
2025/06/09;2000 UTC;0;897,4;897,4;896,8;162,8;13,3;11,7;13,7;13,3;12,8;11,7;95;89;90;225;6,4;1,6;
2025/06/09;2100 UTC;0;897,8;897,8;897,3;2,7;13,6;11,7;13,6;13,3;11,8;11,5;90;88;88;212;4,2;1,7;
2025/06/09;2200 UTC;0;898;898;897,7;;13,8;11,3;13,9;13,4;11,7;11,3;88;85;85;204;5,2;3,1;
2025/06/09;2300 UTC;0;898,5;898,6;898;;13,5;11,7;13,8;13,4;11,7;11,1;89;85;89;274;5,2;,5;
2025/06/10;0000 UTC;0;898,4;898,8;898,4;;12,8;11,6;13,5;12,8;12;11,6;92;89;92;254;1,8;,3;
2025/06/10;0100 UTC;0;898,7;898,7;898,3;;12,8;12;13;12,6;12,2;11,5;95;92;95;277;2,5;1,1;
2025/06/10;0200 UTC;0;898,7;898,8;898,6;;13,2;12,4;13,2;12,4;12,4;11,5;95;94;95;234;2,1;1;
2025/06/10;0300 UTC;,2;898,2;898,7;898,2;;13,4;12,6;13,4;13,1;12,6;12,4;95;95;95;56;1,7;,6;
2025/06/10;0400 UTC;,2;897,9;898,2;897,9;;13,9;13,1;13,9;13,4;13,2;12,6;95;95;95;180;1,8;1;
2025/06/10;0500 UTC;0;897,6;898;897,6;;13,9;13,2;14;13,8;13,2;13;95;95;95;222;2,4;,4;
2025/06/10;0600 UTC;0;897,4;897,6;897,4;;14,1;13,3;14,1;13,9;13,4;13,2;95;95;95;57;1,7;,3;
2025/06/10;0700 UTC;0;897,4;897,5;897,3;;14,3;13,5;14,4;14,1;13,6;13,3;95;95;95;354;2,4;1;
2025/06/10;0800 UTC;0;897,5;897,6;897,3;,2;14,3;13,6;14,4;14,3;13,6;13,5;95;95;95;276;2,4;,6;
2025/06/10;0900 UTC;0;898;898;897,5;;14,4;13,6;14,4;14,3;13,6;13,5;95;95;95;204;3,3;1,9;
2025/06/10;1000 UTC;0;899;899;898;22,3;13,8;13;14,4;13,7;13,7;12,9;95;95;95;206;4;2;
2025/06/10;1100 UTC;0;899,5;899,5;899;256,5;14,1;13,4;14,2;13,7;13,5;13;96;95;96;248;4,5;2,6;
2025/06/10;1200 UTC;0;900,2;900,2;899,5;654,8;14,3;13,6;14,4;14;13,6;13,3;96;95;96;224;6,1;3;
2025/06/10;1300 UTC;0;900,3;900,3;900,2;1460,5;15,1;12,7;15,6;14,2;14,6;12,7;96;86;86;222;5,5;2,8;
2025/06/10;1400 UTC;0;900;900,4;900;1963,7;15,6;12,7;15,8;15;13,2;12,5;87;83;83;226;6,1;3;
2025/06/10;1500 UTC;0;899,7;900;899,6;3089;15,8;12,2;16,6;15,6;13,1;12,2;84;78;79;221;8;4,5;
2025/06/10;1600 UTC;0;899,2;899,7;899,1;1840,3;15,3;12,2;16,1;15,1;12,6;11,5;82;78;81;200;8,5;3,8;
2025/06/10;1700 UTC;0;899;899,2;898,8;1303;14,9;12,4;16;14,9;12,6;11,3;85;74;85;223;10;5,1;
2025/06/10;1800 UTC;0;899,2;899,2;898,8;1384,7;13,5;11,8;15,5;13,5;12,8;11,6;89;82;89;228;9,2;4,7;
2025/06/10;1900 UTC;0;899,7;899,7;899,2;1068,9;13,3;11,1;14;13,3;12,2;11,1;89;85;87;225;9,7;3,8;
2025/06/10;2000 UTC;,2;900,3;900,3;899,7;177,5;12,6;10,8;13,3;12,6;11,1;10,8;89;86;89;226;7,8;3,3;
2025/06/10;2100 UTC;0;900,3;900,5;900,3;3,7;12,5;10,9;12,7;12,3;11,1;10,6;90;88;90;227;6,2;2,5;
2025/06/10;2200 UTC;,2;900,5;900,6;900,3;;12,7;11,2;12,8;12,5;11,2;10,9;91;89;90;203;6,8;3,4;
2025/06/10;2300 UTC;0;900,8;900,9;900,5;;12;10,1;12,8;12;11,2;10,1;91;88;88;227;8,7;3,6;
2025/06/11;0000 UTC;0;900,9;900,9;900,8;;11,9;9,9;12;11,8;10,1;9,9;89;87;88;225;7;2,9;
2025/06/11;0100 UTC;,2;900,9;901,1;900,9;;11,9;9,5;12;11,7;10,2;9,4;89;85;86;198;6,4;3,5;
2025/06/11;0200 UTC;0;900,8;900,9;900,8;;11,9;9,9;11,9;11,5;9,9;9,4;88;85;88;216;6,4;3,3;
2025/06/11;0300 UTC;0;900,7;900,9;900,6;;11,8;10,2;11,9;11,7;10,2;9,8;90;88;90;203;6,2;3,1;
2025/06/11;0400 UTC;0;900,4;900,7;900,4;;11,8;10,9;11,8;11,7;10,9;10,2;95;90;95;225;5,6;2,5;
2025/06/11;0500 UTC;0;899,9;900,4;899,9;;12;10,6;12;11,8;11,1;10,6;95;91;91;216;4,8;1,3;
2025/06/11;0600 UTC;0;899,4;899,9;899,3;;11,9;10,3;12,1;11,9;10,7;10,2;91;90;90;243;3,9;2,2;
2025/06/11;0700 UTC;0;899,2;899,4;899,2;;11,7;10,1;11,9;11,7;10,4;10,1;90;90;90;250;5;2,3;
2025/06/11;0800 UTC;0;899,1;899,2;899,1;;11,4;9,9;11,7;11,3;10,2;9,9;91;90;91;251;4,8;2,3;
2025/06/11;0900 UTC;0;899,4;899,4;899;;11,3;9,7;11,5;11,3;10,1;9,6;92;90;90;211;5,9;3,3;
2025/06/11;1000 UTC;0;900,2;900,2;899,4;32,5;11,2;9,3;11,4;11,1;9,7;9,2;90;88;89;213;5,6;2,1;
2025/06/11;1100 UTC;0;900,7;900,7;900,2;306;11,8;9,5;12;11,1;9,8;9,2;89;85;86;203;4,5;2,3;
2025/06/11;1200 UTC;0;901,4;901,4;900,7;741,6;13,2;8,9;13,2;11,8;9,9;8,8;86;75;75;211;5,1;2,8;
2025/06/11;1300 UTC;0;901,6;901,7;901,3;1393,8;14,1;9,2;14,1;13,2;9,4;8,3;76;70;72;222;7,1;3,5;
2025/06/11;1400 UTC;0;901,4;901,7;901,4;1469,2;13,7;10,1;14,5;13,5;10,1;8,7;79;70;79;224;6,8;4;
2025/06/11;1500 UTC;0;900,9;901,4;900,9;1746;14,4;9,5;14,7;13,6;10,2;9,2;79;70;72;220;8,9;5;
2025/06/11;1600 UTC;0;900,3;901,1;900,3;1785;14,4;8,5;14,9;13,4;9,8;8,1;77;66;68;207;10;4,8;
2025/06/11;1700 UTC;0;900,2;900,4;900,1;1490,7;14,7;8,2;15,1;13,9;9,5;8,1;74;65;65;222;10;4,1;
2025/06/11;1800 UTC;0;900,5;900,5;900,1;1677,3;13,4;10;15;13,3;10,8;8,4;82;65;80;213;8,9;4,6;
2025/06/11;1900 UTC;,2;900,4;900,6;900,3;1244,9;12,7;10,3;14,3;12,6;10,6;8,7;86;69;86;225;8,2;3,3;
2025/06/11;2000 UTC;1,6;901,2;901,2;900,3;129,4;11,2;10;12,7;11,2;10,5;10;92;85;92;219;13,1;3,6;
2025/06/11;2100 UTC;2,6;901,4;901,4;900,8;,3;11,3;9,3;11,7;10,8;10,5;9;93;87;87;243;10,7;4,3;
2025/06/11;2200 UTC;,2;901,9;901,9;901,3;;10,6;8,1;11,4;10,4;9,2;7,9;88;83;85;224;10,1;3,6;
2025/06/11;2300 UTC;0;902,1;902,1;901,9;;10,4;8,2;10,7;10,4;8,2;7,9;86;84;86;209;10;4,3;
2025/06/12;0000 UTC;,8;902,2;902,2;902;;10,6;8,8;10,8;10,2;9,1;8,2;90;86;89;216;9,4;3,7;
2025/06/12;0100 UTC;,8;902,7;902,7;902,2;;10,2;7,4;10,9;10;8,8;7,3;89;82;83;198;11,7;4,6;
2025/06/12;0200 UTC;0;902,8;902,8;902,5;;9,8;6,6;10,3;9,8;7,7;6,6;85;79;81;238;9,9;2,3;
2025/06/12;0300 UTC;,2;902,5;902,8;902,5;;9,2;6,3;9,8;8,8;6,7;6;84;79;82;248;7,3;2,4;
2025/06/12;0400 UTC;0;902;902,6;902;;8,9;5,3;9,2;8,8;6,3;5,3;83;78;79;235;7,6;3,3;
2025/06/12;0500 UTC;0;901,6;902;901,6;;8,8;5,9;8,9;8,4;6,1;4,9;83;77;82;221;7,1;3,1;
2025/06/12;0600 UTC;0;901,3;901,7;901,3;;9,1;5,6;9,1;8,7;6;5,1;83;76;79;206;9,1;5,1;
2025/06/12;0700 UTC;0;901;901,3;901;;8,6;6,3;9,2;8,6;6,3;5,6;85;78;85;205;9,1;4;
2025/06/12;0800 UTC;0;901;901,1;900,9;;9,5;7,7;9,5;8,4;7,7;6,3;89;85;89;209;7,4;4,1;
2025/06/12;0900 UTC;0;901,7;901,7;901;;9,4;7,7;9,5;9,3;7,8;7,6;90;89;89;225;7,4;3,1;
2025/06/12;1000 UTC;,2;902,2;902,2;901,7;44,4;10;8,3;10;9,3;8,3;7,7;91;89;89;226;6,8;3,6;
2025/06/12;1100 UTC;,2;902,8;902,8;902,2;358,8;10,3;8,6;10,4;9,8;8,7;8,2;90;89;89;238;7,1;2,8;
2025/06/12;1200 UTC;,6;903,6;903,6;902,8;842,1;10,6;8,7;11;10,3;9,2;8,5;90;87;88;225;7,2;3,9;
2025/06/12;1300 UTC;,6;904;904;903,6;793,1;10,5;8,7;10,9;10,4;9;8,6;89;87;89;237;7,2;2,9;
2025/06/12;1400 UTC;1;903,8;904;903,8;1086,3;10,9;8,9;11,2;10,5;9,2;8,6;89;86;88;222;6,5;3,1;
2025/06/12;1500 UTC;,2;903,2;903,8;903,2;1310,5;11,7;9;11,8;10,7;9,5;8,4;88;83;84;233;6,7;2,4;
2025/06/12;1600 UTC;0;902,6;903,2;902,5;1704,8;10,9;7,9;12,5;10,9;9,8;7,8;85;78;82;231;7,5;3,8;
2025/06/12;1700 UTC;2;902,5;902,6;902,4;870,9;10,5;8,4;10,9;9,9;8,7;7,6;89;82;87;248;9,1;2,5;
2025/06/12;1800 UTC;0;902,3;902,6;902,2;1096,8;11,3;7,7;11,7;10,5;9,2;7,7;87;78;78;221;5,4;3,2;
2025/06/12;1900 UTC;0;902,5;902,6;902,3;508,5;10,6;7,9;11,3;10,4;8,5;7,5;85;78;83;236;5,8;2,1;
2025/06/12;2000 UTC;0;902,7;902,8;902,3;171,3;10,1;8,1;10,7;10,1;8,1;7,8;87;83;87;228;4,9;1,6;
2025/06/12;2100 UTC;0;902,9;902,9;902,7;5;9,8;8;10,2;9,8;8,1;7,9;89;87;88;235;3,9;2,4;
2025/06/12;2200 UTC;,2;903,2;903,2;902,8;;10,1;7,6;10,1;9,7;8;7,6;89;84;84;267;6,1;2,8;
2025/06/12;2300 UTC;0;903,8;903,8;903,2;;10,4;7,6;10,4;9,8;7,7;7,4;86;83;83;277;5,6;2,4;
2025/06/13;0000 UTC;0;904;904;903,8;;9,7;8;10,5;9,6;8;7,3;89;83;89;231;4,3;1,1;
2025/06/13;0100 UTC;0;904,4;904,4;904;;9,3;7,5;9,9;9,3;8,2;7,5;90;87;88;278;3,6;,6;
2025/06/13;0200 UTC;,2;904,4;904,5;904,3;;8,6;7,3;9,3;8,3;7,5;6,9;92;88;92;274;2,5;,9;
2025/06/13;0300 UTC;0;904,1;904,4;904,1;;8,3;7,5;8,6;8,2;7,7;7;95;92;95;243;2,1;1;
2025/06/13;0400 UTC;0;904,2;904,2;904;;7,8;7,1;8,3;7,5;7,5;6,7;95;94;95;284;2;,4;
2025/06/13;0500 UTC;0;904,1;904,3;904,1;;8;7,3;8;7,7;7,3;7;96;95;96;244;2,8;,9;
2025/06/13;0600 UTC;0;904;904,1;903,9;;8,1;7,4;8,2;8;7,5;7,3;96;95;95;17;2,8;,4;
2025/06/13;0700 UTC;0;904,1;904,1;903,9;;8;7,3;8,1;7,9;7,4;7,3;96;95;96;249;2,5;1,2;
2025/06/13;0800 UTC;0;904,3;904,3;904;;7;6,4;8;6,7;7,3;6,1;96;96;96;4;2,5;,9;
2025/06/13;0900 UTC;,2;904,9;904,9;904,3;;6,3;5,8;7,1;6,3;6,5;5,7;96;96;96;249;2,3;1,1;
2025/06/13;1000 UTC;0;905,3;905,3;904,9;30,3;5,4;4,9;6,3;5;5,7;4,6;97;96;97;260;2,1;,5;
2025/06/13;1100 UTC;0;905,6;905,6;905,3;651,6;7,8;7,2;7,8;5,4;7,2;4,9;97;96;96;113;3,2;1,3;
2025/06/13;1200 UTC;0;906,3;906,3;905,6;1401;11,4;8,6;11,4;7,6;9,1;7;96;81;83;99;3,2;1;
2025/06/13;1300 UTC;0;906,3;906,4;906,2;2108,1;14,4;6,6;14,7;11,4;9,5;6,6;84;59;59;40;3,4;1,7;
2025/06/13;1400 UTC;0;906,3;906,4;906,3;1273,3;13,9;6,6;14,5;13,2;8,5;6;69;59;61;99;3,9;2;
2025/06/13;1500 UTC;0;905,6;906,3;905,6;1545,8;15,2;7,9;15,5;13,8;8,1;6;66;57;62;64;4,1;1,8;
2025/06/13;1600 UTC;0;905;905,7;905;2284,4;16,2;6,8;16,9;14,1;8,8;6,2;66;51;54;35;5,1;2,2;
2025/06/13;1700 UTC;0;904,6;905;904,6;2352,8;15,9;6,9;16,8;14,9;7,8;4,8;57;47;55;52;6,5;2,3;
2025/06/13;1800 UTC;0;904,4;904,6;904,4;676,4;14,8;7;15,9;14,2;8,8;6,8;70;55;59;59;4,8;2;
2025/06/13;1900 UTC;0;904,6;904,6;904,4;692,3;14,4;8,4;15,7;14,1;8,4;6;67;56;67;77;4,7;1,1;
2025/06/13;2000 UTC;0;905,1;905,1;904,5;139,6;11,4;8,4;14,4;11,4;8,4;6,7;82;61;82;24;4,2;,9;
2025/06/13;2100 UTC;0;905,5;905,5;905,1;2,5;10,4;8,2;11,4;9,9;8,6;8,1;89;82;86;6;2,6;1,2;
2025/06/13;2200 UTC;0;905,8;905,8;905,5;;9;7,4;10,4;8,9;8,1;7,2;90;86;90;342;2,6;,8;
2025/06/13;2300 UTC;0;906,1;906,1;905,8;;8,2;6,9;9,3;8;7,8;6,5;91;89;91;28;2,8;,5;
2025/06/14;0000 UTC;0;906,5;906,5;906,1;;8,1;7,4;8,5;7,4;7,7;6,2;95;91;95;333;2,7;,9;
2025/06/14;0100 UTC;0;906,3;906,5;906,1;;7,5;6,8;8,2;6,7;7,5;5,6;95;92;95;353;2,7;,7;
2025/06/14;0200 UTC;0;906,4;906,5;906,3;;6,3;5,7;7,6;6,1;6,9;5,5;96;94;96;308;1,6;,5;
2025/06/14;0300 UTC;0;906,5;906,5;906,3;;5,6;5,1;6,5;5,2;5,9;4,7;96;96;96;267;1,5;,4;
2025/06/14;0400 UTC;0;906,5;906,6;906,4;;5,3;4,8;6;4,7;5,4;4,2;97;96;97;6;,9;,2;
2025/06/14;0500 UTC;,2;906,2;906,5;906,2;;4,1;3,7;5,3;4,1;4,7;3,7;97;97;97;70;1;,5;
2025/06/14;0600 UTC;0;906;906,2;906;;3,9;3,5;4,3;3,8;3,9;3,4;97;97;97;258;1,1;,5;
2025/06/14;0700 UTC;0;906;906;905,9;;3,8;3,4;4,2;3,6;3,8;3,2;97;97;97;324;1,1;,2;
2025/06/14;0800 UTC;0;906;906;905,8;;3,3;2,9;3,9;3,2;3,6;2,9;98;97;98;322;1;,5;
2025/06/14;0900 UTC;0;906,6;906,6;905,9;;2,8;2,5;3,3;2,5;3;2,2;98;98;98;269;1;,3;
2025/06/14;1000 UTC;0;906,8;906,9;906,6;39,5;2,4;2,2;3;2,1;2,7;1,8;98;98;98;97;1,3;,4;
2025/06/14;1100 UTC;0;907,4;907,4;906,8;661;8,2;7,7;8,3;2,4;7,7;2,2;98;96;96;75;3,1;1;
2025/06/14;1200 UTC;0;907,5;907,7;907,4;1396;12,3;5;12,5;8,2;9,8;5;96;61;61;26;6,7;2,6;
2025/06/14;1300 UTC;0;907,5;907,6;907,4;1938,6;14,4;5,4;14,4;12,3;6,2;4;63;51;55;69;6,4;2,6;
2025/06/14;1400 UTC;0;907,1;907,6;907;2452,9;14,6;4,4;15,2;13,9;5,5;2,8;54;46;50;45;8,3;3,8;
2025/06/14;1500 UTC;,2;906,2;907,2;906,2;2537,5;15,4;5,3;15,7;14,5;5,5;3,8;52;46;51;65;9,7;3,5;
2025/06/14;1600 UTC;0;905,5;906,2;905,5;2582;15,8;2,8;16,3;15;5,6;2,8;52;41;42;47;8,5;3;
2025/06/14;1700 UTC;0;904,8;905,5;904,7;2301,6;15,2;3,5;16,3;15;4,5;2,2;47;40;46;49;9,5;3,1;
2025/06/14;1800 UTC;0;904,7;904,8;904,4;1826,4;14,8;4,3;15,8;14,8;4,9;3,2;50;44;49;47;8,5;3,9;
2025/06/14;1900 UTC;0;904,7;904,7;904,4;811,5;13,9;5,6;15;13,8;5,7;4,4;58;49;57;40;8,4;2,8;
2025/06/14;2000 UTC;0;904,8;904,9;904,5;241,4;13,5;6,3;14;13,3;6,5;5,5;63;57;62;42;8,2;2,9;
2025/06/14;2100 UTC;0;905,1;905,2;904,9;2,8;12,5;6,9;13,5;12,4;6,9;6,3;69;62;69;28;7;2,2;
2025/06/14;2200 UTC;0;905,2;905,3;904,9;;11,5;7,1;12,7;11,4;7,2;6,8;75;68;74;42;7,3;1,5;
2025/06/14;2300 UTC;0;905,5;905,5;905,2;;11,4;7,1;12;11,4;7,5;7;75;73;75;34;5,3;2,1;
2025/06/15;0000 UTC;0;905,6;905,6;905,3;;10,4;7,4;11,7;10,1;7,5;6,7;82;74;82;71;4,9;1,5;
2025/06/15;0100 UTC;0;905,7;905,7;905,5;;10,4;7,5;11,3;10;7,7;7;83;77;82;78;5,2;1,8;
2025/06/15;0200 UTC;0;905,5;905,7;905,5;;10,1;7,5;10,7;10;7,8;7,1;84;81;84;69;5,4;2;
2025/06/15;0300 UTC;0;905,2;905,6;905,2;;9,4;7,3;10,1;9,2;7,6;7,1;87;84;87;68;4,1;1,6;
2025/06/15;0400 UTC;0;905;905,2;904,9;;10,5;8,2;10,5;9,4;8,2;7,4;87;84;85;76;5,6;2,5;
2025/06/15;0500 UTC;0;904,2;905;904,2;;11,5;8,2;11,7;10,5;8,5;8;85;79;80;38;8,1;2,9;
2025/06/15;0600 UTC;0;903,7;904,2;903,7;;11,4;8,6;11,6;11,4;8,6;8,3;83;80;83;48;8;3;
2025/06/15;0700 UTC;0;903,5;903,7;903,5;;11,3;8,9;11,5;11,3;8,9;8,6;85;83;85;60;8,1;3;
2025/06/15;0800 UTC;0;903,8;903,9;903,5;;11,3;9,1;11,5;11,3;9,1;8,9;86;85;86;69;7,9;2,5;
2025/06/15;0900 UTC;0;903,9;904;903,6;;11,6;8,7;11,8;11,3;9,2;8,7;86;82;83;70;7,5;3;
2025/06/15;1000 UTC;0;904,2;904,2;903,8;51,7;11,7;7,7;11,9;11,4;8,7;7,7;83;76;76;66;8;3,1;
2025/06/15;1100 UTC;0;904,8;904,8;904,1;526,6;13;7,7;13;11,6;8,1;7,2;77;69;70;69;8,2;3,3;
2025/06/15;1200 UTC;0;905,2;905,2;904,8;1247,8;14,7;7,2;14,8;13;7,7;6,6;71;60;61;62;10,6;4,2;
2025/06/15;1300 UTC;0;905,6;905,7;905,2;1816,3;15,1;7,1;15,5;14,5;8;6,7;62;57;59;56;11,9;5,2;
2025/06/15;1400 UTC;0;905,2;905,7;905,2;1994,9;15,9;7;16,3;14,8;7,8;6,7;60;55;56;61;13;5,5;
2025/06/15;1500 UTC;0;904,3;905,2;904,3;2464,9;17,6;7;17,6;15,8;7,6;6,4;57;48;50;70;13;4,4;
2025/06/15;1600 UTC;0;903,5;904,3;903,4;2101,6;17,6;7;18;17;7,2;5,4;51;46;50;64;10,4;3,5;
2025/06/15;1700 UTC;0;903;903,5;902,8;1997,7;17,8;6,7;18,5;17,2;7,7;5,9;51;45;48;61;9,5;4;
2025/06/15;1800 UTC;0;903,2;903,2;902,9;1297,2;17,4;8,4;18;17,1;8,4;6,5;56;47;55;69;8,6;2,7;
2025/06/15;1900 UTC;0;903,2;903,4;903,2;1017;16,3;8,4;17,6;16,1;8,8;7,3;59;52;59;38;6,6;2,4;
2025/06/15;2000 UTC;0;903,3;903,4;903,2;253,9;14,2;8,7;16,3;14,1;8,7;7,7;70;57;69;71;6,2;2,2;
2025/06/15;2100 UTC;0;904,1;904,1;903,3;3,1;11,3;8,6;14,2;11,3;8,9;8,3;84;69;84;338;5,8;1,5;
2025/06/15;2200 UTC;0;903,8;904,2;903,7;;10,7;8;12,3;10,2;9,3;7,5;86;79;84;356;4;2,1;
2025/06/15;2300 UTC;0;903,6;903,8;903,3;;10;7,1;10,9;9,4;8,2;6,7;87;81;82;23;4,4;1,6;
2025/06/16;0000 UTC;0;904,1;904,1;903,6;;8,7;6,5;10,3;8,4;7,6;5,8;87;81;86;6;4,1;2,1;
2025/06/16;0100 UTC;0;903,9;904,3;903,9;;10,1;7,6;10,3;7,8;8,1;5,9;90;84;84;6;5,7;3,1;
2025/06/16;0200 UTC;0;904,2;904,2;903,9;;8,7;6,7;10,1;7,9;7,6;5,7;90;82;87;2;5,7;1,9;
2025/06/16;0300 UTC;0;904,3;904,3;904,1;;7,9;6,3;9,3;7,9;7,5;6,3;90;86;89;353;3,4;1,7;
2025/06/16;0400 UTC;0;904,1;904,3;904;;8,4;6,4;9,4;7,8;7,5;6,1;91;85;87;341;3,9;1,4;
2025/06/16;0500 UTC;0;903,9;904,1;903,9;;8,6;6,7;9,3;7,9;7,1;5,9;89;84;88;4;3,8;1,7;
2025/06/16;0600 UTC;0;903,6;904;903,6;;8,3;6,5;9,3;8;7,2;6;89;85;89;356;3,7;,8;
2025/06/16;0700 UTC;0;903,7;903,7;903,5;;7,6;6,3;8,4;7,4;6,7;5,9;91;88;91;119;2,2;,5;
2025/06/16;0800 UTC;0;903,8;903,8;903,6;;6,7;5,5;7,8;6,7;6,5;5,5;92;91;92;21;2,3;,3;
2025/06/16;0900 UTC;0;904,3;904,3;903,8;;6,2;5,5;7,3;6,2;6,6;5,4;96;92;95;314;2,4;,4;
2025/06/16;1000 UTC;,2;904,9;904,9;904,3;32,2;5,6;5;6,4;5,5;5,8;4,8;96;94;96;77;1,4;,5;
2025/06/16;1100 UTC;0;905,4;905,4;904,9;626,5;10,3;8,4;10,3;5,6;9,2;5;96;87;88;110;1,1;,7;
2025/06/16;1200 UTC;0;905,8;905,8;905,4;1345,4;14,5;10,1;14,5;10,3;10,2;7,9;88;74;75;107;1,7;,7;
2025/06/16;1300 UTC;0;905,8;905,9;905,7;1962,8;17,4;9,9;17,6;14,5;10,6;9,6;75;61;61;121;2,9;1,1;
2025/06/16;1400 UTC;0;905,5;905,8;905,5;2375;20,7;8,8;20,7;17,3;11,3;8,8;63;46;46;76;2,5;,8;
2025/06/16;1500 UTC;0;905,1;905,5;905,1;2591;20,3;6,4;20,8;19,8;9;5,8;48;39;41;234;5,2;2,6;
2025/06/16;1600 UTC;0;904,5;905,1;904,5;2553,2;20,2;5,7;20,8;20,2;7;4,7;42;36;39;240;5,3;2,9;
2025/06/16;1700 UTC;0;904,4;904,5;904,3;2273,8;20,4;6,4;20,8;20,1;7,3;4,4;43;35;40;248;5,2;2,4;
2025/06/16;1800 UTC;0;904,3;904,4;904,2;1780;19,5;6,7;20,4;19,4;7,8;5,5;45;38;43;247;5,8;3,2;
2025/06/16;1900 UTC;0;904,2;904,3;904,2;1103,2;18,5;6;19,5;18,3;7,4;5,5;49;40;44;283;5,8;2,4;
2025/06/16;2000 UTC;0;904,5;904,5;904,2;189,1;13,8;9,5;18,6;13,8;9,6;6,6;75;44;75;290;4;,7;
2025/06/16;2100 UTC;0;904,9;904,9;904,5;2,7;12,6;9,2;13,8;11,5;9,7;8,9;85;75;80;300;2,5;1,4;
2025/06/16;2200 UTC;0;905,4;905,4;904,9;;10,4;8,7;12,6;10,1;9;8;89;79;89;266;2,3;,5;
2025/06/16;2300 UTC;0;905,7;905,7;905,4;;8,9;7,3;10,8;8,9;9,2;7,3;90;88;90;8;1,5;,5;
2025/06/17;0000 UTC;0;905,8;905,9;905,7;;8,3;7,2;9,1;8,3;7,9;7,2;93;90;92;279;1,3;,2;
2025/06/17;0100 UTC;0;906,1;906,1;905,8;;7,9;7,2;8,5;7,6;7,7;6,9;95;92;95;17;,8;,2;
2025/06/17;0200 UTC;0;906,1;906,2;906;;7,5;6,8;7,9;7,4;7,2;6,7;96;95;96;343;,8;,2;
2025/06/17;0300 UTC;0;905,9;906,1;905,9;;6,6;6,1;7,7;6,6;7;6,1;96;96;96;67;1;,3;
2025/06/17;0400 UTC;0;905,7;905,9;905,7;;6,9;6,4;7,3;6,6;6,7;6;96;96;96;130;1;,5;
2025/06/17;0500 UTC;0;905,4;905,7;905,4;;6,8;6,2;7,3;6,5;6,7;6;96;96;96;134;1;,3;
2025/06/17;0600 UTC;0;905,2;905,4;905,1;;6,5;5,9;6,8;6,2;6,2;5,7;97;96;97;162;,9;,3;
2025/06/17;0700 UTC;,2;904,9;905,2;904,9;;6,4;5,9;6,7;6,1;6,1;5,6;97;97;97;138;1,4;,4;
2025/06/17;0800 UTC;0;904,7;905;904,7;;6,6;6;6,8;5,9;6,3;5,4;97;97;97;180;1,1;,2;
2025/06/17;0900 UTC;0;904,6;904,7;904,5;;6;5,5;7;5,6;6,5;5,2;97;97;97;50;1,4;,3;
2025/06/17;1000 UTC;0;904,8;904,8;904,6;25,6;6,4;6;6,4;5,5;6;5;97;97;97;142;1,1;,5;
2025/06/17;1100 UTC;0;905,3;905,3;904,8;649,5;11,8;11,1;11,8;6,5;11,1;6,2;97;96;96;82;2;1;
2025/06/17;1200 UTC;0;905,9;905,9;905,3;1403;17;10,6;17,1;11,8;13,9;10,5;96;66;66;49;5,7;2,2;
2025/06/17;1300 UTC;0;906,2;906,2;905,9;2015,6;18,3;8,3;18,5;16,9;11,2;8;67;51;52;48;8,2;2,6;
2025/06/17;1400 UTC;0;905,8;906,2;905,8;2425,2;19,2;6,9;19,7;18,1;8,9;6,4;54;43;45;34;7,9;3,4;
2025/06/17;1500 UTC;0;905,4;905,8;905,4;2627,1;19,9;7,8;19,9;19;7,8;5,8;47;41;46;48;7,8;2,9;
2025/06/17;1600 UTC;0;905;905,5;904,9;2593,8;20,1;6,9;20,5;19,4;8,2;6;46;40;42;45;8;2,7;
2025/06/17;1700 UTC;0;904,5;905;904,5;2349,2;20;9,1;21,2;19,6;9,4;6,3;50;41;49;44;8;2,5;
2025/06/17;1800 UTC;0;904,1;904,5;904,1;1422,7;18,8;9,7;20,4;18,7;9,7;8,2;56;47;56;68;6,9;2,7;
2025/06/17;1900 UTC;0;903,9;904,1;903,8;789,2;18;10,7;19,3;18;10,9;9,2;63;54;62;57;6,4;2,5;
2025/06/17;2000 UTC;0;903,9;903,9;903,8;197,1;16,7;11,6;18;16,7;11,6;10,7;72;62;72;66;6,5;2,2;
2025/06/17;2100 UTC;0;904,4;904,4;903,9;3,5;16;12;16,8;15,9;12,1;11,6;78;72;77;27;6,4;2,5;
2025/06/17;2200 UTC;0;904,6;904,6;904,4;;15,3;12,4;16;14,8;12,4;11,5;83;77;82;50;6,1;1,7;
2025/06/17;2300 UTC;0;904,8;904,8;904,6;;15,5;12,3;15,7;14,5;12,5;11,7;85;81;82;73;5,2;1,9;
2025/06/18;0000 UTC;0;904,9;905;904,8;;15,7;12,2;15,9;15,5;12,4;12,2;82;79;80;48;4,8;2;
2025/06/18;0100 UTC;0;905,2;905,2;904,9;;15,7;12,3;15,8;15,6;12,5;12,3;82;80;80;66;7,3;2;
2025/06/18;0200 UTC;0;905,3;905,4;905;;14,3;11,9;15,7;14,3;12,4;11,8;86;80;86;73;4,8;1,5;
2025/06/18;0300 UTC;0;905,4;905,5;905,3;;14,7;12,3;14,7;14;12,4;11,7;87;85;86;74;4,9;1,9;
2025/06/18;0400 UTC;0;905,3;905,4;905,2;;14,8;12,4;14,9;14,6;12,4;12,1;86;85;85;67;5,6;1,7;
2025/06/18;0500 UTC;0;905;905,3;905;;15,1;12,2;15,1;14,7;12,5;12,2;86;83;83;60;6,6;2,6;
2025/06/18;0600 UTC;0;904,6;905;904,6;;14,9;12,2;15,1;14,7;12,3;12,2;85;83;84;71;6,8;2;
2025/06/18;0700 UTC;0;904,6;904,7;904,6;;14,4;12,2;15;14,4;12,3;12,1;86;84;86;72;6,1;2,6;
2025/06/18;0800 UTC;0;904,6;904,6;904,4;;14,4;12,1;14,5;14,3;12,3;12,1;87;86;86;73;5,8;2,1;
2025/06/18;0900 UTC;0;904,6;904,7;904,6;;14,1;11,8;14,4;14;12,2;11,7;87;86;86;76;5,1;2;
2025/06/18;1000 UTC;0;905,2;905,2;904,6;30,5;14,3;11,9;14,4;14;12;11,7;87;86;86;81;5,3;2,8;
2025/06/18;1100 UTC;0;905,6;905,6;905,2;242,6;14,7;12,1;14,7;14,2;12,1;11,9;86;85;85;85;6,8;3,6;
2025/06/18;1200 UTC;0;905,9;905,9;905,5;678,6;15,8;11,8;15,8;14,7;12,5;11,8;85;77;77;66;7,1;2,6;
2025/06/18;1300 UTC;0;905,9;906;905,8;996,3;16,3;11,8;16,6;15,7;12,2;11,5;77;73;75;68;8,2;3,5;
2025/06/18;1400 UTC;0;905,3;905,9;905,3;1252,4;17,3;11,7;17,5;16,3;12,1;11,1;75;67;69;65;10,2;3,9;
2025/06/18;1500 UTC;0;904,6;905,3;904,6;2572,6;18,8;11,5;19,2;17,3;12,5;10,8;70;61;62;63;11,1;4,5;
2025/06/18;1600 UTC;0;903,8;904,6;903,8;1996,4;19;11,3;19,5;18,1;12,2;10,7;65;60;61;46;10,1;4,1;
2025/06/18;1700 UTC;0;903,1;903,8;903,1;2269,3;19,6;11,2;19,7;18,6;11,7;10,7;62;58;59;56;9,1;3,5;
2025/06/18;1800 UTC;0;903;903,1;902,9;1617,1;18,2;10,5;20;18,2;11,6;10,2;61;57;61;67;9;3,6;
2025/06/18;1900 UTC;0;903;903,1;902,9;431,4;17,7;11,7;18,2;17,6;11,7;10,5;68;61;68;67;9,6;3,2;
2025/06/18;2000 UTC;0;903,2;903,3;903;114,9;17,1;11,9;17,7;17,1;11,9;11,6;71;68;71;62;9,1;2,8;
2025/06/18;2100 UTC;0;903,5;903,5;903,1;2,6;16,2;11,9;17,1;15,9;12;11,6;76;71;76;45;6,8;2,3;
2025/06/18;2200 UTC;0;903,7;903,7;903,4;;15,7;12,1;16,2;15,7;12,2;11,8;79;76;79;48;6,6;1,9;
2025/06/18;2300 UTC;0;904;904,1;903,6;;16,2;12,5;16,3;15,7;12,5;12,1;80;78;78;63;7,2;2,2;
2025/06/19;0000 UTC;0;904,2;904,2;903,8;;16,3;12,5;16,4;16;12,5;12,4;79;78;78;63;7,1;2,5;
2025/06/19;0100 UTC;0;904,3;904,5;904,2;;15,9;12,6;16,3;15,8;12,6;12,5;81;78;81;69;6,6;2,2;
2025/06/19;0200 UTC;0;904,1;904,4;904,1;;16;12,8;16;15,8;12,9;12,6;82;81;82;46;6,1;2,4;
2025/06/19;0300 UTC;0;903,8;904,1;903,8;;15,6;13;16;15,6;13;12,8;84;82;84;71;6,9;2,7;
2025/06/19;0400 UTC;0;904;904;903,7;;15,7;13;15,9;15,6;13,1;13;85;83;84;50;6,3;1,5;
2025/06/19;0500 UTC;0;903,8;904;903,8;;15,7;12,8;16;15,6;13;12,8;84;82;83;83;6,6;2,5;
2025/06/19;0600 UTC;0;903,6;903,8;903,6;0;15,6;13;15,8;15,6;13;12,8;84;83;84;72;5,9;2;
2025/06/19;0700 UTC;0;903,5;903,7;903,4;;15,7;12,9;15,7;15,5;13;12,8;85;83;83;79;5,2;2,2;
2025/06/19;0800 UTC;0;903,4;903,5;903,3;;15,6;12,7;15,8;15,6;12,9;12,6;83;82;83;76;5,1;2,5;
2025/06/19;0900 UTC;0;903,8;903,8;903,4;;15,7;12,9;15,7;15,4;12,9;12,7;84;83;83;83;5,1;2,3;
2025/06/19;1000 UTC;0;904,1;904,1;903,8;10;15,4;12,8;15,7;15,3;12,9;12,8;85;83;85;71;5,5;1,6;
2025/06/19;1100 UTC;0;904,7;904,7;904,1;136;15,7;12,9;15,7;15,3;12,9;12,7;86;83;83;74;5,4;1,6;
2025/06/19;1200 UTC;0;905,4;905,4;904,7;500,1;15,9;12,7;16,1;15,7;12,9;12,5;83;80;81;81;5,7;2,5;
2025/06/19;1300 UTC;0;905,9;905,9;905,4;431,6;16,4;12,5;16,5;15,9;12,9;12,5;82;78;78;68;6,3;2;
2025/06/19;1400 UTC;0;905,4;905,9;905,4;927,4;17,1;12,8;17,7;16,3;13,2;12,4;79;73;76;82;6,1;2,8;
2025/06/19;1500 UTC;0;904,7;905,5;904,7;1229,2;19,1;13,1;19,1;17;13,4;12,2;76;66;68;79;6,1;2,8;
2025/06/19;1600 UTC;0;903,4;904,7;903,4;2425,6;20;12,1;20,2;18,6;13,3;11,7;68;60;61;68;7,2;3;
2025/06/19;1700 UTC;0;903;903,5;903;2259,3;20,3;12,5;20,7;19,5;13;11,5;63;58;61;70;6,3;2,5;
2025/06/19;1800 UTC;0;902,9;903;902,8;1359,6;18,8;12;20,8;18,7;13,1;11,6;65;58;65;58;6,2;1,2;
2025/06/19;1900 UTC;0;902,9;902,9;902,8;423,1;17,6;12,2;20;17,1;13,3;11,9;74;63;71;21;3,5;,8;
2025/06/19;2000 UTC;0;903,4;903,4;902,9;94,4;15,4;12;17,6;15;12,9;12;84;71;80;326;3,1;2,1;
2025/06/19;2100 UTC;0;903,5;903,5;903,3;3,2;13,7;10,8;15,5;13,5;11,9;10,8;84;78;83;319;3,9;1,8;
2025/06/19;2200 UTC;0;903,8;903,8;903,5;;11,8;10;13,7;11,8;11;10;89;82;89;360;3,1;,4;
2025/06/19;2300 UTC;0;904,4;904,4;903,8;;10,7;9,4;12;10,7;10,3;9,4;91;89;91;274;1,5;,5;
2025/06/20;0000 UTC;0;904,8;904,8;904,4;;9,8;8,9;10,8;9,7;9,6;8,7;95;91;94;333;1,1;,5;
2025/06/20;0100 UTC;0;904,6;904,8;904,6;;9;8,2;10;9;9,2;8,2;95;94;95;132;,9;,4;
2025/06/20;0200 UTC;0;904,6;904,7;904,5;;8,4;7,7;9,2;8,4;8,5;7,7;95;95;95;288;,9;,2;
2025/06/20;0300 UTC;0;904,2;904,6;904,2;;8,1;7,4;8,4;7,7;7,7;7;96;95;96;246;,8;,2;
2025/06/20;0400 UTC;0;904;904,2;904;;7,7;7,1;8,1;7,6;7,4;7;96;96;96;292;,8;,2;
2025/06/20;0500 UTC;,2;903,8;904,1;903,7;;7,1;6,6;7,7;7,1;7,1;6,5;96;96;96;184;1,1;,4;
2025/06/20;0600 UTC;0;903,6;903,8;903,6;;7,1;6,6;7,4;7;6,8;6,5;96;96;96;335;1,1;,4;
2025/06/20;0700 UTC;0;903,4;903,6;903,4;;6,5;6;7,1;6,5;6,6;6;97;96;97;236;,8;,3;
2025/06/20;0800 UTC;0;903;903,4;903;;6,1;5,7;6,5;6;6;5,6;97;97;97;260;,6;,1;
2025/06/20;0900 UTC;0;903,2;903,2;902,9;;5,9;5,4;6,2;5,6;5,7;5,2;97;97;97;335;,7;,3;
2025/06/20;1000 UTC;0;903,5;903,5;903,2;21,3;6,5;6;6,5;5,7;6;5,3;97;97;97;333;,9;,3;
2025/06/20;1100 UTC;0;903,7;903,8;903,5;231,6;9;8,4;9;6,5;8,4;6,1;97;96;96;120;,9;,3;
2025/06/20;1200 UTC;0;903,7;903,8;903,7;653,7;12,1;11,4;12,1;9;11,4;8,4;96;96;96;222;1;,4;
2025/06/20;1300 UTC;0;903,7;903,9;903,6;1778,6;18;13,4;18,2;12,1;16;11,7;96;74;74;45;3,4;1,8;
2025/06/20;1400 UTC;0;903;903,7;903;2058,4;19,5;12,3;19,7;17,2;13,7;11,3;75;60;63;47;4,8;2,2;
2025/06/20;1500 UTC;0;902;903;902;2609,5;19,9;9,3;20,6;19,3;12,8;9,1;64;51;51;82;5,3;2,9;
2025/06/20;1600 UTC;0;900,9;902;900,9;1902,9;19,8;9,2;20,9;19,4;10,5;8,1;54;45;50;73;6,4;2,5;
2025/06/20;1700 UTC;0;900,2;900,9;900,2;1968,2;19,5;9,9;21;19,2;10,6;8,6;55;46;54;81;6,4;2,1;
2025/06/20;1800 UTC;0;899,8;900,2;899,8;1480;20;8,3;20,7;19,5;10,1;8,3;54;47;47;68;4,8;2,5;
2025/06/20;1900 UTC;0;899,7;899,8;899,6;633,8;17,4;9,8;20,1;17,2;10,2;8,2;63;47;61;34;4,8;1,3;
2025/06/20;2000 UTC;0;899,8;899,9;899,6;203,5;14,8;11;17,6;14,8;11,4;9,9;78;61;78;346;3,3;,9;
2025/06/20;2100 UTC;0;900,1;900,1;899,8;2,5;12,8;10,6;14,9;12,7;11,2;10;87;78;87;302;2,7;,6;
2025/06/20;2200 UTC;0;900,4;900,4;900,1;;11,4;9,8;12,8;11,4;10,8;9,8;90;86;90;316;1,4;,3;
2025/06/20;2300 UTC;0;900,6;900,6;900,3;;10,2;8,9;11,4;10,1;9,8;8,8;92;90;92;330;1,1;,4;
2025/06/21;0000 UTC;0;900,7;900,7;900,4;;9,5;8,6;10,2;9,2;9;8,2;94;92;94;318;1,1;,3;
2025/06/21;0100 UTC;0;900,8;900,8;900,6;;8,7;8;9,5;8,7;8,7;8;95;94;95;190;1,3;,3;
2025/06/21;0200 UTC;0;900,3;900,8;900,3;;9;8,2;9,3;8,5;8,5;7,8;95;95;95;345;,9;,4;
2025/06/21;0300 UTC;0;899,7;900,3;899,7;;9,4;8,7;9,5;9;8,7;8,2;95;95;95;170;,7;,2;
2025/06/21;0400 UTC;0;899,2;899,7;899,2;;10;9,3;10,1;9,4;9,3;8,7;95;95;95;102;1,1;,2;
2025/06/21;0500 UTC;0;898,7;899,2;898,7;;10,4;9,6;10,5;10;9,8;9,3;95;95;95;210;1,2;,5;
2025/06/21;0600 UTC;0;898,2;898,7;898,1;;10,7;10;10,7;9,8;10;9,1;95;95;95;42;2,8;1,4;
2025/06/21;0700 UTC;0;898,2;898,5;898,1;;10,9;9,6;11,7;10,1;10,6;8,5;95;89;92;8;4,4;2,6;
2025/06/21;0800 UTC;,2;898;898,2;897,9;;10,5;8,9;12;9,6;10,4;8;92;88;90;16;4,4;1,7;
2025/06/21;0900 UTC;0;898,4;898,4;898;;10,4;8,9;11,3;9,8;10,1;8,4;94;90;90;5;4,3;2,3;
2025/06/21;1000 UTC;0;898,9;898,9;898,4;29,8;9,7;8,6;10,4;9,4;8,9;8;93;90;93;170;4,3;,5;
2025/06/21;1100 UTC;0;899,2;899,2;898,9;596,2;15;11,7;15;9,7;11,8;8,8;94;80;81;41;4;1,6;
2025/06/21;1200 UTC;0;899,4;899,4;899,1;1313,8;17,7;11,9;17,8;15;12,4;11,1;81;68;69;85;7,4;3,7;
2025/06/21;1300 UTC;0;899,1;899,4;899,1;1921,2;19,6;11,1;19,7;17,6;12,3;11,1;69;58;58;87;7,7;4,3;
2025/06/21;1400 UTC;0;898,7;899,2;898,7;2341,8;21,5;10,1;21,8;19,6;11,4;9,4;58;47;48;71;7,4;2,7;
2025/06/21;1500 UTC;0;898;898,8;898;2530,4;22,4;10,8;22,5;21,3;11,1;8,9;51;43;48;54;7,1;2,2;
2025/06/21;1600 UTC;0;897,3;898;897,3;2322,2;22,9;8,4;23;21,3;11,2;7,6;50;39;40;316;7,1;2,2;
2025/06/21;1700 UTC;0;896,8;897,3;896,8;2318,7;22,7;7,9;23,4;22,2;10,6;7,3;45;36;39;20;5,7;1,5;
2025/06/21;1800 UTC;0;896,8;896,9;896,7;1859,4;21,1;10,3;23,2;21,1;10,8;7;51;36;50;247;4,6;2,4;
2025/06/21;1900 UTC;0;897;897;896,8;1006,8;19,8;13,3;21,2;19,3;13,5;10,5;67;50;66;226;4,7;1,2;
2025/06/21;2000 UTC;0;897,7;897,7;897;204,8;16,3;12,7;19,8;16,3;13,3;12,5;79;64;79;285;3;,6;
2025/06/21;2100 UTC;0;898,2;898,2;897,7;4,8;14,4;11,8;16,3;14,4;12,7;11,7;85;78;85;345;3;,5;
2025/06/21;2200 UTC;0;898,5;898,5;898,2;;12,9;11,1;14,4;12,9;12;11,1;90;85;89;294;1;,7;
2025/06/21;2300 UTC;0;898,7;898,7;898,5;;12,6;11,1;13,1;12,6;11,5;11,1;91;89;91;283;2;,4;
2025/06/22;0000 UTC;0;898,8;898,8;898,6;;11,9;11;12,7;11,8;11,2;10,5;94;91;94;14;2,1;1,3;
2025/06/22;0100 UTC;0;898,9;899;898,8;;12,3;11;13,3;11,8;12,4;10,8;95;92;92;357;3,2;1,1;
2025/06/22;0200 UTC;0;898,8;898,9;898,7;;12;11,1;12,5;11,6;11,6;10,6;94;92;94;32;2,6;,8;
2025/06/22;0300 UTC;0;898,5;898,8;898,5;;11,9;11;12,5;11,4;11,5;10,5;95;94;95;37;3;1,4;
2025/06/22;0400 UTC;,2;898,3;898,5;898,3;;13,1;12,3;13,2;11,5;12,3;10,7;95;95;95;5;4,3;2,5;
2025/06/22;0500 UTC;0;898;898,3;898;;11,8;10,9;13,2;11,3;12,3;10,1;95;90;95;26;4,3;1,8;
2025/06/22;0600 UTC;0;897,5;898;897,5;;11,6;10,8;11,9;11;11;10;95;94;95;37;2,9;1,8;
2025/06/22;0700 UTC;0;897,3;897,5;897,3;;12,6;11,7;12,8;11,4;12;10,6;95;94;94;22;5;2,4;
2025/06/22;0800 UTC;0;897,2;897,4;897,2;;12,1;11,3;12,6;11,5;11,5;10,4;95;92;95;29;3,7;2,3;
2025/06/22;0900 UTC;0;897,7;897,7;897,2;;12,8;11;13,5;12,2;12,3;10,9;95;88;89;26;4,1;2,3;
2025/06/22;1000 UTC;0;898,5;898,5;897,7;43;13,7;11,5;14,2;12,8;11,9;10,6;90;84;87;23;4,6;2,2;
2025/06/22;1100 UTC;,2;898,9;898,9;898,5;630,7;16,1;12,2;16,1;13,7;12,4;11,4;87;77;78;23;4,8;2,7;
2025/06/22;1200 UTC;0;899,3;899,3;898,9;1243,4;18,8;12,5;18,8;16,1;13,2;12,1;79;66;67;76;6,8;3,1;
2025/06/22;1300 UTC;0;899,3;899,4;899,2;1931,5;20,5;12,4;20,5;18,7;12,9;12,1;68;60;60;85;6,9;4,1;
2025/06/22;1400 UTC;0;899;899,4;899;1767,5;21,1;12,3;21,6;20,1;13,1;12;61;56;57;83;7,6;2,9;
2025/06/22;1500 UTC;0;898,3;899;898,3;2403,7;21,8;11,6;22,5;21,1;12,8;11,3;58;50;52;81;7,4;3,6;
2025/06/22;1600 UTC;0;897,3;898,3;897,3;2194,5;22,9;10,8;23,1;21,8;12,2;10,5;54;46;46;78;7,4;2,9;
2025/06/22;1700 UTC;0;896,9;897,3;896,8;1973,3;22,6;11;23,3;22,3;12,1;10,1;50;45;48;73;5,7;2,5;
2025/06/22;1800 UTC;0;896,8;896,9;896,6;1251,5;22,5;11,1;23;22;11,9;10,7;53;47;48;77;5,6;2,2;
2025/06/22;1900 UTC;0;897;897,1;896,7;817,5;20,5;11,4;22,7;20,5;12,4;10,4;58;47;56;32;5;1;
2025/06/22;2000 UTC;0;897,6;897,6;897;205,5;17,1;13,1;20,6;17,1;13,1;11,4;77;55;77;347;3;,7;
2025/06/22;2100 UTC;0;898;898;897,5;1,2;16,5;12,8;17,1;15,3;13,1;12,1;84;77;79;4;2,5;1,5;
2025/06/22;2200 UTC;0;898,2;898,2;897,9;;13,6;11,4;16,5;13,6;12,6;11,4;87;78;87;352;2,5;,4;
2025/06/22;2300 UTC;0;898,5;898,6;898,2;;12,3;10,6;13,6;12,3;11,4;10,6;90;87;89;360;,9;,3;
2025/06/23;0000 UTC;0;898,7;898,8;898,5;;11,7;10,2;12,3;11,6;10,7;10,1;91;89;91;3;1;,4;
2025/06/23;0100 UTC;0;898,8;898,9;898,7;;10,9;9,6;11,7;10,8;10,2;9,5;92;91;92;306;1;,3;
2025/06/23;0200 UTC;0;898,8;898,9;898,7;;10,7;9,8;11,2;10,6;10;9,6;94;92;94;330;1,2;,3;
2025/06/23;0300 UTC;0;898,5;898,8;898,5;;10,7;9,9;10,9;10,3;10;9,5;95;94;95;273;,9;,3;
2025/06/23;0400 UTC;0;898,4;898,5;898,3;;10,6;9,9;11,2;10,3;10,4;9,5;95;95;95;341;1,2;,5;
2025/06/23;0500 UTC;0;897,5;898,4;897,5;;11,2;10,4;11,3;10,3;10,4;9,6;95;95;95;64;2,2;1;
2025/06/23;0600 UTC;0;896,8;897,5;896,8;;13;10,5;13,5;11,2;11,8;10,4;95;84;85;89;2,9;1,7;
2025/06/23;0700 UTC;0;896,6;896,8;896,5;;14,2;10,8;14,5;12,9;11,5;10,5;86;79;80;77;4;,9;
2025/06/23;0800 UTC;0;896,5;896,6;896,3;;14,8;11,1;15;14,1;11,4;10,7;82;78;79;75;5,1;1,8;
2025/06/23;0900 UTC;0;896,6;896,7;896,4;;16,2;11,6;16,3;14,7;11,8;11,1;80;74;74;73;5,9;2,9;
2025/06/23;1000 UTC;0;897,2;897,2;896,6;39,4;16,7;11,4;17,1;15,8;11,7;11,3;75;69;71;72;11,5;3,2;
2025/06/23;1100 UTC;0;898,1;898,1;897,2;625,7;18,1;12,1;18,2;16,7;12,2;11,4;71;67;68;72;8;3,4;
2025/06/23;1200 UTC;0;898,5;898,5;898,1;1055;18,6;12,5;18,6;17,6;12,6;11,8;71;67;68;79;8,3;4;
2025/06/23;1300 UTC;0;898,6;898,8;898,5;1671;19,4;12,4;19,6;18,3;12,7;12,2;68;64;64;83;8,4;4,9;
2025/06/23;1400 UTC;0;898,2;898,7;898,2;2309,1;20,9;12,7;21,1;19,4;13,2;12,4;65;59;59;79;8,6;4,1;
2025/06/23;1500 UTC;0;897,7;898,2;897,7;2289,8;21,4;12,7;21,9;20,8;13,4;12,4;61;56;58;78;7,7;2,8;
2025/06/23;1600 UTC;0;896,4;897,8;896,4;2170,4;22;12,6;22,2;21,2;13,6;12,3;60;54;55;89;6,6;4,1;
2025/06/23;1700 UTC;0;895,6;896,4;895,6;2236,5;22,5;12,8;23;22;14;12,5;57;53;54;66;8,1;3,3;
2025/06/23;1800 UTC;0;895,3;895,6;895,3;1710,7;21,8;13,2;22,6;21,8;13,6;12,7;59;54;58;73;8,9;4,1;
2025/06/23;1900 UTC;0;895,6;895,7;895,2;1046,5;21,3;13,8;22,1;21,1;14;13,4;62;58;62;83;8,9;3,3;
2025/06/23;2000 UTC;0;896,2;896,2;895,6;205,3;19,4;13,7;21,3;19,4;13,8;13,5;70;62;70;84;6,8;1,9;
2025/06/23;2100 UTC;0;896,6;896,6;896,2;1,4;17,3;14;19,4;16,8;14;13,4;81;70;81;9;5,1;2,6;
2025/06/23;2200 UTC;0;896,9;896,9;896,6;;15,2;13,2;17,3;14,9;14;12,8;89;80;88;12;4,1;1,8;
2025/06/23;2300 UTC;0;897,6;897,7;896,9;;14,4;12,7;15,7;14,4;13,8;12,6;90;87;90;13;2,9;,8;
2025/06/24;0000 UTC;0;897,7;897,8;897,6;;13,7;12,1;15,1;13,5;13,3;11,8;91;87;90;85;2,4;,7;
2025/06/24;0100 UTC;0;898;898;897,7;;13,5;12,4;13,9;13,2;13;11,7;94;90;93;312;2,4;,3;
2025/06/24;0200 UTC;0;897,3;898;897,3;;13,5;12,2;14,1;13,1;13,1;12;95;92;92;7;3,4;1,8;
2025/06/24;0300 UTC;0;897,5;897,6;897,3;;14,5;12,4;15,3;13,5;13,4;12,1;94;86;87;53;3,8;1,4;
2025/06/24;0400 UTC;,2;896,8;897,5;896,8;;17,2;13,5;17,5;14,5;13,7;12,6;88;78;79;86;7,3;3,6;
2025/06/24;0500 UTC;0;896,5;896,8;896,5;;16,7;13,2;17,3;16,5;13,5;13,1;81;78;80;88;6,4;3,5;
2025/06/24;0600 UTC;0;896,1;896,6;895,9;;16,3;13,3;16,7;16,2;13,5;13,2;83;80;82;88;7,4;4;
2025/06/24;0700 UTC;0;896,1;896,2;896;;16,3;13,3;16,6;16,2;13,5;13,2;83;82;82;68;9,1;2,3;
2025/06/24;0800 UTC;0;896,2;896,3;895,9;;16,6;13,4;16,7;16,2;13,5;13,3;83;81;81;91;9,7;5;
2025/06/24;0900 UTC;0;896,6;896,6;896,1;;16,6;12,9;16,8;16,5;13,4;12,9;81;78;79;89;9,3;4,9;
2025/06/24;1000 UTC;0;897,4;897,4;896,6;34,9;16,7;13;16,7;16,4;13;12,8;80;78;79;70;8,4;1,7;
2025/06/24;1100 UTC;0;897,8;897,9;897,4;358,9;18,1;12,7;18,1;16,1;13,3;12,7;82;71;71;77;10,3;3,4;
2025/06/24;1200 UTC;0;898,5;898,5;897,7;1140,7;19,8;12,5;20,2;18,1;13,1;12,4;71;62;63;57;10,3;3,8;
2025/06/24;1300 UTC;0;898,4;898,9;898,4;1266;21,3;12,5;21,6;19,7;13,4;12,4;64;57;57;39;9,6;2,3;
2025/06/24;1400 UTC;0;897,9;898,7;897,9;1805,2;21,2;12,8;21,9;20,5;13,6;12,2;62;55;59;48;11,5;4,1;
2025/06/24;1500 UTC;0;898,1;898,4;897,9;2304,4;17,4;14;22,4;17,4;14,8;12;80;54;80;214;10,3;4,5;
2025/06/24;1600 UTC;0;897,8;898,3;897,7;1295;15,7;13;17,7;15,7;14,4;12,8;85;80;84;224;10;5,2;
2025/06/24;1700 UTC;0;897,9;897,9;897,5;1070,4;13,8;11,4;15,7;13,7;13,2;11,2;86;83;86;211;11,1;5,8;
2025/06/24;1800 UTC;0;898,1;898,2;897,8;640,7;11,9;10,2;13,8;11,8;11,2;10,1;89;85;89;224;11,3;4,3;
2025/06/24;1900 UTC;0;898,4;898,6;898;437,2;11,8;10,2;12;11,7;10,2;10;90;88;90;220;10,6;4,7;
2025/06/24;2000 UTC;0;899,4;899,4;898,4;113;11,4;9,9;11,9;11,4;10,4;9,9;91;90;91;213;10,7;4,4;
2025/06/24;2100 UTC;0;899,9;900;899,3;3,7;10,7;9,2;11,4;10,7;9,9;9,1;91;89;90;222;11,3;4,4;
2025/06/24;2200 UTC;,2;900,5;900,5;899,8;;10,7;9,2;11;10,7;9,3;9,2;91;89;90;217;9,6;4,3;
2025/06/24;2300 UTC;,2;901,2;901,3;900,4;;10,4;9;10,8;10,4;9,3;9;91;90;91;204;10,2;5,5;
2025/06/25;0000 UTC;,2;901,9;901,9;901,2;;10,3;9,4;10,4;10,2;9,5;8,9;95;91;95;224;10;5,6;
2025/06/25;0100 UTC;,2;902,4;902,4;901,9;;10,2;9,4;10,4;10,2;9,6;9,4;95;95;95;218;10,1;4,8;
2025/06/25;0200 UTC;0;902,7;902,7;902,3;;10,4;9,6;10,4;10,1;9,6;9,3;95;95;95;215;8,9;4;
2025/06/25;0300 UTC;,2;902,6;902,8;902,6;;10,5;8,9;10,6;10,3;9,6;8,9;95;90;90;221;8,5;2,6;
2025/06/25;0400 UTC;0;902,3;902,6;902,3;;9,9;9,2;10,5;9,9;9,2;8,4;95;89;95;215;7,6;4,3;
2025/06/25;0500 UTC;0;902,1;902,4;902,1;;9,6;8,9;9,9;9,6;9,2;8,9;95;95;95;234;6,7;2,5;
2025/06/25;0600 UTC;0;901,9;902,1;901,9;;7,7;7,1;9,6;7,2;8,9;6,6;96;95;96;281;4,9;1,4;
2025/06/25;0700 UTC;0;901,8;901,9;901,7;;8,2;7,6;8,3;6,7;7,6;6,1;96;96;96;212;5;2,3;
2025/06/25;0800 UTC;0;902,2;902,2;901,8;;7,2;6,6;8,3;6,1;7,7;5,6;96;96;96;246;5;1,1;
2025/06/25;0900 UTC;0;902,5;902,5;902,1;;5,3;4,8;7,6;5,3;7;4,8;97;96;97;303;3,3;1;
2025/06/25;1000 UTC;0;902,8;902,9;902,4;22,5;5,5;5;6,2;4,7;5,7;4,2;97;97;97;292;3,8;1,5;
2025/06/25;1100 UTC;0;903,5;903,5;902,8;348,7;7,2;6,6;7,2;5,4;6,6;5;97;96;96;182;4,2;,9;
2025/06/25;1200 UTC;0;904,2;904,2;903,5;933;9;8;9,1;7,2;8,3;6,6;96;93;93;210;2,1;,9;
2025/06/25;1300 UTC;0;904,4;904,4;904,2;1914,1;13,8;8,6;14,2;9;9,3;7,9;94;69;71;324;2,3;,3;
2025/06/25;1400 UTC;0;904,1;904,3;904,1;2191,6;16,8;8,8;16,8;13,8;10,9;8,2;74;59;59;224;2,7;1,3;
2025/06/25;1500 UTC;0;903,7;904,1;903,7;2200,5;17,2;9,3;19,1;16,2;11,1;6,5;67;45;60;239;4,6;1,1;
2025/06/25;1600 UTC;0;903;903,7;903;2405,4;18,3;3,8;19,7;17,2;8,1;3,8;59;37;38;56;5,9;2,3;
2025/06/25;1700 UTC;0;902,5;903,1;902,4;2428,4;19,4;4,8;19,8;18,2;5,9;2;42;31;38;30;6,6;2,5;
2025/06/25;1800 UTC;0;902,4;902,6;902,3;1386,5;17,6;6,7;19,4;17,6;6,7;3,8;49;37;49;21;6,6;2,2;
2025/06/25;1900 UTC;0;902,6;902,6;902,3;437,8;16,1;7,2;17,7;16,1;7,6;5,8;57;47;55;51;5,5;1,7;
2025/06/25;2000 UTC;0;902,9;903;902,6;122,1;14,8;9,1;16,1;14,8;9,2;7,3;69;56;69;48;5,4;1,7;
2025/06/25;2100 UTC;0;903,2;903,2;902,9;3,5;13,6;10,3;14,8;13,3;10,3;9,2;81;69;80;23;5,6;2,4;
2025/06/25;2200 UTC;0;903,6;903,6;903,2;;13,2;10,2;13,6;13,2;10,3;10;82;80;82;28;6,2;1,8;
2025/06/25;2300 UTC;0;904;904;903,6;;13,1;9,1;13,4;12,9;10,2;9;82;75;77;41;5,4;2,3;
2025/06/26;0000 UTC;0;904,2;904,3;904;;12,4;9,5;13,1;12,3;9,6;9,2;83;77;83;36;5,8;2,4;
2025/06/26;0100 UTC;0;904,5;904,5;904,2;;12,1;9,3;12,4;11,6;9,6;8,9;84;82;83;79;6,3;2,6;
2025/06/26;0200 UTC;0;904,5;904,6;904,4;;11,7;9,1;12,1;11,6;9,3;9;84;83;84;51;7;1,6;
2025/06/26;0300 UTC;0;904,3;904,5;904,3;;11,4;8,7;11,7;11,4;9,2;8,7;85;83;83;60;5;1,9;
2025/06/26;0400 UTC;0;903,9;904,4;903,8;;11,3;8,1;11,5;11;8,7;7,7;84;78;81;67;4,6;1,2;
2025/06/26;0500 UTC;0;903,8;904;903,8;;10,1;7,5;11,4;10,1;8;7,5;84;79;84;14;4,2;1,8;
2025/06/26;0600 UTC;0;903,6;903,8;903,6;;8,7;6,9;10,4;8,6;7,6;6,7;89;82;89;51;4,3;2;
2025/06/26;0700 UTC;0;903,5;903,6;903,4;;9,7;7,5;9,7;8,5;7,6;6,8;89;86;86;28;3,6;1,7;
2025/06/26;0800 UTC;0;903,2;903,5;903,1;;10,9;7,3;11,1;9,7;7,7;7,2;86;78;79;21;4,6;3;
2025/06/26;0900 UTC;0;903,2;903,3;903,1;;8,8;7,3;10,9;8,5;8;6,8;90;79;90;8;4,5;1,8;
2025/06/26;1000 UTC;0;903,6;903,6;903,2;22,1;12,1;9,9;12,2;8,8;10,5;7,4;92;86;86;78;6,7;2,4;
2025/06/26;1100 UTC;0;903,9;903,9;903,6;359,5;11,9;9,8;12,2;11,4;9,9;8,6;87;82;87;67;7,4;3,4;
2025/06/26;1200 UTC;0;904,2;904,2;903,8;559,6;12,9;10,8;12,9;11,6;10,8;9,7;89;87;87;85;8,2;4,1;
2025/06/26;1300 UTC;0;904,3;904,5;904,2;913,9;14,1;11,3;14,1;12,9;11,3;10,7;87;83;83;80;9,9;4,2;
2025/06/26;1400 UTC;0;903,5;904,3;903,5;2090,3;15,6;11,9;16,1;14;12,3;11,2;84;77;78;75;9,5;4,9;
2025/06/26;1500 UTC;0;902,5;903,5;902,5;2581;17,2;12,1;17,4;15,6;12,6;11,8;79;72;72;81;9,9;5,1;
2025/06/26;1600 UTC;0;901,5;902,6;901,5;2609,6;17,9;12,1;18;17;12,5;11,7;73;68;69;77;9,9;4,9;
2025/06/26;1700 UTC;0;900,9;901,5;900,9;2328,1;19,3;11,6;19,5;17,9;12,4;11,4;69;60;61;78;9,3;4,8;
2025/06/26;1800 UTC;0;900,7;901;900,7;1831,1;19,6;11,4;20,1;19,3;12;10,7;62;56;59;82;9,3;4,5;
2025/06/26;1900 UTC;0;900,3;900,7;900,3;1180,1;19,6;10,6;19,9;19,5;12;10,6;61;56;56;81;9,8;4,1;
2025/06/26;2000 UTC;0;900,8;900,8;900,3;225,3;17,2;10,8;19,7;16,1;11,4;10,5;72;55;66;22;9,8;2,1;
2025/06/26;2100 UTC;0;901;901;900,8;3,7;16,2;10,4;17,4;15,2;11,3;9,7;72;65;68;15;4,6;2,4;
2025/06/26;2200 UTC;0;901,4;901,4;901;;14,9;10,6;16,1;12,8;10,8;9,3;81;69;76;10;4,6;2,4;
2025/06/26;2300 UTC;0;901,7;901,7;901,4;;13,8;11,1;15,2;13;11,9;9,3;86;74;84;37;4,5;2,2;
2025/06/27;0000 UTC;0;902;902;901,7;;14,6;12,4;15;13,8;12,7;11,5;87;83;87;34;5,5;2,6;
2025/06/27;0100 UTC;0;902,1;902,1;902;;15;12,5;15,1;14,1;13;11,7;88;85;85;45;5,5;2,4;
2025/06/27;0200 UTC;0;901,9;902,1;901,9;;15,4;12,3;15,8;14,9;12,7;12;85;81;82;61;6,9;2,5;
2025/06/27;0300 UTC;0;902;902;901,9;;14,9;12,2;15,9;14,6;12,6;11,8;85;80;84;50;6,9;1,9;
2025/06/27;0400 UTC;0;901,9;902;901,8;;14,6;12,1;15,3;14,4;12,5;11,8;85;82;85;40;4,9;1,9;
2025/06/27;0500 UTC;0;901,7;901,9;901,7;;14,6;11,9;15;14,5;12,5;11,7;85;82;84;27;6,5;2,4;
2025/06/27;0600 UTC;0;901,5;901,8;901,5;;13,9;11,7;14,8;13,6;12,2;11,3;87;83;87;51;5,7;2,2;
2025/06/27;0700 UTC;0;901,6;901,7;901,4;;11,7;9,9;14,3;11,6;12;9,8;89;85;89;355;6,1;1,5;
2025/06/27;0800 UTC;,2;901,8;901,8;901,5;;11,5;10;12,3;10,8;11,3;9,4;94;89;91;330;3,4;2;
2025/06/27;0900 UTC;0;902,1;902,2;901,8;;11,2;9,5;12,4;10,7;11,3;9,2;94;88;89;3;4,7;1,1;
2025/06/27;1000 UTC;0;902,6;902,6;902,1;23,1;11,2;9,9;11,4;10,8;9,9;9,3;92;89;92;84;3;,6;
2025/06/27;1100 UTC;0;903,1;903,1;902,6;570,9;14,9;12,1;14,9;11,1;12,2;9,9;92;83;83;103;1,6;,7;
2025/06/27;1200 UTC;0;903,4;903,4;903,1;1292,4;17,7;12,5;18,1;14,8;13,8;11,9;83;71;71;77;3,4;1,6;
2025/06/27;1300 UTC;0;903,7;903,7;903,4;1907,3;19,7;13,6;20;17,6;14;12,5;74;66;68;93;3,9;1,9;
2025/06/27;1400 UTC;0;903,1;903,8;903,1;2317,3;22,1;13,2;22,2;19,7;14,7;12,5;69;57;57;99;3,9;1,3;
2025/06/27;1500 UTC;0;902,4;903,2;902,4;2514,8;23,5;11,1;24,3;22;14;11,1;58;45;45;230;3,6;1,6;
2025/06/27;1600 UTC;0;901,9;902,4;901,9;2499,3;22,9;10,4;23,8;22,7;12,7;7,9;52;36;45;195;4,4;2,4;
2025/06/27;1700 UTC;0;901,6;901,9;901,6;2396;22,9;9,2;23,1;20,8;14,3;8,1;65;39;42;210;5,9;2,6;
2025/06/27;1800 UTC;0;901,6;901,6;901,5;1746,7;21,6;7,7;23,3;21,4;9,4;4,7;42;31;41;237;5,6;3,2;
2025/06/27;1900 UTC;0;901,8;901,8;901,5;928,7;20,8;11,9;22;19,1;12;7,4;64;39;57;261;5,3;,9;
2025/06/27;2000 UTC;0;902,4;902,4;901,8;321,3;17,5;13,1;20,7;17,5;13,8;11,4;78;56;76;254;2,5;,9;
2025/06/27;2100 UTC;0;902,9;902,9;902,4;4,9;16,6;12,2;17,5;16,2;13,3;12,2;79;74;76;238;2;1;
2025/06/27;2200 UTC;0;903,3;903,3;902,9;;16;12,4;16,6;15,8;13,2;12;82;75;79;223;2,9;1,3;
2025/06/27;2300 UTC;0;903,9;903,9;903,3;;16,1;13,7;16,9;15,8;13,8;12,2;86;78;86;237;5,7;1,7;
2025/06/28;0000 UTC;0;904,3;904,3;903,9;;15,8;14,2;16,1;15,7;14,2;13,6;90;86;90;225;4,7;2,1;
2025/06/28;0100 UTC;0;904,4;904,5;904,3;;14,3;12,9;15,9;13,1;14,3;11,2;92;87;92;303;4,4;,7;
2025/06/28;0200 UTC;0;904,4;904,6;904,4;;13;11,5;14,3;13;12,8;11,2;92;88;90;241;2,4;1,1;
2025/06/28;0300 UTC;0;904,4;904,4;904,3;;15,2;14,3;15,2;13;14,4;11,7;95;90;95;217;4,1;1,5;
2025/06/28;0400 UTC;0;904,3;904,4;904,3;;13,9;12,1;15,2;13,8;14,4;12;95;89;89;322;2,9;1,2;
2025/06/28;0500 UTC;0;903,8;904,3;903,8;;13,3;11,5;14,1;13,2;12,2;11,3;89;88;89;339;2,2;,6;
2025/06/28;0600 UTC;0;903,7;903,8;903,7;;12,5;10,9;13,3;12,4;11,4;10,7;90;89;90;351;2;,5;
2025/06/28;0700 UTC;0;903,6;903,7;903,5;;12,3;11,3;12,8;12,2;11,9;10,7;94;90;94;302;2,4;,9;
2025/06/28;0800 UTC;0;903,7;903,7;903,5;;14;13,2;14;12,3;13,2;11,2;95;93;95;231;2,8;1;
2025/06/28;0900 UTC;0;904;904;903,7;,6;12,6;11,7;14;12,6;13,1;11,7;95;94;94;338;2,6;1,7;
2025/06/28;1000 UTC;0;904,5;904,5;904;17,6;11,7;10,5;12,6;11,6;11,7;10,2;94;91;92;340;2,5;,9;
2025/06/28;1100 UTC;0;904,9;904,9;904,5;236,6;12,8;12;12,9;11,7;12,1;10,5;95;92;95;214;1,8;,9;
2025/06/28;1200 UTC;0;905,3;905,4;904,9;1032,4;15,4;12,9;15,4;12,8;14;12;95;85;85;77;2,1;,9;
2025/06/28;1300 UTC;0;905,2;905,4;905,2;1882,9;20,1;12,9;20,1;15,4;14;12,7;85;63;63;64;3,6;1,8;
2025/06/28;1400 UTC;0;904,8;905,2;904,8;2296,5;20,7;12,2;21,6;19,9;13,5;11,8;65;56;58;26;5,6;2,7;
2025/06/28;1500 UTC;0;904,1;904,8;904,1;2527,8;21,8;11,8;22,3;20,6;12,4;11,2;59;50;53;22;6,4;2,8;
2025/06/28;1600 UTC;0;903,2;904,1;903,2;2521,2;22,2;12,4;22,6;21,4;12,9;10,7;56;48;54;31;8,1;2,9;
2025/06/28;1700 UTC;0;903;903,2;902,9;1685,3;20,3;12,7;22,6;20,3;13,9;12;63;53;62;27;8,1;2,6;
2025/06/28;1800 UTC;0;902,6;903;902,6;967,7;19,9;13,1;21,4;19,9;13,9;12,7;66;59;65;30;5;1,9;
2025/06/28;1900 UTC;0;902,5;902,6;902,4;378,2;19,6;13,1;19,9;19,5;13,4;12,7;67;64;66;63;5,7;1,9;
2025/06/28;2000 UTC;0;902,7;902,7;902,5;129,7;18,5;13,5;19,6;18,5;13,5;12,9;73;66;73;31;4,9;1,8;
2025/06/28;2100 UTC;0;902,7;902,7;902,6;4,3;18,1;13,3;18,4;18,1;13,6;13,3;74;73;74;36;5,1;2,1;
2025/06/28;2200 UTC;0;902,8;902,8;902,7;;17,5;12,5;18,1;17,3;13,3;12,4;74;72;73;19;7,4;3,1;
2025/06/28;2300 UTC;0;902,7;902,8;902,7;;15,6;11,8;17,6;15,6;12,5;11,8;79;72;79;48;6;1,6;
2025/06/29;0000 UTC;0;902,8;902,8;902,7;;14,2;11,3;15,5;13,7;12,2;11,1;86;79;83;72;3;1,6;
2025/06/29;0100 UTC;0;902,8;902,9;902,7;;14;11,6;14,3;13,7;11,8;11,1;86;83;85;58;3,2;1,7;
2025/06/29;0200 UTC;0;902,8;902,8;902,7;;13,9;11,9;14,1;13,5;12;11,3;88;85;88;50;3,7;1,3;
2025/06/29;0300 UTC;0;902,6;902,8;902,6;;15,3;12,9;15,3;13,5;13;11,5;89;86;86;70;5,4;1,7;
2025/06/29;0400 UTC;0;901,9;902,6;901,9;;15,4;12,9;15,7;15,3;13,1;12,7;86;84;85;82;6,6;3,4;
2025/06/29;0500 UTC;0;901,6;901,9;901,6;;15,5;13,1;15,5;15,3;13,1;12,8;86;85;86;82;6,6;3,3;
2025/06/29;0600 UTC;0;901,3;901,6;901,2;;15,7;13,1;15,8;15,5;13,2;13;86;84;85;75;6,6;2,9;
2025/06/29;0700 UTC;0;900,9;901,3;900,9;;16,2;13;16,3;15,6;13,3;12,9;85;81;81;66;6,7;2,8;
2025/06/29;0800 UTC;0;900,5;900,9;900,5;;16,3;12,7;16,3;16,1;13,2;12,7;83;79;79;62;8,5;2,8;
2025/06/29;0900 UTC;0;900,9;900,9;900,5;;16,2;12;16,5;15,9;12,6;12;80;76;76;64;8,3;3,2;
2025/06/29;1000 UTC;0;901,3;901,3;900,9;19,7;16,2;12;16,5;16;12,1;11,7;77;74;76;62;10,9;3,6;
2025/06/29;1100 UTC;0;901,8;901,8;901,2;243,4;16,3;12;16,7;15,9;12,4;12;79;74;76;64;8,6;3;
2025/06/29;1200 UTC;0;902,2;902,3;901,8;438,9;17,4;11,9;17,4;16,3;12,1;11,7;76;70;70;81;8,7;4,5;
2025/06/29;1300 UTC;0;902;902,3;902;1998,6;19,1;12,3;19,2;17,4;12,7;11,8;71;64;65;82;10;4,9;
2025/06/29;1400 UTC;0;901,4;902;901,4;2427,4;20,4;11,7;20,4;18,9;12,6;11,4;65;57;58;80;11,7;6,1;
2025/06/29;1500 UTC;0;901;901,5;901;2613,1;21,7;11,1;21,8;20,2;12,4;10,8;59;50;51;87;11,7;4,8;
2025/06/29;1600 UTC;0;900,7;901;900,7;2594,3;22,5;10,5;22,9;21,7;11,5;9,8;51;44;47;85;10,1;3,4;
2025/06/29;1700 UTC;0;900,5;900,7;900,4;2322;22,8;10,1;23,5;22,4;11,1;9,8;48;43;45;83;6,7;2,8;
2025/06/29;1800 UTC;0;900,4;900,6;900,4;1827,5;23,5;10,3;23,9;22,8;11,3;9,6;47;42;43;63;5,6;1,8;
2025/06/29;1900 UTC;0;900,6;900,6;900,4;1164,6;22;11,3;23,5;22;12,3;10,2;54;43;51;37;4,3;,9;
2025/06/29;2000 UTC;0;901,1;901,1;900,6;227,7;17,6;10,3;22;16,7;12,9;10,2;77;51;62;324;4,2;2,8;
2025/06/29;2100 UTC;0;901,7;901,7;901,1;4,3;14,9;11,3;17,8;14,4;11,8;10,2;81;61;79;248;4;1,6;
2025/06/29;2200 UTC;0;902,1;902,1;901,6;;12,5;10,1;15,3;12,5;12,2;9,9;86;79;85;316;2,9;,6;
2025/06/29;2300 UTC;0;902,5;902,5;902,1;;11,3;9,6;13,3;11,3;11,6;9,4;90;85;89;9;1,9;,7;
2025/06/30;0000 UTC;0;902,7;902,7;902,5;;10,5;9,1;11,5;10,5;9,9;9,1;91;89;91;323;1,6;,3;
2025/06/30;0100 UTC;0;903;903;902,7;;10;9;10,5;9,8;9,3;8,7;94;91;94;358;1,2;,3;
2025/06/30;0200 UTC;0;903,1;903,2;903;;9,4;8,5;10;9,4;9,2;8,5;95;94;95;10;1;,2;
2025/06/30;0300 UTC;0;903,2;903,2;903,1;;9;8,3;9,4;8,9;8,7;8,2;95;95;95;59;,6;,2;
2025/06/30;0400 UTC;0;903;903,2;903;;8,5;7,8;9;8,4;8,3;7,7;95;95;95;304;,8;,3;
2025/06/30;0500 UTC;0;902,6;903;902,6;;8,1;7,5;8,7;7,9;8;7,3;96;95;96;29;,8;,2;
2025/06/30;0600 UTC;0;902,4;902,6;902,4;;7,9;7,3;8,3;7,5;7,7;6,9;96;96;96;348;,6;,2;
2025/06/30;0700 UTC;,2;902,1;902,4;902,1;;7,1;6,5;8;6,9;7,4;6,4;96;96;96;74;,6;,1;
2025/06/30;0800 UTC;0;902;902,1;901,9;;6,9;6,4;7,2;6,7;6,7;6,2;96;96;96;94;,9;,2;
2025/06/30;0900 UTC;0;902,2;902,2;901,9;;6,8;6,3;7,2;6,4;6,7;5,9;97;96;97;288;2,5;1;
2025/06/30;1000 UTC;0;902,4;902,4;902,2;20,8;6,4;5,9;7;6,2;6,5;5,8;97;97;97;140;2,5;,3;
2025/06/30;1100 UTC;0;902,8;902,8;902,4;579,1;10,2;9,5;10,2;6,3;9,5;5,9;97;96;96;59;1,3;,6;
2025/06/30;1200 UTC;0;903,2;903,2;902,8;1331,5;16,9;13,3;16,9;10,2;15,3;9,7;96;79;79;198;4;2,1;
2025/06/30;1300 UTC;0;903,6;903,6;903,2;1934,5;19,8;13,7;19,8;16,9;14,2;13;81;68;68;209;4,7;1,9;
2025/06/30;1400 UTC;0;903,1;903,6;903,1;2350;22,9;11,2;23,1;19,5;14,5;11,2;68;47;48;53;4;1,1;
2025/06/30;1500 UTC;0;902,6;903,1;902,6;2606,1;23,9;10,7;24,4;22,9;12,8;9,8;51;42;43;356;5,3;1,9;
2025/06/30;1600 UTC;0;902;902,6;902;1104,9;19,9;14,2;24,4;19,9;14,6;10,3;70;43;70;217;4,7;2,8;
2025/06/30;1700 UTC;0;901,6;902;901,6;2102,9;22,3;13,9;22,4;19,6;15,1;13,1;72;56;59;221;5,2;2,1;
2025/06/30;1800 UTC;0;901,6;901,6;901,5;1872,5;23,8;10,8;24,6;22;14,1;9,6;61;40;44;36;4,4;1,5;
2025/06/30;1900 UTC;0;901,6;901,7;901,5;411,3;18,7;13,4;23,8;18,5;13,8;10,4;72;43;71;270;3,9;1,2;
2025/06/30;2000 UTC;0;902,2;902,3;901,6;256,6;16,8;13,8;19,4;16,8;13,9;12,8;82;66;82;215;3,4;1,6;
2025/06/30;2100 UTC;0;902,6;902,6;902,3;6,2;13,8;12;16,8;13,8;13,9;12;89;82;89;286;2,9;,7;
2025/06/30;2200 UTC;0;903,1;903,1;902,6;;12,9;11,5;14;12,9;12,3;11,4;92;89;91;290;1,4;,4;
2025/06/30;2300 UTC;0;903,6;903,6;903,1;;12,7;11,5;13,3;12,2;12,1;10,9;93;91;92;314;1,7;,8;
2025/07/01;0000 UTC;0;904;904;903,6;;13,4;12;14;12,6;13,1;11,3;94;90;91;234;2,4;,6;
2025/07/01;0100 UTC;0;904;904;903,9;;14,1;13,2;14,1;12,6;13,2;11;95;90;95;211;2,6;1,5;
2025/07/01;0200 UTC;0;904;904,1;904;;13,1;12,4;14,1;12,3;13,3;11,5;95;94;95;312;3,1;1,6;
2025/07/01;0300 UTC;0;903,8;904;903,7;;11,6;10,5;13,2;11,6;12,3;10,5;95;93;93;335;2,4;1;
2025/07/01;0400 UTC;0;903,6;903,8;903,6;;11,1;10,2;11,6;11,1;10,5;10,2;95;93;95;327;1,3;,7;
2025/07/01;0500 UTC;0;903,2;903,6;903,2;;9,5;8,7;11,1;9,5;10,2;8,7;95;95;95;332;1,1;,5;
2025/07/01;0600 UTC;0;903,1;903,2;903,1;;8,9;8,2;9,5;8,9;8,8;8,2;95;95;95;310;1,1;,3;
2025/07/01;0700 UTC;0;903,1;903,2;903,1;;8,5;7,8;9,9;8,5;9,2;7,8;96;95;96;9;1,3;,4;
2025/07/01;0800 UTC;0;903;903,1;902,9;;8,6;7,9;8,8;8,3;8,1;7,7;96;96;96;235;,9;,1;
2025/07/01;0900 UTC;,2;903,6;903,6;903;;9,2;8,6;9,6;8,4;8,9;7,8;96;96;96;21;1,6;,4;
2025/07/01;1000 UTC;0;904,1;904,1;903,6;17,8;8,8;8,2;9,3;8,4;8,6;7,8;96;96;96;324;1,5;,6;
2025/07/01;1100 UTC;0;904,7;904,7;904,1;159;10,5;9,8;10,5;8,8;9,8;8,2;96;96;96;259;,9;,3;
2025/07/01;1200 UTC;0;905,3;905,3;904,7;258,7;12;11,3;12;10,5;11,3;9,8;96;96;96;121;1;,3;
2025/07/01;1300 UTC;0;905,6;905,7;905,3;615,9;14;13,3;14;11,9;13,3;11,2;96;95;96;105;1,7;1;
2025/07/01;1400 UTC;0;905,3;905,6;905,3;1431,4;16,8;13,5;17,7;14;16,1;13,3;96;80;81;47;3;1,4;
2025/07/01;1500 UTC;0;904,8;905,3;904,8;2175,5;18,6;12,3;19,1;16,5;13,9;12,1;81;65;67;53;4;2,3;
2025/07/01;1600 UTC;0;904,2;904,8;904,1;2658,8;20,3;11,7;20,9;18,6;13,6;11,3;69;57;58;39;5,3;1,4;
2025/07/01;1700 UTC;0;903,7;904,2;903,7;1791,9;18,6;12,8;20,3;18,6;13,9;10,9;71;57;69;229;5,4;2,9;
2025/07/01;1800 UTC;0;903,7;903,8;903,7;735,9;17,4;13,9;18,6;17,3;14;13,2;80;69;80;238;6,4;2,7;
2025/07/01;1900 UTC;0;903,9;903,9;903,6;286,5;16,4;13,5;17,4;16,4;13,9;13,5;83;80;83;228;6,2;2,7;
2025/07/01;2000 UTC;0;904,3;904,3;903,9;130,6;15,6;13,2;16,4;15,6;13,4;13,2;86;82;86;183;6,1;2,6;
2025/07/01;2100 UTC;0;904,8;904,8;904,3;5,8;15,3;13,2;15,6;15,3;13,4;13,2;88;86;87;199;6,8;3,6;
2025/07/01;2200 UTC;0;905,2;905,3;904,7;;14,6;12,7;15,3;14,6;13,3;12,7;90;87;88;207;7,1;2,5;
2025/07/01;2300 UTC;,2;905,6;905,7;905,2;;14,6;12,7;14,7;14,5;12,9;12,7;90;88;89;203;6,5;2,9;
2025/07/02;0000 UTC;0;905,9;905,9;905,6;;14,2;12,5;14,6;14,1;12,8;12,2;89;88;89;218;6,2;2,2;
2025/07/02;0100 UTC;0;905,7;905,9;905,7;;12,7;11;14,4;12,7;12,6;10,9;90;88;89;311;4,7;1,5;
2025/07/02;0200 UTC;0;905,8;905,9;905,6;;13,3;11,5;13,7;12,2;12,2;10,6;93;89;89;206;4,1;1,9;
2025/07/02;0300 UTC;0;905,7;905,9;905,7;;13,9;12,2;13,9;11,4;12,5;9,6;93;87;90;239;4,1;1,4;
2025/07/02;0400 UTC;,2;905,4;905,7;905,4;;13,5;12;14;12,3;12,2;10,2;91;86;91;243;4,4;1,4;
2025/07/02;0500 UTC;,8;905,2;905,4;905,2;;13,1;11,8;13,9;12,7;12,5;11,1;93;89;92;309;4;1;
2025/07/02;0600 UTC;1,2;904,9;905,2;904,9;;14;12,3;14,2;13,1;13,2;11,8;94;90;90;213;5,1;2;
2025/07/02;0700 UTC;1;904,6;904,9;904,6;;13,8;12,1;14;13,8;12,4;12,1;90;89;90;195;5;2,1;
2025/07/02;0800 UTC;,6;904,8;904,8;904,6;;13,6;12;13,9;13,6;12,2;11,9;90;89;90;209;5,7;1,6;
2025/07/02;0900 UTC;,4;905,1;905,1;904,8;;13,5;11,9;13,7;13,5;12;11,9;90;89;90;219;5,7;2,4;
2025/07/02;1000 UTC;,4;905,6;905,6;905,1;18,4;13,5;11,9;13,6;13,5;12;11,8;90;89;90;197;5,5;2,8;
2025/07/02;1100 UTC;,2;906;906;905,6;211,7;13,8;12,1;13,8;13,5;12,1;11,8;90;89;90;203;6,8;2,7;
2025/07/02;1200 UTC;0;906,6;906,6;906;823;14,3;12,3;14,4;13,8;12,5;12;90;88;88;211;6;3,1;
2025/07/02;1300 UTC;0;906,8;906,9;906,6;1649;15,1;12,8;15,1;14,3;12,9;12,3;88;85;86;213;7,3;3,3;
2025/07/02;1400 UTC;0;906,7;906,8;906,7;2418,7;15,8;12,8;15,9;15,1;13,2;12,4;86;82;83;228;7,9;3,6;
2025/07/02;1500 UTC;0;906,2;906,7;906,2;2696,5;15,9;12,8;16,3;15,6;13,4;12,3;84;79;82;228;7,7;3,8;
2025/07/02;1600 UTC;0;905,6;906,2;905,6;2325,1;15,6;12,3;16,1;15,3;13;12,1;83;81;81;222;7;4;
2025/07/02;1700 UTC;0;905,4;905,6;905,3;1036,1;14,4;12,3;15,6;14,3;12,6;11,9;87;81;87;207;7,2;2,9;
2025/07/02;1800 UTC;0;905,5;905,5;905,4;604,1;14,4;12,1;14,5;14,1;12,2;11,9;87;86;86;204;6,6;3,7;
2025/07/02;1900 UTC;0;905,5;905,5;905,4;519,4;13,9;11,9;14,4;13,9;12,2;11,9;89;86;88;214;8,7;4,1;
2025/07/02;2000 UTC;0;905,9;906;905,5;227,5;13,5;11,8;13,9;13,5;12;11,7;90;88;89;204;8,7;3,5;
2025/07/02;2100 UTC;,6;906,2;906,2;905,9;7,8;13,3;11,6;13,6;13,2;11,8;11,6;90;89;90;216;9;4,4;
2025/07/02;2200 UTC;,2;906,6;906,6;906,2;;13;11,4;13,3;13;11,6;11,3;90;89;90;215;8,8;4;
2025/07/02;2300 UTC;,2;906,9;906,9;906,6;;12,9;11,3;13;12,8;11,4;11,2;90;90;90;213;8,8;4,4;
2025/07/03;0000 UTC;,4;907;907,1;906,9;;12,8;11;13;12,8;11,4;11;90;89;89;214;9,3;4,2;
2025/07/03;0100 UTC;0;907,2;907,3;907;;12,5;11;12,9;12,4;11,1;10,9;91;88;91;214;10,2;3,7;
2025/07/03;0200 UTC;,2;907,2;907,4;907,2;;12,4;10,8;12,6;12,4;11,1;10,8;91;90;90;204;8,5;3,9;
2025/07/03;0300 UTC;0;907,3;907,3;907,2;;12,5;11;12,5;12,3;11;10,8;91;90;91;222;7,2;3,4;
2025/07/03;0400 UTC;0;906,7;907,3;906,7;;12,4;10,9;12,5;12,2;11;10,8;91;90;91;213;6,8;3,3;
2025/07/03;0500 UTC;,2;906,3;906,7;906,3;;12,4;10,9;12,5;12,3;11;10,7;91;90;90;208;6,8;3,3;
2025/07/03;0600 UTC;0;906;906,3;905,9;;12,3;10,7;12,5;12,2;10,9;10,6;91;90;90;219;6,6;3,5;
2025/07/03;0700 UTC;,2;905,8;906;905,8;;12,1;10,6;12,3;12,1;10,8;10,6;91;90;91;214;6,4;3,1;
2025/07/03;0800 UTC;0;905,9;905,9;905,7;;12,1;10,6;12,2;12;10,6;10,5;91;90;91;220;6;2,5;
2025/07/03;0900 UTC;0;906,1;906,1;905,9;;11,8;10,3;12,1;11,8;10,6;10,3;91;90;90;215;6,5;3,1;
2025/07/03;1000 UTC;0;906,4;906,4;906;18,6;11,8;10,3;11,9;11,7;10,4;10,2;91;90;91;212;6,6;3;
2025/07/03;1100 UTC;0;906,9;906,9;906,4;258,8;12;10,3;12;11,7;10,3;10,2;91;89;89;210;6,9;2,4;
2025/07/03;1200 UTC;0;907,3;907,3;906,9;778,1;12,9;10,6;12,9;12;10,7;10,2;90;86;86;220;5,4;2,7;
2025/07/03;1300 UTC;0;907,5;907,5;907,3;1917,2;14;10,7;14,2;12,8;11,1;10,3;86;79;81;228;5,3;2,9;
2025/07/03;1400 UTC;0;907,3;907,5;907,3;1197,3;13,8;10,7;14,2;13,7;11;10,4;83;79;82;226;5,3;2,8;
2025/07/03;1500 UTC;0;906,7;907,3;906,7;757,2;13,7;10,7;13,8;13,4;11;10,4;84;82;82;218;5,2;2,7;
2025/07/03;1600 UTC;0;905,8;906,7;905,8;1083;15,3;10,5;15,6;13,7;11,7;10,5;83;73;73;236;4,5;1,5;
2025/07/03;1700 UTC;0;905,2;905,8;905,2;1183,4;15,3;11,5;15,6;14,9;11,7;10,1;79;72;78;232;5,5;2,6;
2025/07/03;1800 UTC;0;905,1;905,2;905;830,1;13,2;11,1;15,3;13,2;11,7;10,9;87;76;87;216;6,6;3,4;
2025/07/03;1900 UTC;0;905,2;905,2;905,1;430,8;13,3;11,3;13,5;13;11,6;11;89;87;88;211;5,5;2,6;
2025/07/03;2000 UTC;0;905,2;905,3;905,2;143,1;12,7;11,2;13,3;12,7;11,5;11,2;91;88;91;221;4,5;2,2;
2025/07/03;2100 UTC;0;905,6;905,6;905,2;3,2;12,4;10,6;12,7;12,4;11,2;10,6;91;89;89;219;4,7;2,8;
2025/07/03;2200 UTC;0;906,1;906,1;905,6;;12,1;10,7;12,4;12,1;10,7;10,6;91;89;91;208;4,8;3;
2025/07/03;2300 UTC;0;906,4;906,4;906;;12,4;10,9;12,4;12,1;11,1;10,8;92;90;90;211;4,8;2,1;
2025/07/04;0000 UTC;0;906,5;906,5;906,4;;12,3;10,5;12,4;12,2;10,9;10,5;90;89;89;219;4,7;2,5;
2025/07/04;0100 UTC;0;906,4;906,6;906,4;;11,9;10,3;12,3;11,9;10,5;10,3;90;89;90;217;5;2,6;
2025/07/04;0200 UTC;0;906,4;906,5;906,4;;12,1;10,5;12,1;11,8;10,5;10,3;90;90;90;233;4,7;2,1;
2025/07/04;0300 UTC;0;906,2;906,4;906,2;;12;10,4;12,2;12;10,5;10,3;90;89;90;233;3,8;1,9;
2025/07/04;0400 UTC;0;905,9;906,2;905,9;;11,8;10,4;12,1;11,8;10,4;10,4;91;90;91;213;4,4;2,1;
2025/07/04;0500 UTC;0;905,5;906;905,5;;11,8;10,5;12;11,8;10,6;10,4;92;91;91;195;4,1;1,2;
2025/07/04;0600 UTC;0;905,1;905,5;905,1;;12;10,4;12,1;11,8;10,7;10,4;92;90;90;241;4;2,2;
2025/07/04;0700 UTC;0;905,2;905,3;905,1;;11,6;10,8;12;11,6;10,8;10,3;95;90;95;219;6;2,4;
2025/07/04;0800 UTC;,2;905,5;905,5;905,2;;11,7;11;11,8;11,6;11;10,8;95;95;95;220;5;2,3;
2025/07/04;0900 UTC;0;905,4;905,5;905,4;;11,9;10,3;12;11,7;11,2;10,3;95;90;90;206;7,3;3,6;
2025/07/04;1000 UTC;,2;906,1;906,1;905,4;18,9;11,7;10,8;11,9;11,6;10,8;10,2;94;90;94;201;8,2;2,8;
2025/07/04;1100 UTC;,6;906,9;906,9;906,1;269,8;11,5;10;12,2;11,5;10,9;9,7;94;88;90;216;8,8;3,7;
2025/07/04;1200 UTC;,2;907,9;907,9;906,9;617,2;11,2;9,6;11,7;10,9;10,3;9,2;91;89;90;251;10;3,7;
2025/07/04;1300 UTC;0;908,2;908,2;907,8;986,2;11,8;10,2;11,8;11,1;10,2;9,3;90;87;90;243;8,8;2,8;
2025/07/04;1400 UTC;0;907,5;908,2;907,5;1474,2;13,3;9,5;13,4;11,6;10,2;8,9;90;76;78;248;7,9;3,1;
2025/07/04;1500 UTC;0;906,8;907,6;906,8;2241,2;14,3;8,6;14,5;13,4;9,8;8,4;78;68;68;213;7;2,4;
2025/07/04;1600 UTC;0;905,9;906,8;905,9;2060,7;15,6;8,5;16;14,2;9,7;7,4;70;58;63;230;5,8;3;
2025/07/04;1700 UTC;0;905,3;905,9;905,3;1068,3;14,3;8,7;15,6;13,9;9,2;7,8;70;62;69;248;6,1;3,3;
2025/07/04;1800 UTC;0;905,1;905,3;905;1491,9;14,1;9,3;15;13,9;9,9;8;74;63;73;234;7,8;4,4;
2025/07/04;1900 UTC;0;905,4;905,4;905,1;1152,4;13,2;9,2;14,2;13,2;9,8;9;77;72;77;249;7,5;2,2;
2025/07/04;2000 UTC;0;905,7;905,7;905,4;200,9;11,6;9,5;13,2;11,6;9,6;9,1;87;77;87;233;5;1,5;
2025/07/04;2100 UTC;0;905,9;905,9;905,7;7,9;11,6;9,4;12;11,4;9,6;9,4;87;84;87;271;5,6;2,1;
2025/07/04;2200 UTC;0;906;906,1;905,9;;11,9;9,5;11,9;11,4;9,7;9,4;88;85;85;205;4,1;2,2;
2025/07/04;2300 UTC;0;906,2;906,2;906;;11;9,2;11,9;11;9,5;9;89;85;89;240;4,3;1,9;
2025/07/05;0000 UTC;0;906,5;906,5;906,2;;10,4;8,7;11,1;10,3;9,3;8,5;89;88;89;267;3,4;1,3;
2025/07/05;0100 UTC;0;906,6;906,6;906,5;;11;9;11,1;10,4;9,2;8,7;89;87;88;257;4,3;2,3;
2025/07/05;0200 UTC;0;906,4;906,6;906,4;;10,3;8,3;11;10,2;9;8;88;86;87;265;4,5;1,9;
2025/07/05;0300 UTC;0;906,2;906,5;906,2;;8,1;6,5;10,3;8;8,3;6,2;90;87;90;285;3,8;,7;
2025/07/05;0400 UTC;0;905,8;906,2;905,8;;7,6;6,3;8,5;7,5;7,2;6,1;92;90;92;227;2,9;,8;
2025/07/05;0500 UTC;0;905,2;905,9;905,2;;6,3;4,9;8,1;6,3;7,4;4,9;95;91;91;202;3,5;,9;
2025/07/05;0600 UTC;0;905,1;905,2;905;;7,2;6,5;7,5;6,2;6,8;5;96;91;95;294;3,3;,6;
2025/07/05;0700 UTC;0;904,9;905,1;904,9;;6,9;6,3;7,4;6,5;6,7;5,8;96;95;96;277;1,7;,8;
2025/07/05;0800 UTC;,2;904,7;904,9;904,7;;7,5;6,9;7,9;6,9;7,2;6,3;96;96;96;260;1,8;1;
2025/07/05;0900 UTC;0;905;905;904,7;;6,3;5,7;7,6;6;7;5,3;96;95;96;262;3,5;,8;
2025/07/05;1000 UTC;0;905,6;905,6;905;42;8,1;7,5;8,1;6,3;7,5;5,8;96;95;95;221;3,1;1,6;
2025/07/05;1100 UTC;0;906;906;905,6;644,5;10;7,9;10;8,1;8,2;7,4;95;87;87;258;3;,9;
2025/07/05;1200 UTC;0;906,2;906,3;905,9;1379,3;12,5;9;12,5;10;9;7,7;87;77;79;187;3,8;1,9;
2025/07/05;1300 UTC;0;906;906,2;906;2011;15,1;8,6;15,6;12,5;9,9;8,3;80;63;65;173;3,7;1,5;
2025/07/05;1400 UTC;0;905,6;906;905,6;2469,6;16,5;10,1;16,5;14,9;10,2;8;69;62;66;239;4,7;1,4;
2025/07/05;1500 UTC;0;904,6;905,6;904,6;2653,3;17,4;7,1;18,3;15,7;9,8;6,1;66;46;51;144;3,7;1,4;
2025/07/05;1600 UTC;0;903,8;904,6;903,7;2641,1;16,5;9,9;18,6;16,4;10,6;7,1;66;48;65;229;5,5;2,9;
2025/07/05;1700 UTC;0;903,3;903,8;903,3;2265,3;15,3;10,6;16,9;14,4;10,6;9;74;63;74;251;7,8;3,8;
2025/07/05;1800 UTC;0;903;903,3;903;1462,2;14,4;10;15,4;14,4;10,4;9,5;75;69;75;237;7,8;2,7;
2025/07/05;1900 UTC;0;903,1;903,1;902,9;368,6;13,8;10,5;14,4;13,8;10,5;9,8;80;75;80;228;5,8;2,5;
2025/07/05;2000 UTC;0;903,4;903,4;903;146,9;13;10,4;13,8;13;10,6;10,4;85;80;85;236;5,4;2,4;
2025/07/05;2100 UTC;0;903,6;903,6;903,4;4,6;12,5;10,4;13,1;12,5;10,6;10,3;87;85;87;236;5;1,5;
2025/07/05;2200 UTC;0;903,8;903,8;903,6;;10,5;9;12,6;10,4;10,6;8,9;90;87;90;264;3,3;,7;
2025/07/05;2300 UTC;0;904;904;903,8;;9,4;8;10,6;9,2;9,2;7,6;91;90;91;314;3,3;,9;
2025/07/06;0000 UTC;0;903,9;904,1;903,9;;8,1;7,2;9,4;8;8,5;6,9;94;91;94;345;1,9;,7;
2025/07/06;0100 UTC;0;903,9;904;903,9;;7,3;6,7;8,5;7,2;7,7;6,5;95;94;95;6;1,6;,6;
2025/07/06;0200 UTC;0;904;904,1;903,9;;6,7;6,1;7,6;6,7;7;6,1;96;95;96;10;1,8;,6;
2025/07/06;0300 UTC;0;903,5;904;903,4;,7;8,1;7,5;8,1;6,6;7,5;6;96;96;96;87;1,3;,3;
2025/07/06;0400 UTC;0;903,2;903,6;903,2;;8,4;7,8;8,6;8,1;7,9;7,4;96;95;96;360;,8;,4;
2025/07/06;0500 UTC;0;902,8;903,2;902,8;;7,6;6,9;8,5;7,6;7,8;6,9;96;95;95;244;2,4;1,4;
2025/07/06;0600 UTC;0;902,4;902,9;902,3;;7,1;6,5;7,7;7;7;6,3;96;95;96;217;2,4;,2;
2025/07/06;0700 UTC;0;902,2;902,5;902,2;;7,1;6,5;7,3;7,1;6,6;6,5;96;96;96;352;1,5;,5;
2025/07/06;0800 UTC;0;902,1;902,2;902,1;;7,4;6,7;7,4;6,9;6,7;6,2;96;96;96;254;2,4;1;
2025/07/06;0900 UTC;0;902,6;902,6;902,1;;7,1;6,4;7,4;6,8;6,7;6,1;96;95;96;251;1,7;,3;
2025/07/06;1000 UTC;0;902,8;902,9;902,5;22,1;6,5;6;7,1;6,5;6,4;6;96;96;96;239;2,5;,9;
2025/07/06;1100 UTC;0;903,3;903,3;902,8;312,3;7,6;7;7,6;6,4;7;5,9;96;96;96;39;1,7;,5;
2025/07/06;1200 UTC;0;903,8;903,8;903,3;850,5;9,8;9,1;9,8;7,4;9,1;6,8;96;95;95;156;1,4;,5;
2025/07/06;1300 UTC;0;903,8;903,8;903,7;1637,8;15;9,4;15,3;9,6;12,4;8,9;96;69;69;94;2,3;,7;
2025/07/06;1400 UTC;0;903,4;903,8;903,4;2495;15,8;9,5;17,2;14,7;9,6;7,6;70;54;66;234;6,9;3,8;
2025/07/06;1500 UTC;0;903,1;903,4;903;1996,9;14,4;10;16,2;14,4;10,7;9,5;75;66;75;221;7,8;4,2;
2025/07/06;1600 UTC;0;902,4;903,1;902,4;2107,6;15;10,1;15,7;14;10,8;9,9;76;70;73;231;8,1;3,1;
2025/07/06;1700 UTC;0;902,2;902,4;902,2;1659,8;15,1;9,6;15,3;14,3;10,5;9,4;76;69;70;213;7,8;3,2;
2025/07/06;1800 UTC;0;902;902,2;902;1556,8;15,2;9,3;15,9;14,9;9,9;9;70;65;68;222;7,1;4,2;
2025/07/06;1900 UTC;0;902,7;902,7;902;807,4;13,7;9,4;15,3;13,7;9,7;8,8;75;67;75;211;8,6;3,8;
2025/07/06;2000 UTC;0;903,2;903,2;902,7;196,1;13,2;9,4;13,7;13,1;9,7;9,2;80;74;78;201;7,7;3,3;
2025/07/06;2100 UTC;0;903,5;903,5;903,2;8,7;12,2;9,1;13,2;12,2;9,7;9,1;81;78;81;216;6,4;1,9;
2025/07/06;2200 UTC;0;903,9;903,9;903,5;;11,3;8,8;12,3;11,3;9,2;8,8;85;81;84;224;4,6;1,7;
2025/07/06;2300 UTC;0;904,3;904,3;903,9;;10;7,7;11,3;9,9;8,7;7,6;86;83;86;245;4,3;1,5;
2025/07/07;0000 UTC;0;904,7;904,7;904,3;;10;8,1;10,4;9,3;8,2;7,3;89;84;88;226;5,4;2,3;
2025/07/07;0100 UTC;0;904,9;904,9;904,7;;11,2;9,2;11,3;9,8;9,3;7,9;89;87;87;238;5,1;2,5;
2025/07/07;0200 UTC;0;904,9;905;904,9;;11,3;9,2;11,4;10,9;9,5;8,7;89;85;87;211;5,2;2,3;
2025/07/07;0300 UTC;0;904,7;905;904,7;;11,5;9,2;11,6;11,3;9,6;9;88;86;86;201;6,2;3,2;
2025/07/07;0400 UTC;0;904,4;904,7;904,4;;10,9;8,7;11,5;10,9;9,2;8,7;87;85;86;203;5,8;3,1;
2025/07/07;0500 UTC;0;904;904,4;904;;9,6;7,8;10,9;9,6;8,8;7,8;89;86;88;198;4,9;2,2;
2025/07/07;0600 UTC;0;903,8;904;903,8;;8,5;6,9;9,6;8,5;7,8;6,9;91;88;90;221;4;1,6;
2025/07/07;0700 UTC;0;903,9;904;903,8;;8,4;7;8,7;8,1;7,6;6,7;93;90;91;206;4;2,6;
2025/07/07;0800 UTC;,2;904,3;904,3;903,9;;7,2;5,8;8,4;7,2;7;5,8;92;90;91;229;4;1,2;
2025/07/07;0900 UTC;0;904,7;904,7;904,3;;5,6;4,9;7,3;5,3;6;4,2;96;90;95;231;2,3;1,1;
2025/07/07;1000 UTC;0;905,4;905,4;904,7;19;5,3;4,7;6,6;4,9;6;4,2;96;94;96;19;2,8;,8;
2025/07/07;1100 UTC;0;905,8;905,8;905,4;616,9;8,9;7,3;8,9;5,3;7,8;4,7;96;90;90;116;1,8;,8;
2025/07/07;1200 UTC;0;906,3;906,3;905,8;1354;12,4;8,1;12,6;8,9;9;7;90;74;75;195;3,3;1,5;
2025/07/07;1300 UTC;0;906,2;906,4;906,2;1507,6;13,8;7,8;14,1;12,4;9,1;7,7;76;67;67;226;3,5;1,8;
2025/07/07;1400 UTC;0;905,7;906,2;905,7;2405,5;16,3;6,5;17,3;13,6;8,6;4,9;70;46;52;287;3,2;1,3;
2025/07/07;1500 UTC;0;905,2;905,7;905,2;2609,9;16,3;7,9;16,6;15,4;8,2;6,4;61;52;57;224;4,8;2;
2025/07/07;1600 UTC;0;904,4;905,2;904,4;1632,5;15,8;9;16,9;15,4;9,6;6,8;67;54;64;221;4,8;2,4;
2025/07/07;1700 UTC;0;904,2;904,4;904,2;1500,7;15,4;9,5;16,2;14,6;10,3;8,9;73;63;68;234;5;2,4;
2025/07/07;1800 UTC;0;903,9;904,2;903,9;840,1;14,7;10,3;15,6;14,6;10,3;9,3;75;66;75;224;3,9;2,3;
2025/07/07;1900 UTC;0;904,1;904,1;903,8;550;14,3;10,4;14,8;14,3;10,5;10,1;77;74;77;210;4,2;2,4;
2025/07/07;2000 UTC;0;904,5;904,5;904;179,5;13,4;10,5;14,3;13,4;10,6;10,2;83;77;83;207;3,8;1,8;
2025/07/07;2100 UTC;0;905,1;905,1;904,5;5,2;12,7;10,1;13,4;12,7;10,5;10,1;84;83;84;194;3,5;2;
2025/07/07;2200 UTC;0;905,3;905,3;905,1;;12,2;10,1;12,8;12,2;10,3;10;87;84;87;235;3,5;1;
2025/07/07;2300 UTC;0;905,6;905,6;905,3;;10,7;9,1;12,4;10,7;10,4;9,1;90;87;90;306;1,8;,3;
2025/07/08;0000 UTC;0;906;906;905,6;;9,2;8;10,7;9,1;9,1;7,9;92;90;92;336;1;,4;
2025/07/08;0100 UTC;0;906,1;906,1;906;;8,1;7,4;9,2;8,1;7,9;7,4;95;92;95;307;1,3;,2;
2025/07/08;0200 UTC;0;906;906,2;906;;7,3;6,7;8,4;7,3;7,6;6,6;96;95;96;176;1,4;,3;
2025/07/08;0300 UTC;0;905,7;906;905,7;;6,8;6,2;7,6;6,7;6,9;6,1;96;96;96;202;,6;,2;
2025/07/08;0400 UTC;,2;905,3;905,7;905,3;;6,3;5,7;6,8;6,3;6,2;5,7;96;96;96;134;,7;,3;
2025/07/08;0500 UTC;0;904,8;905,3;904,8;;5,4;5;6,6;5,4;6;4,9;97;96;97;225;,9;,3;
2025/07/08;0600 UTC;0;904,5;904,8;904,5;;5,1;4,6;5,5;5;5;4,5;97;97;97;252;,7;,2;
2025/07/08;0700 UTC;0;904,3;904,5;904,3;;4,4;4;5,1;4,4;4,6;4;97;97;97;86;,5;,2;
2025/07/08;0800 UTC;0;904,2;904,3;904,1;;3,8;3,5;4,5;3,8;4,1;3,5;97;97;97;63;1,9;,3;
2025/07/08;0900 UTC;,2;904,4;904,4;904,2;;3,1;2,8;3,8;2,9;3,4;2,6;98;97;98;227;1,1;,2;
2025/07/08;1000 UTC;0;904,6;904,6;904,4;18,9;2,5;2,2;3,1;2,5;2,7;2,2;98;98;98;332;,6;,4;
2025/07/08;1100 UTC;0;904,9;904,9;904,6;462,2;5,2;4,8;5,2;2,5;4,8;2,2;98;97;97;69;1,6;,4;
2025/07/08;1200 UTC;0;905,1;905,1;904,9;1322,9;10,5;9,8;10,5;5,2;9,8;4,9;97;96;96;84;1,8;,9;
2025/07/08;1300 UTC;0;904,9;905,2;904,9;2032,9;15,9;8,2;16;10,4;12,5;8;96;59;60;89;4,9;2,9;
2025/07/08;1400 UTC;0;904,5;904,9;904,5;2485,4;17,1;6,7;17,5;15,8;8,1;6,1;60;49;50;88;7,6;3,4;
2025/07/08;1500 UTC;0;903,9;904,5;903,9;2697,5;18,5;5,6;18,8;16,9;7,6;5;54;41;43;71;7,1;3,4;
2025/07/08;1600 UTC;0;903;903,9;903;2656,3;19,1;6;19,3;18,1;6,5;3,7;44;36;42;39;6,5;2,7;
2025/07/08;1700 UTC;0;902,5;903;902,4;2372,9;19,2;4,7;19,6;18,6;6,4;4;44;37;39;86;6,2;3,1;
2025/07/08;1800 UTC;0;902,1;902,5;902,1;1885,9;19,1;6;19,5;18,7;6,1;3,7;42;36;42;69;6,2;2;
2025/07/08;1900 UTC;0;902,2;902,3;902,1;910,2;17,1;8,1;19,4;16,4;8,7;5,2;58;41;56;16;4,4;1;
2025/07/08;2000 UTC;0;902,6;902,6;902,1;260,5;13;8,3;17,1;12,9;8,9;7,4;75;54;73;329;3,3;1,8;
2025/07/08;2100 UTC;0;902,9;902,9;902,6;7,8;10,8;7,9;13,4;10,6;8,3;7,5;83;71;82;302;3,9;1,6;
2025/07/08;2200 UTC;0;903,5;903,5;902,9;;8,7;7;11;8,7;8,6;6,8;89;81;89;289;3,1;,4;
2025/07/08;2300 UTC;0;904,1;904,1;903,5;;7,2;5,9;8,8;7,2;7,3;5,9;91;89;91;21;1,6;,4;
2025/07/09;0000 UTC;0;904,6;904,6;904,1;;6,1;5,1;7,4;6,1;6,3;5,1;94;91;93;22;1,6;,4;
2025/07/09;0100 UTC;0;904,8;904,8;904,5;;5,4;4,5;6,5;5,2;5,5;4,3;94;93;94;347;1,6;,2;
2025/07/09;0200 UTC;0;904,7;904,8;904,7;;4,4;3,8;5,8;4,4;5,2;3,8;96;94;96;16;,7;,2;
2025/07/09;0300 UTC;0;904,6;904,7;904,6;;3,8;3,4;4,5;3,6;4;3,1;97;96;97;65;,8;,1;
2025/07/09;0400 UTC;0;904,4;904,7;904,4;;3,6;3,2;3,8;3,3;3,3;2,9;97;97;97;245;,7;,5;
2025/07/09;0500 UTC;0;903,9;904,4;903,9;;2,5;2,2;3,7;2,5;3,3;2,1;97;97;97;37;1,4;,3;
2025/07/09;0600 UTC;0;903,8;904;903,8;;1,9;1,6;2,5;1,9;2,2;1,6;98;97;98;110;,7;,3;
2025/07/09;0700 UTC;0;903,8;903,9;903,7;;1,7;1,4;2,1;1,7;1,8;1,4;98;98;98;127;,6;,1;
2025/07/09;0800 UTC;,2;903,9;904;903,8;;1,4;1,1;1,8;1,3;1,5;1;98;98;98;19;,8;,2;
2025/07/09;0900 UTC;0;904,4;904,5;903,9;;1,7;1,5;1,7;1,3;1,5;1;98;98;98;39;,6;,3;
2025/07/09;1000 UTC;0;904,8;904,9;904,4;27,2;2,1;1,8;2,2;1,5;1,9;1,2;98;98;98;311;,6;,2;
2025/07/09;1100 UTC;0;905,4;905,4;904,8;591,9;6,6;6,1;6,6;2,1;6,1;1,9;98;97;97;100;1;,5;
2025/07/09;1200 UTC;0;905,7;905,7;905,4;1350,4;11,6;8,6;11,6;6,5;9,5;6;97;82;82;74;1,6;,8;
2025/07/09;1300 UTC;0;905,9;905,9;905,7;1987,4;14,6;10;14,7;11,6;10,2;8,4;82;73;74;206;4,8;3;
2025/07/09;1400 UTC;0;906;906,1;905,9;2468,8;15,1;10;15,7;14,6;10,9;9,5;75;69;72;238;7,4;3,9;
2025/07/09;1500 UTC;0;905,9;906;905,9;2750,6;15,7;9,5;16,3;14,8;10,5;9,3;74;66;67;228;7,7;3,2;
2025/07/09;1600 UTC;0;905,1;905,9;905;2833,3;16,2;9,2;16,5;15,4;10,4;9,1;69;62;63;235;6,3;3,4;
2025/07/09;1700 UTC;0;904,7;905,1;904,7;2166,3;15,8;8,9;16,8;15,4;10,5;8,6;67;61;63;224;7,1;3,3;
2025/07/09;1800 UTC;0;904,7;904,8;904,6;943,7;14,9;9,9;15,9;14,9;10;9;72;63;72;225;6,3;3,2;
2025/07/09;1900 UTC;0;904,8;904,8;904,7;496,2;13,9;10,5;15;13,9;10,9;10,1;81;72;80;217;6,9;3;
2025/07/09;2000 UTC;0;905,2;905,2;904,8;203;13,6;11,1;13,9;13,5;11,2;10,6;86;80;85;235;6,3;2,1;
2025/07/09;2100 UTC;0;905,6;905,6;905,2;10,3;13,1;11,3;13,6;13,1;11,3;11,1;89;85;89;246;4,5;2,2;
2025/07/09;2200 UTC;0;906,3;906,3;905,6;;12,7;11,3;13,1;12,7;11,4;11,2;92;89;92;226;3,8;1,6;
2025/07/09;2300 UTC;0;906,7;906,8;906,3;;12,4;11,6;12,7;12,4;11,6;11,3;95;92;95;232;3,7;1,9;
2025/07/10;0000 UTC;0;907,1;907,1;906,7;;12,2;11,5;12,4;12,2;11,6;11,5;95;95;95;227;4,2;2,1;
2025/07/10;0100 UTC;0;907,3;907,4;907,1;;12,2;11,4;12,2;12,2;11,5;11,4;95;95;95;234;4,7;2,5;
2025/07/10;0200 UTC;0;907,5;907,6;907,3;;12,4;11,6;12,5;12,1;11,8;11,4;95;95;95;244;4,6;1,7;
2025/07/10;0300 UTC;0;907,3;907,6;907,3;;12;11,2;12,4;11,9;11,6;11,1;95;95;95;208;3,7;1,5;
2025/07/10;0400 UTC;0;907,2;907,4;907,2;;12,1;10,8;12,3;12;11,3;10,8;95;92;92;257;3,5;1,3;
2025/07/10;0500 UTC;0;906,8;907,2;906,8;;11,9;10,5;12,2;11,8;10,9;10,5;92;91;92;211;3,9;1,3;
2025/07/10;0600 UTC;0;906,6;906,8;906,6;;11,7;10,1;11,9;11,7;10,6;10;92;89;90;196;3,6;1,1;
2025/07/10;0700 UTC;0;906,3;906,6;906,3;;11,1;9,6;11,7;11,1;10,1;9,6;91;90;91;206;2,4;,9;
2025/07/10;0800 UTC;0;906,2;906,4;906,2;;10,5;9,5;11,1;10,4;9,8;9,2;94;91;94;237;1,8;,6;
2025/07/10;0900 UTC;0;906,6;906,7;906,2;;11;9,6;11,3;10,5;10,4;9,6;95;91;91;229;2,8;1;
2025/07/10;1000 UTC;0;907,2;907,2;906,6;22,6;10,9;9,5;11,2;10,5;9,7;8,9;91;90;91;208;3,7;1,7;
2025/07/10;1100 UTC;0;907,8;907,8;907,2;441,3;12,3;10;12,4;10,5;10,2;9;91;86;86;218;3,7;1,7;
2025/07/10;1200 UTC;0;908,5;908,5;907,8;1111,4;14,2;10,2;14,3;12,3;10,5;9,9;86;77;77;217;5,1;2,2;
2025/07/10;1300 UTC;0;908,4;908,7;908,4;1604,4;15,6;10,3;15,7;14;10,6;9,7;77;69;71;226;4,7;2,2;
2025/07/10;1400 UTC;0;908;908,4;908;2207,2;16,1;10,8;16,5;15;11,2;9,8;75;68;71;231;6,5;2,9;
2025/07/10;1500 UTC;0;907,7;908;907,6;2422,5;15,6;10,4;16,8;15,6;11,1;9,9;72;66;71;230;5,8;3,2;
2025/07/10;1600 UTC;0;906,9;907,7;906,9;988,4;15,1;10,7;15,9;15;10,9;10;75;70;75;235;5,8;2,4;
2025/07/10;1700 UTC;0;906,6;907;906,6;341;15,3;11,9;15,3;14,3;11,9;10,4;82;75;80;226;4,4;1,7;
2025/07/10;1800 UTC;0;906,2;906,5;906,2;571;15,3;11,1;15,7;15,2;11,8;10,6;80;72;76;218;3,8;2,1;
2025/07/10;1900 UTC;0;906,2;906,2;906,1;278,6;14,8;11,2;15,3;14,7;11,4;10,9;80;75;79;198;3,5;2,2;
2025/07/10;2000 UTC;0;906,4;906,4;906,2;170,1;14;11,2;14,8;14;11,4;11,1;83;79;83;199;3,5;1,8;
2025/07/10;2100 UTC;0;906,8;906,8;906,4;4,5;13,5;11,5;14;13,5;11,5;11,3;87;83;87;203;3,1;1,1;
2025/07/10;2200 UTC;0;907,3;907,3;906,8;;13,1;11,3;13,5;13,1;11,6;11,3;89;87;89;250;2,4;,3;
2025/07/10;2300 UTC;0;907,8;907,8;907,3;;13;11,5;13,1;12,9;11,5;11,2;91;89;91;273;1,1;,2;
2025/07/11;0000 UTC;0;908;908;907,7;;11,9;10,7;13;11,9;11,5;10,6;92;91;92;330;,9;,5;
2025/07/11;0100 UTC;0;908;908;907,9;;11,5;10,6;12;11,4;11;10,6;94;92;94;307;,8;,3;
2025/07/11;0200 UTC;0;908;908,1;908;;10,6;9,8;11,6;10,5;10,7;9,7;95;94;95;314;,8;,4;
2025/07/11;0300 UTC;0;908;908;907,9;;10,2;9,4;10,9;10,1;10,2;9,3;95;95;95;79;1,7;,6;
2025/07/11;0400 UTC;0;907,8;908;907,7;;9,6;8,8;10,4;9,5;9,6;8,8;95;95;95;261;1,5;,6;
2025/07/11;0500 UTC;0;907,2;907,8;907,2;;9,3;8,6;9,6;9,1;8,9;8,4;95;95;95;255;1,5;,6;
2025/07/11;0600 UTC;0;907,1;907,2;907;;8,9;8,2;9,6;8,8;8,9;8,1;96;95;96;15;1,6;,4;
2025/07/11;0700 UTC;0;906,9;907,1;906,8;;8,7;8;8,9;8,5;8,2;7,9;96;96;96;335;1,8;,7;
2025/07/11;0800 UTC;,2;906,8;907;906,8;;7,7;7,1;8,6;7,5;8;6,9;96;96;96;312;1,3;,6;
2025/07/11;0900 UTC;0;907,1;907,2;906,8;;7,4;6,8;7,8;7,4;7,2;6,8;96;96;96;2;1;,5;
2025/07/11;1000 UTC;0;907,6;907,6;907,1;26,8;7,1;6,6;7,4;7,1;6,8;6,5;96;96;96;49;1,2;,3;
2025/07/11;1100 UTC;0;908,1;908,1;907,6;415,8;8,6;8;8,6;7,1;8;6,6;96;96;96;153;1,1;,3;
2025/07/11;1200 UTC;0;908,8;908,8;908,1;1025,4;11,5;10,8;11,9;8,6;11,1;8,1;96;95;95;120;2,1;,6;
2025/07/11;1300 UTC;0;908,7;908,8;908,7;1886,1;17,7;12;17,7;11,5;15,1;10,8;95;69;69;70;3;1,5;
2025/07/11;1400 UTC;0;908,1;908,7;908,1;2461,6;18,5;10;19;16,8;11,5;9,7;70;57;58;85;4,4;1,8;
2025/07/11;1500 UTC;0;907,4;908,1;907,4;2824,2;18,9;10,3;20,2;18,3;10,9;9,1;59;53;57;83;5,9;2,7;
2025/07/11;1600 UTC;0;906,7;907,4;906,7;2706,9;19,3;9,8;20;18,6;11,3;9,6;60;53;54;92;6,2;1,7;
2025/07/11;1700 UTC;0;906,5;906,7;906,5;864,8;16,1;11,6;19,3;16;11,7;9,6;76;54;75;228;5,8;3,2;
2025/07/11;1800 UTC;0;906,2;906,5;906,2;621,5;16,3;11,8;16,7;16;12;11,2;76;71;75;215;5,3;1,8;
2025/07/11;1900 UTC;0;906,2;906,3;906,2;282,2;16,8;11,4;16,8;16;12,2;11,1;78;69;70;25;3,7;1;
2025/07/11;2000 UTC;0;906,4;906,4;906,2;191,2;16;11,1;16,9;16;11,4;10,8;73;68;73;11;3,7;1,3;
2025/07/11;2100 UTC;0;906,6;906,6;906,3;8,3;14,7;11,4;16;14,7;11,4;11;81;72;81;20;2,9;,7;
2025/07/11;2200 UTC;0;907,1;907,1;906,6;;14,6;11,5;14,8;14,2;11,8;11,3;84;81;81;21;2,4;1,4;
2025/07/11;2300 UTC;0;907,4;907,4;907,1;;13,8;11,7;14,7;13,4;11,7;11,2;88;81;87;4;2,4;,8;
2025/07/12;0000 UTC;0;907,5;907,5;907,4;;13,1;11,2;13,8;13,1;11,7;11,2;89;87;89;47;1,8;,6;
2025/07/12;0100 UTC;0;907,6;907,7;907,5;;12,9;11,3;13,2;12,9;11,5;11,1;90;89;90;309;1,3;,6;
2025/07/12;0200 UTC;0;907,4;907,6;907,4;;12,6;11,2;13;12,6;11,4;11,1;91;90;91;16;1,4;,7;
2025/07/12;0300 UTC;0;907,2;907,4;907,2;;12,5;11,2;12,7;12,5;11,4;11,1;92;91;92;114;1,4;,3;
2025/07/12;0400 UTC;0;907;907,3;907;;12,7;11,6;12,8;12,3;11,8;11;94;92;93;20;1,5;,9;
2025/07/12;0500 UTC;0;906,6;907;906,6;;12,8;11,9;12,8;12,5;11,9;11,3;94;93;94;247;2,4;1,5;
2025/07/12;0600 UTC;0;906,2;906,6;906,2;;13,1;12,1;13,1;12,2;12,1;11,1;94;93;94;289;3,5;1,7;
2025/07/12;0700 UTC;0;906,1;906,2;906;;12,5;11,4;13,2;12,2;12,1;11;94;91;93;24;3,5;1,1;
2025/07/12;0800 UTC;0;905,9;906,1;905,9;;12,1;11,3;12,5;12;11,4;11,1;94;93;94;267;2,1;,9;
2025/07/12;0900 UTC;0;906,2;906,2;905,9;;12,3;11,5;12,4;11,9;11,5;11;95;94;95;250;2,6;1;
2025/07/12;1000 UTC;0;906,7;906,7;906,2;22,4;12;11,1;12,3;12;11,5;11,1;95;94;94;325;2,2;,5;
2025/07/12;1100 UTC;0;907,2;907,2;906,7;274,3;13,4;12,1;13,4;12;12,1;11,1;94;92;92;136;1,2;,3;
2025/07/12;1200 UTC;0;907,8;907,8;907,2;734,9;15;11,9;15;13,3;12,1;11,7;92;82;82;178;2;,6;
2025/07/12;1300 UTC;0;907,8;907,9;907,8;1072,8;16,8;11,3;16,9;14,9;12;11,2;82;70;70;96;1,9;1;
2025/07/12;1400 UTC;0;907,4;907,8;907,4;1506,1;18,3;9,8;18,7;16,7;11,8;9,3;72;56;58;83;2,7;1,5;
2025/07/12;1500 UTC;0;907;907,4;907;1317,6;17,6;9,6;18,8;17,6;10,5;8,4;61;52;60;246;3,5;2;
2025/07/12;1600 UTC;0;906,3;907;906,3;1234;17,9;11,3;18,9;17,3;11,3;8,2;66;51;65;231;4,9;2,5;
2025/07/12;1700 UTC;0;905,8;906,3;905,8;865,6;17,1;10,2;17,9;16,9;11,3;10;68;62;64;209;4,9;2;
2025/07/12;1800 UTC;0;905,7;905,8;905,7;620,4;15,9;11,6;17,1;15,9;11,8;10,1;77;63;76;228;4,8;2,5;
2025/07/12;1900 UTC;0;905,7;905,7;905,7;434,1;15,5;11,6;16,2;15,5;11,8;11,2;78;72;77;219;4,6;2,5;
2025/07/12;2000 UTC;0;906;906;905,7;94,9;15;11,6;15,5;15;11,8;11,5;80;77;80;229;4,6;1,3;
2025/07/12;2100 UTC;0;906,2;906,2;906;3;14,6;9,5;15;14,6;11,6;9,5;81;72;72;259;3,4;1,4;
2025/07/12;2200 UTC;0;906,5;906,5;906,2;;14,4;7,7;14,7;14,3;9,5;7,7;72;64;64;279;4,7;2,2;
2025/07/12;2300 UTC;0;906,8;906,8;906,5;;14;7,6;14,5;13,4;8,3;7;71;61;65;278;4,4;1,9;
2025/07/13;0000 UTC;0;907,1;907,1;906,8;;13;7,6;14,1;12,9;8,5;6,7;74;62;70;246;4,2;1;
2025/07/13;0100 UTC;0;907,2;907,2;907,1;;10,9;7,2;13;10,7;8,7;6,9;79;70;78;259;2,4;,8;
2025/07/13;0200 UTC;0;907,1;907,3;907,1;;10,3;7,6;11,1;10,2;8,1;7,2;84;78;83;248;1,7;1;
2025/07/13;0300 UTC;0;907,1;907,2;907,1;;9;6,6;10,3;9;7,5;6,6;85;82;85;272;2,6;1,4;
2025/07/13;0400 UTC;0;906,9;907,1;906,9;;7,3;5,6;9,5;7,3;7,1;5,5;89;84;89;245;2,5;1;
2025/07/13;0500 UTC;0;906,5;906,9;906,5;;6;4,7;7,8;6;6,4;4,7;92;89;92;77;1,8;,4;
2025/07/13;0600 UTC;0;906,4;906,6;906,4;;5,1;4,4;6;5;4,8;4;95;92;95;270;1,3;,3;
2025/07/13;0700 UTC;0;906,2;906,4;906,2;;4,4;3,8;5,1;4,4;4,4;3,8;96;95;96;290;,8;,3;
2025/07/13;0800 UTC;0;906,2;906,3;906,1;;3,8;3,3;5,4;3,8;4,9;3,3;97;96;97;83;2,1;,4;
2025/07/13;0900 UTC;0;906,6;906,6;906,2;;3,2;2,7;3,8;3,2;3,3;2,7;97;97;97;356;1,2;,3;
2025/07/13;1000 UTC;0;907,2;907,2;906,6;22;3,2;2,8;3,3;2,9;2,9;2,5;97;97;97;281;,8;,4;
2025/07/13;1100 UTC;0;907,5;907,6;907,2;623,1;7,5;6,8;7,5;3,1;6,8;2,7;97;96;96;160;1;,3;
2025/07/13;1200 UTC;0;908;908;907,5;1383,4;11,8;7,5;11,8;7,5;7,5;6,1;96;74;75;104;2;,8;
2025/07/13;1300 UTC;0;908;908,1;908;2018,7;16,2;5,4;16,3;11,8;8,7;4,3;74;47;49;195;3,5;1,5;
2025/07/13;1400 UTC;0;907,6;908,1;907,6;2470;17,8;4,7;17,9;15,8;6,1;3,9;50;41;42;90;4,9;1,5;
2025/07/13;1500 UTC;0;907;907,7;906,9;2702,9;17,9;1,8;19,5;17,6;5,4;1,3;44;32;34;192;5,2;2,3;
2025/07/13;1600 UTC;0;906,2;907;906,1;2708;17,8;3,1;19,1;17,6;5,4;1,3;41;33;37;273;6,5;2,5;
2025/07/13;1700 UTC;0;905,7;906,2;905,7;2475,9;16,9;8,1;18,8;16,5;9;3,6;59;38;56;250;6,5;3,1;
2025/07/13;1800 UTC;0;905,5;905,7;905,5;1227,5;14,8;8,5;16,9;14,8;8,8;7,8;66;56;66;251;7,3;2,8;
2025/07/13;1900 UTC;0;905,3;905,6;905,3;536,9;15,1;9,3;15,2;14,8;9,3;8,6;69;65;68;241;5,7;2,1;
2025/07/13;2000 UTC;0;905,7;905,7;905,3;242;13,8;9,8;15,1;13,8;9,8;9,2;77;68;77;238;5,4;2,2;
2025/07/13;2100 UTC;0;905,8;905,8;905,7;9,7;12,6;10;13,8;12,3;10;9,6;84;77;84;238;3,8;1,3;
2025/07/13;2200 UTC;0;906,1;906,1;905,8;;12;10;12,6;11,2;10,1;9;89;84;88;227;2,6;1,3;
2025/07/13;2300 UTC;0;906,3;906,3;906,1;;10,8;9,1;12,1;10,8;10,1;9,1;90;87;89;303;2,5;,4;
2025/07/14;0000 UTC;0;906,4;906,4;906,2;;9,6;8,2;11,1;9,5;9,6;7,9;91;89;91;7;1,5;,6;
2025/07/14;0100 UTC;0;906,8;906,8;906,4;;9,3;8,3;9,7;8,8;8,6;7,4;93;91;93;279;2;,7;
2025/07/14;0200 UTC;0;907;907;906,8;;9,4;8,4;10;9,3;9,2;8,3;95;92;94;14;1,6;,3;
2025/07/14;0300 UTC;0;906,8;907;906,7;;8,2;7,4;9,4;8,2;8,5;7,4;95;94;95;330;1,2;,4;
2025/07/14;0400 UTC;0;906,4;906,8;906,4;;7,8;7,1;8,3;7,8;7,6;7,1;95;95;95;272;1,3;,5;
2025/07/14;0500 UTC;0;906,2;906,4;906;;6,8;6,2;7,9;6,8;7,2;6,2;96;95;96;336;1,3;,4;
2025/07/14;0600 UTC;0;905,9;906,2;905,9;;6,6;6,1;7;6,5;6,4;5,9;96;96;96;299;1,3;,5;
2025/07/14;0700 UTC;,2;905,6;905,9;905,5;;5,6;5,1;6,6;5,5;6;5;97;96;97;79;1;,3;
2025/07/14;0800 UTC;0;905,6;905,6;905,5;;5;4,6;5,7;5;5,2;4,6;97;97;97;341;1,1;,4;
2025/07/14;0900 UTC;0;905,6;905,7;905,5;;4,3;3,9;5,1;4,1;4,6;3,7;97;97;97;232;,8;,3;
2025/07/14;1000 UTC;0;906,1;906,1;905,6;21,3;3,6;3,2;4,3;3,4;3,9;3,1;98;97;98;32;,7;,2;
2025/07/14;1100 UTC;0;906,6;906,6;906,1;571,2;6,6;6,1;6,6;3,6;6,1;3,2;98;97;97;105;1,1;,6;
2025/07/14;1200 UTC;0;906,9;906,9;906,6;1392,1;12;9;12;6,6;10,4;6,2;97;82;82;95;1,7;,9;
2025/07/14;1300 UTC;0;906,7;906,9;906,7;2024,8;16,4;8,8;16,4;11,9;10,3;7,9;83;60;61;61;4,6;2,1;
2025/07/14;1400 UTC;0;906,3;906,7;906,3;2485,9;17,7;7,2;17,7;15,7;8,9;4,9;62;44;50;55;5,8;2,3;
2025/07/14;1500 UTC;0;905,8;906,3;905,8;2759,4;18,2;5,3;18,6;17,2;7,7;4,3;53;41;43;37;5,7;2,2;
2025/07/14;1600 UTC;0;905,1;905,8;905,1;1865,4;17,8;6;19,4;16,8;6,5;4,5;48;39;46;51;4,9;1,7;
2025/07/14;1700 UTC;0;904,5;905,1;904,5;2080,7;17,8;6,3;18,9;17,4;6,9;5,4;48;43;47;28;5,6;2,2;
2025/07/14;1800 UTC;0;904,1;904,5;904;1715,3;18,2;6,8;18,9;17,8;7,2;5,6;48;43;47;8;5;1,5;
2025/07/14;1900 UTC;0;904;904,1;904;1106,2;17,7;8,1;18,6;17,3;8,8;6,2;55;45;54;331;4,3;,6;
2025/07/14;2000 UTC;0;904,3;904,3;904;277,3;13,8;8,8;17,7;13,1;9,4;7,2;77;50;72;296;2;,9;
2025/07/14;2100 UTC;0;904,6;904,6;904,3;11;11,4;7,8;13,7;11,1;9;7,8;82;72;78;312;3,5;2,4;
2025/07/14;2200 UTC;0;905;905;904,6;;9,4;7,3;11,4;9,3;8;7,2;87;78;87;333;3,5;,6;
2025/07/14;2300 UTC;0;905,2;905,2;904,9;;8;6,6;9,3;8;7,4;6,6;90;87;90;296;1,8;,3;
2025/07/15;0000 UTC;0;905,5;905,5;905,2;;7,2;6,1;8,1;7,1;6,8;5,9;93;90;93;317;1,1;,3;
2025/07/15;0100 UTC;0;905,7;905,7;905,5;;6,5;5,8;7,2;6,5;6,3;5,7;95;92;95;319;,8;,3;
2025/07/15;0200 UTC;0;905,6;905,7;905,6;;5,8;5,1;6,8;5,7;6,2;5,1;96;95;96;347;1;,2;
2025/07/15;0300 UTC;0;905,3;905,6;905,3;;5;4,5;5,8;4,9;5,3;4,4;96;96;96;91;,7;,1;
2025/07/15;0400 UTC;0;905;905,3;905;;4,5;4,1;5,2;4,5;4,6;4;97;96;97;27;1;,3;
2025/07/15;0500 UTC;0;904,5;905;904,5;;4,4;3,9;4,8;4,2;4,3;3,8;97;97;97;290;,9;,3;
2025/07/15;0600 UTC;0;904,2;904,5;904,2;;3,9;3,5;4,4;3,8;4;3,4;97;97;97;128;,6;,2;
2025/07/15;0700 UTC;,2;903,8;904,2;903,8;;3,4;3,1;3,9;3,4;3,5;3,1;97;97;97;86;1;,2;
2025/07/15;0800 UTC;0;903,7;903,8;903,6;;3,2;2,8;3,5;3,1;3,1;2,7;98;97;98;286;,5;,2;
2025/07/15;0900 UTC;0;904;904;903,7;;3;2,7;3,3;2,9;2,9;2,6;98;98;98;265;,6;,2;
2025/07/15;1000 UTC;0;904,3;904,3;904;22,8;2,8;2,4;3;2,5;2,7;2,2;98;98;98;227;,8;,2;
2025/07/15;1100 UTC;0;904,5;904,5;904,2;605,5;6,3;5,8;6,4;2,8;5,9;2,5;98;97;97;97;1,3;,5;
2025/07/15;1200 UTC;0;904,8;904,8;904,5;1356,7;12;9,6;12;6,3;9,8;5,8;97;85;85;115;1,8;,7;
2025/07/15;1300 UTC;0;904,6;904,8;904,6;2021,9;17,8;8,8;17,8;11,9;10;8,2;85;55;55;71;2,7;1;
2025/07/15;1400 UTC;0;904,2;904,6;904,2;2566,1;19,5;7,4;19,9;17,6;9,2;6,7;56;44;46;143;5,3;2,3;
2025/07/15;1500 UTC;0;903,7;904,2;903,6;2969;18,5;7,8;19,6;18,2;9,3;6,8;56;45;50;251;4,9;1,4;
2025/07/15;1600 UTC;0;902,8;903,7;902,8;1912,6;16,9;10,2;19,6;16,9;10,5;5,3;65;40;65;213;5,6;3;
2025/07/15;1700 UTC;0;902,7;902,8;902,6;1641,5;15,6;11;17,2;15,1;11,6;10,2;76;65;74;223;7,7;3,9;
2025/07/15;1800 UTC;0;902,7;902,7;902,5;1026;14,9;10,1;15,8;14,9;11,1;9,9;76;71;73;234;7,5;3,7;
2025/07/15;1900 UTC;0;902,8;902,8;902,7;545,7;14,5;9,8;14,9;14,3;10,4;9,7;77;72;74;247;6,9;2,8;
2025/07/15;2000 UTC;0;902,8;902,8;902,7;148,4;13;9,7;14,6;13;9,9;9,6;81;73;81;245;6,8;1,7;
2025/07/15;2100 UTC;0;903;903;902,8;11,9;12;9,6;13;11,9;10,1;9,4;86;81;85;228;3,4;1,5;
2025/07/15;2200 UTC;0;903,1;903,1;902,9;;10,4;8,6;12;10,3;9,7;8,4;89;85;88;253;3,2;1,3;
2025/07/15;2300 UTC;0;903,3;903,3;903;;9,6;8,1;10,6;9,3;8,8;7,6;90;88;90;260;2,5;1,5;
2025/07/16;0000 UTC;0;903,3;903,4;903,3;;7,6;6,1;9,6;7,6;8;6,1;91;89;90;250;2,1;1;
2025/07/16;0100 UTC;0;903,6;903,6;903,4;;6;5,1;7,6;6;6,2;5,1;94;90;94;9;1,6;,3;
2025/07/16;0200 UTC;0;903,6;903,7;903,6;;5,5;4,9;6;5,3;5,1;4,6;96;94;96;298;,7;,3;
2025/07/16;0300 UTC;,2;903,3;903,6;903,3;;4,2;3,7;5,5;3,9;4,8;3,5;97;96;97;137;1,1;,2;
2025/07/16;0400 UTC;0;903,2;903,4;903,2;;3,3;2,9;4,2;3,3;3,7;2,9;97;97;97;109;,7;,2;
2025/07/16;0500 UTC;0;902,9;903,2;902,9;;3,1;2,8;3,4;3;3;2,7;97;97;97;3;,6;,2;
2025/07/16;0600 UTC;0;902,6;902,9;902,5;;2,3;2;3,1;2,3;2,8;2;98;97;98;352;,6;,3;
2025/07/16;0700 UTC;0;902,5;902,6;902,5;;1,8;1,5;2,3;1,7;2;1,4;98;98;98;237;,6;,3;
2025/07/16;0800 UTC;0;902,4;902,5;902,3;;1,3;1;1,9;1,2;1,6;,9;98;98;98;35;,9;,3;
2025/07/16;0900 UTC;0;902,9;902,9;902,4;;,8;,6;1,4;,7;1,1;,5;98;98;98;6;,9;,3;
2025/07/16;1000 UTC;0;903,4;903,4;902,9;23,6;,7;,5;1;,5;,7;,3;98;98;98;24;,8;,2;
2025/07/16;1100 UTC;0;903,7;903,7;903,4;668,9;5,5;5;5,7;,7;5,2;,5;98;97;97;90;1,5;,7;
2025/07/16;1200 UTC;0;904,2;904,2;903,7;1433,1;10,7;8,5;10,7;5,4;9,3;4,9;97;86;86;102;2;1;
2025/07/16;1300 UTC;0;904,2;904,2;904,1;2069,2;16,1;9,2;16,1;10,7;9,3;7,7;86;64;64;96;2,5;1,3;
2025/07/16;1400 UTC;0;903,8;904,2;903,8;2509,8;19,5;5,6;19,5;15,7;9,3;2,7;64;34;40;67;3,7;1,5;
2025/07/16;1500 UTC;0;903,1;903,8;903,1;2724,8;20,5;1,2;20,5;18,3;4,3;-1,4;40;24;28;207;3,6;,8;
2025/07/16;1600 UTC;0;902,3;903,1;902,3;2703,7;19,5;-,2;20,6;19,1;1,5;-2,7;29;22;27;225;5,1;2,9;
2025/07/16;1700 UTC;0;902;902,3;901,9;2448,8;18,5;2,3;20;18,5;3,3;-1,1;36;25;34;217;6,9;3,5;
2025/07/16;1800 UTC;0;902;902,1;902;1955,1;17,6;6,5;18,8;17,5;7;2,3;50;34;48;226;6,9;3,5;
2025/07/16;1900 UTC;0;902,3;902,3;902;803,7;14,9;9,4;17,7;14,9;9,6;6;70;47;70;251;6,2;2,7;
2025/07/16;2000 UTC;0;902,8;902,8;902,3;149;13,9;9,5;15;13,9;9,5;8,8;75;68;75;238;5,1;1,5;
2025/07/16;2100 UTC;0;903,1;903,1;902,8;15,5;12,1;9,2;13,9;12,1;9,7;8,9;83;75;83;234;3,3;,8;
2025/07/16;2200 UTC;0;903,4;903,4;903,1;;10,5;7,7;12,2;10,3;9,3;7,4;86;79;83;286;2,3;1,2;
2025/07/16;2300 UTC;0;903,7;903,7;903,4;;8,3;6,2;10,5;8,3;7,9;6,2;88;82;86;303;2,6;,8;
2025/07/17;0000 UTC;0;903,9;904;903,7;;6,8;5,5;8,5;6,8;6,7;5,5;91;86;91;288;1,9;,4;
2025/07/17;0100 UTC;0;903,9;904;903,9;;5,7;4,7;6,8;5,7;5,5;4,6;93;91;93;57;1,1;,3;
2025/07/17;0200 UTC;0;903,9;904;903,9;;5,1;4,5;5,7;5,1;4,8;4,3;96;93;96;304;,6;,4;
2025/07/17;0300 UTC;0;903,6;903,9;903,6;;4,1;3,6;5,3;4,1;4,7;3,6;97;96;96;289;,8;,2;
2025/07/17;0400 UTC;0;903,1;903,6;903,1;;3,7;3,3;4,4;3,7;3,9;3,3;97;96;97;271;,7;,3;
2025/07/17;0500 UTC;0;902,8;903,1;902,8;;3,2;2,8;4;3,1;3,6;2,7;97;97;97;299;1;,3;
2025/07/17;0600 UTC;,2;902,4;902,8;902,4;;3;2,6;3,5;2,8;3,1;2,4;97;97;97;8;1;,3;
2025/07/17;0700 UTC;0;902,2;902,4;902,2;;3;2,6;3,1;2,5;2,7;2,2;98;97;98;236;,5;,2;
2025/07/17;0800 UTC;0;902,1;902,2;902,1;1,3;4,5;4,1;4,5;3;4,1;2,7;98;97;97;104;,7;,3;
2025/07/17;0900 UTC;0;902,3;902,3;902,1;1,5;5,4;4,9;5,4;4,5;4,9;4,1;97;97;97;85;,8;,2;
2025/07/17;1000 UTC;0;902,3;902,3;902,2;23,3;5,5;5;5,8;5,4;5,3;4,9;97;97;97;320;,6;,2;
2025/07/17;1100 UTC;0;902,8;902,8;902,3;341,2;7,3;6,8;7,3;5,5;6,8;5;97;96;96;176;1;,4;
2025/07/17;1200 UTC;0;903,1;903,1;902,8;1070;11,6;10,9;11,6;7,3;10,9;6,7;96;95;95;104;1,3;,7;
2025/07/17;1300 UTC;0;902,9;903,1;902,8;2033;17,1;9,1;17,1;11,6;13,1;8,9;95;59;60;90;7;3,5;
2025/07/17;1400 UTC;0;902,1;902,9;902,1;2500,4;18,4;7,7;18,7;17,1;9,3;7,3;59;49;50;88;8,2;4,5;
2025/07/17;1500 UTC;0;901,4;902,2;901,4;2698,7;19,3;7,4;19,7;18,4;8,2;6,8;50;45;46;69;9,2;3,5;
2025/07/17;1600 UTC;0;900,5;901,4;900,5;2552,3;19,3;7,1;20,4;18,9;8,5;6,3;48;43;45;78;7,9;3,9;
2025/07/17;1700 UTC;0;900,2;900,5;900;2357,7;19,7;7,9;20,6;19;8,6;7,2;48;44;46;73;7;2,6;
2025/07/17;1800 UTC;0;900;900,2;899,8;1875,2;19,8;8,6;20;19,2;8,6;7,6;49;46;49;82;7,7;3,4;
2025/07/17;1900 UTC;0;900,2;900,2;900;1308,2;18,3;9,3;20,2;18,3;9,4;8,1;56;47;56;74;7,2;2,5;
2025/07/17;2000 UTC;0;900,5;900,6;900,1;300,8;14,7;9,7;18,3;14,7;9,8;9,1;72;56;72;357;5,2;,6;
2025/07/17;2100 UTC;0;900,8;900,9;900,5;11,7;12,7;8,6;15,1;12,7;10,1;8,6;79;71;76;333;4,3;2,2;
2025/07/17;2200 UTC;0;901,2;901,2;900,8;;10,6;8;12,7;10,6;9,1;7,9;84;76;84;326;3,6;,5;
2025/07/17;2300 UTC;0;901;901,2;901;;9,5;8;10,6;9,1;8,5;7,4;91;83;90;360;3,2;1,5;
2025/07/18;0000 UTC;0;901,3;901,3;901;;9,8;8,4;10,6;9,3;9,3;7,7;92;89;91;5;3,6;2;
2025/07/18;0100 UTC;0;901,4;901,4;901,3;;8,9;7,5;11,1;8,8;9,6;7,1;91;87;91;22;4,1;2;
2025/07/18;0200 UTC;0;901,3;901,4;901,2;;9,8;8,8;10,2;8,5;9,2;7;94;89;93;21;3,7;1,9;
2025/07/18;0300 UTC;0;901,2;901,4;901,2;;8,8;7,3;10,5;8,3;9,6;6,7;94;88;91;13;3,2;1,8;
2025/07/18;0400 UTC;0;901;901,2;901;;8,3;7,2;9,7;7,6;8,9;6,4;95;90;93;22;3,4;2,2;
2025/07/18;0500 UTC;,2;900,4;901;900,4;;7,9;7,1;8,3;7,4;7,4;6,3;95;92;95;44;3,4;,8;
2025/07/18;0600 UTC;0;899,9;900,4;899,9;;8,7;7;9,9;7,7;9,1;7;95;89;89;17;3,6;1,7;
2025/07/18;0700 UTC;0;899,6;899,9;899,5;;9,9;8;10,3;8,1;8,9;6,8;94;88;88;12;5,2;2,5;
2025/07/18;0800 UTC;0;899,4;899,6;899,4;;10,9;8,3;11,6;9,9;8,8;7,3;89;79;84;19;6;2,9;
2025/07/18;0900 UTC;0;900,2;900,2;899,4;;8,8;7;10,9;8,8;8,3;6,7;89;81;88;15;5,6;1,8;
2025/07/18;1000 UTC;,2;900,5;900,5;900,2;24,3;8,5;6,5;9,9;8,2;8,4;6,5;92;87;87;338;3,9;1;
2025/07/18;1100 UTC;0;900,8;900,8;900,5;602,1;13,2;9,6;13,4;8,5;9,7;6,6;90;77;79;29;3,8;1,5;
2025/07/18;1200 UTC;0;901,1;901,1;900,7;1359,3;16,4;8,7;16,5;13,2;10;8,5;79;60;60;71;5,4;2,7;
2025/07/18;1300 UTC;0;901;901,1;901;1923,7;17,8;8,9;18,5;16,3;9,7;8,5;62;54;56;105;6;3,1;
2025/07/18;1400 UTC;0;900,5;901;900,4;2427,9;21,2;8;21,2;17,8;9,8;5,8;56;37;43;28;7,1;2,3;
2025/07/18;1500 UTC;0;900,2;900,5;900,2;2664,9;21;6,3;21,7;20,5;8;5,3;43;35;38;305;7,9;3,2;
2025/07/18;1600 UTC;0;899,4;900,3;899,3;2644,3;21,4;5;22,6;20,6;7,6;3,6;40;30;34;142;8,6;1,3;
2025/07/18;1700 UTC;0;898,8;899,4;898,8;2377,8;22,4;4,7;23,2;21,5;5,8;1;35;25;32;236;6,4;1,7;
2025/07/18;1800 UTC;0;898,8;898,9;898,7;1419,3;21,3;5,9;22,3;20,9;6,2;2,9;38;29;37;224;4,6;2,3;
2025/07/18;1900 UTC;0;899,1;899,1;898,7;825,5;20;8;21,3;18,7;8,6;5,5;52;36;46;257;4,3;,7;
2025/07/18;2000 UTC;0;899,6;899,6;899,1;329,5;15,7;9,8;20,4;15,7;10,4;7,2;69;43;68;282;3;1,3;
2025/07/18;2100 UTC;0;900,2;900,2;899,6;14,5;13,3;9,5;15,7;13;10,5;9,5;80;68;78;282;3;1,2;
2025/07/18;2200 UTC;0;900,8;900,8;900,2;;12,4;9,7;13,4;12,4;11,1;9,4;88;78;84;223;2,9;1;
2025/07/18;2300 UTC;0;901,2;901,3;900,8;;12;9,6;14,7;11,2;13,2;8,8;94;83;85;224;4,8;1,2;
2025/07/19;0000 UTC;0;901,5;901,5;901,1;;13,6;11,5;13,7;11,3;12,1;9;91;85;87;216;3,9;1,4;
2025/07/19;0100 UTC;0;901,8;901,9;901,5;;11,4;9,1;13,8;11;11,9;8,6;88;82;86;347;3,8;1,2;
2025/07/19;0200 UTC;0;901,7;901,9;901,7;;10,8;9,2;11,4;10,2;9,3;8,1;90;85;90;280;2,2;,6;
2025/07/19;0300 UTC;0;901,7;901,7;901,6;;12,3;11;12,3;10,8;11;9,1;92;90;92;202;2,1;1,2;
2025/07/19;0400 UTC;0;901,5;901,7;901,5;;11,9;10,5;12,3;11,5;11;9,9;92;90;91;260;2,1;,4;
2025/07/19;0500 UTC;0;901,3;901,5;901,3;;12,8;12;12,8;11,8;12;10,5;95;91;95;212;6,2;2,5;
2025/07/19;0600 UTC;0;901,4;901,5;901,3;;12,9;12;13,1;12,8;12,3;12;95;94;94;220;6,2;2,9;
2025/07/19;0700 UTC;0;901,5;901,5;901,3;;11,5;10,6;13;11,5;12,2;10,6;95;94;94;242;6,9;3,5;
2025/07/19;0800 UTC;0;902;902;901,5;;11,6;10,5;11,6;11,3;10,7;10,4;95;94;94;224;7,3;2,5;
2025/07/19;0900 UTC;0;902,3;902,3;902;;10,3;9;11,6;10,3;10,6;9;94;92;92;224;7,1;2,2;
2025/07/19;1000 UTC;0;902,8;902,8;902,3;26,7;10,7;9;10,7;10,3;9;8,8;92;90;90;220;5;2,3;
2025/07/19;1100 UTC;0;903,3;903,3;902,8;334,6;11,4;9,1;11,4;10,7;9,1;8,9;90;86;86;220;5;2,1;
2025/07/19;1200 UTC;0;903,7;903,7;903,3;1375,3;12,8;8,8;13,1;11,4;9,3;8,7;86;76;77;219;4,1;1,9;
2025/07/19;1300 UTC;0;903,4;903,7;903,4;1999,4;15,4;9,5;16,7;12,8;10,9;9;79;66;68;186;3,4;1,2;
2025/07/19;1400 UTC;0;902,8;903,4;902,8;2482,9;17,7;10,9;17,7;15,4;10,9;9,6;70;63;64;216;4,1;2;
2025/07/19;1500 UTC;0;902,3;902,8;902,3;2720,4;15,7;10,6;18,2;15,7;11,3;9,8;71;61;71;219;6,5;4,3;
2025/07/19;1600 UTC;0;902;902,3;902;2571,9;15,2;10,8;16,2;15;11,3;10,4;76;71;75;215;7,8;3,8;
2025/07/19;1700 UTC;0;901,6;902;901,6;1967,1;16,1;11,1;16,7;15,1;11,7;10,7;76;71;72;226;6,9;3,4;
2025/07/19;1800 UTC;0;901,3;901,6;901,3;1816,5;15,3;11,1;16,2;15,1;11,7;10,7;77;72;76;200;5,9;3;
2025/07/19;1900 UTC;0;901,8;901,8;901,3;1169,8;13,4;10,6;15,5;13,4;11,4;10,5;83;75;83;204;5,8;3,3;
2025/07/19;2000 UTC;0;902,3;902,3;901,8;214,5;12,4;10,1;13,5;12,4;10,7;10,1;86;82;86;223;5,8;2,9;
2025/07/19;2100 UTC;0;902,5;902,6;902,3;14,5;12,1;9,7;12,4;12;10,1;9,7;87;86;86;245;6,9;3,1;
2025/07/19;2200 UTC;0;902,9;902,9;902,5;;11,5;9,6;12,1;11,5;9,7;9,5;88;86;88;223;5,9;1,8;
2025/07/19;2300 UTC;0;903,3;903,3;902,9;;11,5;9,9;11,6;11,3;10;9,4;90;88;90;230;4,4;1,5;
2025/07/20;0000 UTC;0;903,7;903,7;903,3;;10,9;9,4;11,5;10,9;10;9,4;91;90;90;230;4,5;1,1;
2025/07/20;0100 UTC;0;903,7;903,7;903,6;;9,8;8,5;10,9;9,8;9,4;8,4;92;90;91;221;4;2;
2025/07/20;0200 UTC;0;903,7;903,7;903,6;;8;6,8;9,8;8;8,9;6,8;94;91;92;286;5,4;1,1;
2025/07/20;0300 UTC;0;903,5;903,7;903,5;;7,2;6,5;8,6;6,8;7,8;6;95;92;95;253;3,5;,8;
2025/07/20;0400 UTC;0;903,2;903,5;903,2;;6,8;6,2;7,6;6,8;6,9;6,2;96;95;96;276;3,6;1,5;
2025/07/20;0500 UTC;0;903;903,2;903;;5,5;4,9;6,9;5,4;6,2;4,8;96;95;96;300;3,1;,5;
2025/07/20;0600 UTC;0;902,9;903;902,8;;4,5;4;5,8;4,5;5,2;4;96;96;96;290;1,1;,3;
2025/07/20;0700 UTC;,2;902,9;903;902,8;;3,8;3,4;4,6;3,8;4,1;3,4;97;96;97;304;1,4;,3;
2025/07/20;0800 UTC;0;902,8;902,9;902,7;;3,2;2,8;3,9;3;3,4;2,6;97;97;97;87;,8;,3;
2025/07/20;0900 UTC;0;903,3;903,3;902,8;;2,6;2,3;3,2;2,4;2,7;2;98;97;98;146;1,2;,3;
2025/07/20;1000 UTC;0;903,7;903,7;903,3;27,1;2,2;1,9;2,7;2,1;2,4;1,8;98;98;98;327;1;,3;
2025/07/20;1100 UTC;0;904;904;903,7;632,8;6;5,5;6;2,2;5,5;1,9;98;97;97;97;1,3;,7;
2025/07/20;1200 UTC;0;904,3;904,3;904;1420,6;11,5;7,7;11,5;5,9;7,8;5,4;97;77;77;87;1,7;,8;
2025/07/20;1300 UTC;0;904,2;904,3;904,2;2063,8;16,4;7,5;16,8;11,5;9,1;7,1;77;54;56;93;3,2;1,4;
2025/07/20;1400 UTC;0;903,9;904,2;903,9;2517,8;19,4;6,2;19,6;16,2;8,2;4,5;59;39;42;165;3,5;1;
2025/07/20;1500 UTC;0;903,3;903,9;903,3;2755,6;19,2;3,2;20,6;18,6;6,8;2,4;45;32;35;220;4,4;2,4;
2025/07/20;1600 UTC;0;902,5;903,3;902,5;2115,4;18,2;2,6;19,6;17,8;6,9;2,4;46;33;35;236;5,8;2,7;
2025/07/20;1700 UTC;0;901,7;902,5;901,7;2249,2;17,6;10,2;19,3;16,8;10,2;3;64;35;62;226;6,2;2,9;
2025/07/20;1800 UTC;0;901,7;901,8;901,7;1325,6;15,9;9,3;17,8;15,9;10,8;8,7;70;57;65;235;6,8;3,3;
2025/07/20;1900 UTC;0;901,9;901,9;901,7;545,1;15,3;10,3;16,2;15,3;10,3;9;72;64;72;193;6,1;2,7;
2025/07/20;2000 UTC;0;902,2;902,2;901,8;205,3;13,8;10,5;15,3;13,8;10,6;10,3;81;72;81;222;5,7;2,8;
2025/07/20;2100 UTC;0;902,6;902,6;902,2;11,9;13,3;10,3;13,8;13,3;10,6;10,3;83;81;82;230;5;1,8;
2025/07/20;2200 UTC;0;903;903;902,5;;11,3;8,7;13,3;11,3;10,3;8,7;85;82;84;343;3,6;,5;
2025/07/20;2300 UTC;0;902,9;903;902,9;;10,2;7,8;11,5;10,2;9,1;7,7;85;82;85;310;3,9;2;
2025/07/21;0000 UTC;0;902,9;902,9;902,8;;8,4;7;10,6;8,4;8,3;6,9;91;85;91;326;3,9;,5;
2025/07/21;0100 UTC;0;902,9;903;902,8;;7,7;6,5;8,4;7,6;7,1;6,4;93;90;93;336;1;,4;
2025/07/21;0200 UTC;0;903;903,2;902,9;;8,2;7,5;8,3;7,6;7,6;6,5;95;93;95;89;1,1;,5;
2025/07/21;0300 UTC;0;902,9;903;902,9;;7,5;6,9;8,3;7,4;7,6;6,8;96;95;96;342;1,1;,6;
2025/07/21;0400 UTC;0;902,6;902,9;902,6;;7,4;6,8;7,7;7,3;7;6,7;96;96;96;52;1,1;,2;
2025/07/21;0500 UTC;,2;902,2;902,6;902,2;;7,4;6,9;7,4;7,3;6,9;6,7;96;96;96;272;1;,2;
2025/07/21;0600 UTC;0;901,9;902,2;901,9;;6,9;6,3;7,5;6,9;7;6,3;96;96;96;355;,6;,4;
2025/07/21;0700 UTC;0;901,5;901,9;901,5;;7,4;6,9;7,4;6,7;6,9;6,2;97;96;96;315;,8;,3;
2025/07/21;0800 UTC;0;901,6;901,6;901,3;;8;7,4;8;7,4;7,4;6,8;96;96;96;241;,9;,5;
2025/07/21;0900 UTC;0;901,8;901,8;901,6;,9;8,5;7,9;8,5;8;7,9;7,4;96;96;96;102;1,6;,5;
2025/07/21;1000 UTC;0;902,2;902,2;901,8;14,1;10,1;9,4;10,1;8,5;9,5;7,9;96;96;96;65;3,1;1,7;
2025/07/21;1100 UTC;0;902,6;902,6;902,2;137;11,3;10,6;11,3;10;10,6;9,3;96;95;95;22;3,5;2,1;
2025/07/21;1200 UTC;0;903,2;903,3;902,6;349,7;12,5;10,5;12,5;11,3;11,4;10,5;95;88;88;81;3,9;2,2;
2025/07/21;1300 UTC;0;903,4;903,5;903,2;753,5;13,5;10,4;13,7;12,5;10,9;10,4;88;81;81;79;5;3;
2025/07/21;1400 UTC;0;902,7;903,4;902,7;2382,8;15,8;10;16,3;13,5;11,1;10;82;68;68;86;6,9;3,5;
2025/07/21;1500 UTC;0;902,1;902,7;902,1;2772,6;16,9;10;17,3;15,6;11;9,7;70;64;64;79;7;3,3;
2025/07/21;1600 UTC;0;901,1;902,1;901;2727,7;17,3;9,9;17,7;16,4;10,9;9,8;67;61;62;88;6,6;3,3;
2025/07/21;1700 UTC;0;900,5;901,1;900,5;2443,5;17,5;10,5;18,4;17,2;10,8;10;64;60;63;75;7,1;3,3;
2025/07/21;1800 UTC;0;900,2;900,5;900,1;1929,7;18,3;10,9;18,6;17,2;11,5;10,2;64;60;62;35;5,8;2;
2025/07/21;1900 UTC;0;900,3;900,3;900,1;1253,4;17,2;10,5;18,3;17,1;11,2;10,3;65;62;65;30;4,6;1,5;
2025/07/21;2000 UTC;0;900,7;900,7;900,3;337,8;14,3;10,7;17,5;14,3;11;10,5;79;65;79;9;4;1,5;
2025/07/21;2100 UTC;0;901;901;900,7;12,9;12,7;10,3;14,3;12,1;10,9;9,7;87;79;86;17;2,9;1;
2025/07/21;2200 UTC;0;901,3;901,3;901;;10,7;8,8;12,7;10,7;10,2;8,7;89;84;88;100;2,2;,5;
2025/07/21;2300 UTC;0;901,6;901,6;901,3;;9,5;8;11;9,5;9,3;8;91;88;91;331;1,4;,4;
2025/07/22;0000 UTC;0;901,8;901,8;901,6;;8,1;7,1;9,5;8,1;8;7,1;93;91;93;341;1,4;,5;
2025/07/22;0100 UTC;0;901,6;901,8;901,6;;7,9;7,2;8,5;7,7;7,7;7;95;93;95;281;1,1;,2;
2025/07/22;0200 UTC;0;901,4;901,7;901,4;;7;6,4;8,1;7;7,4;6,4;96;95;96;226;,9;,2;
2025/07/22;0300 UTC;0;901,2;901,5;901,2;;6,7;6,1;7,1;6,6;6,4;6;96;96;96;240;,7;,3;
2025/07/22;0400 UTC;,2;901;901,2;901;;6,1;5,5;6,8;6;6,2;5,5;96;96;96;260;,8;,2;
2025/07/22;0500 UTC;0;900,6;901;900,6;;7,4;6,8;7,4;6,1;6,8;5,6;96;96;96;206;,8;,2;
2025/07/22;0600 UTC;0;900,3;900,6;900,3;1,5;9,1;8,4;9,1;7,4;8,4;6,9;96;96;96;66;1,2;,7;
2025/07/22;0700 UTC;0;900;900,3;900;,1;10;9,3;10,2;8,9;9,5;8,2;96;95;95;29;2,2;1;
2025/07/22;0800 UTC;0;900;900;899,9;;9,5;8,8;10,8;9,4;10,1;8,7;95;95;95;87;2,8;,4;
2025/07/22;0900 UTC;0;900,5;900,5;900;;8,7;8;9,7;8,7;9;8;96;95;96;89;2,5;,4;
2025/07/22;1000 UTC;0;900,9;900,9;900,5;33,2;8,9;8,2;9,5;8,3;8,7;7,7;96;95;96;17;2,9;1,4;
2025/07/22;1100 UTC;0;901,4;901,4;900,9;611,9;14,1;12,3;14,1;8,9;13,2;8,4;96;89;89;7;4,2;2,6;
2025/07/22;1200 UTC;0;901,7;901,7;901,4;1345,1;17,2;11,1;17,3;14,1;12,1;10,8;89;67;67;91;6,7;3,8;
2025/07/22;1300 UTC;0;901,8;901,9;901,7;1958,7;18,3;10,9;18,8;17;11,4;10,8;68;61;62;94;8;4;
2025/07/22;1400 UTC;0;901,6;901,9;901,6;2415,9;20,1;9,9;20,6;18,2;11,7;9,9;63;52;52;66;7,7;3,2;
2025/07/22;1500 UTC;0;900,8;901,6;900,8;2706,5;21,5;10,7;21,5;19,9;11,6;9,5;56;50;50;67;7,4;2,7;
2025/07/22;1600 UTC;0;900,1;900,8;900,1;2734,4;21,7;11,6;22,3;20,4;12,1;9,9;54;48;53;66;7;2,9;
2025/07/22;1700 UTC;0;899,6;900,1;899,6;1997,6;21,7;11,7;22,1;20,7;11,9;10,8;56;51;53;81;6,7;2,8;
2025/07/22;1800 UTC;0;899,5;899,7;899,5;1688,4;21;11,8;22,3;20,8;12,2;10,8;57;50;56;81;7,3;2,8;
2025/07/22;1900 UTC;0;899,8;899,8;899,4;1179,7;20,5;11,9;21,5;20,5;12,2;11,6;59;54;58;45;6,8;,9;
2025/07/22;2000 UTC;0;900,3;900,3;899,8;263,8;16,8;13;20,5;16,8;13;11,8;78;58;78;24;3,2;1;
2025/07/22;2100 UTC;0;900,6;900,6;900,3;18;15,4;12;16,9;15,3;13,1;11,9;82;78;80;330;3,1;1,6;
2025/07/22;2200 UTC;0;901;901;900,6;;13,3;11;15,4;13,3;12;11;86;80;86;53;3;,3;
2025/07/22;2300 UTC;0;901,6;901,6;901;;12;10,4;13,3;12;11,5;10,4;90;86;90;18;1,2;,5;
2025/07/23;0000 UTC;0;901,8;901,8;901,6;;11;9,6;12,4;11;11,2;9,6;92;90;91;1;1,8;,3;
2025/07/23;0100 UTC;0;902;902;901,8;;10,6;9,7;11;10,4;9,8;9,2;94;91;94;306;1,2;,4;
2025/07/23;0200 UTC;0;902,2;902,2;902;;10,1;9,3;10,8;10,1;10;9,2;95;94;95;302;,9;,5;
2025/07/23;0300 UTC;0;902,1;902,2;902,1;;9,4;8,6;10,1;9,2;9,3;8,4;95;95;95;271;,9;,2;
2025/07/23;0400 UTC;0;902;902,1;901,9;;9;8,3;9,6;8,7;8,9;8;95;95;95;183;1,1;,1;
2025/07/23;0500 UTC;0;901,6;902;901,6;;8,4;7,7;9,1;8,4;8,4;7,7;96;95;96;144;,6;,2;
2025/07/23;0600 UTC;,2;901,3;901,6;901,3;;8,1;7,5;8,6;7,8;7,9;7,2;96;96;96;78;,9;,3;
2025/07/23;0700 UTC;0;901,2;901,3;901,2;;7,5;6,9;8,1;7,4;7,5;6,8;96;96;96;143;,7;,2;
2025/07/23;0800 UTC;0;901,4;901,4;901,1;;7,2;6,7;7,7;7,1;7,1;6,5;96;96;96;160;,9;,2;
2025/07/23;0900 UTC;0;901,7;901,7;901,4;;7,2;6,6;7,4;7;6,8;6,5;96;96;96;270;,7;,3;
2025/07/23;1000 UTC;0;902;902;901,7;35;6,8;6,3;7,2;6,7;6,6;6,2;96;96;96;99;,7;,3;
2025/07/23;1100 UTC;0;902,5;902,5;902;589,3;11;10,4;11,1;6,8;10,4;6,3;96;95;95;97;,8;,3;
2025/07/23;1200 UTC;0;902,9;902,9;902,4;1353,2;17,1;12,7;17,4;11;14,6;10,4;95;75;75;170;1,3;,5;
2025/07/23;1300 UTC;0;902,7;902,9;902,7;2008,5;21,2;12,2;21,2;17,1;13,6;11,6;76;56;56;96;5,1;2,4;
2025/07/23;1400 UTC;0;902,4;902,7;902,4;2564,9;22,6;10,7;23,1;21;12,8;10,7;57;47;47;54;6,5;2,4;
2025/07/23;1500 UTC;0;902,3;902,4;902,2;2877,2;17,8;13,6;23,9;17,6;13,6;10,5;77;45;77;227;8,8;4,9;
2025/07/23;1600 UTC;0;902,2;902,5;902,2;2133,5;18,2;12,2;18,4;16,8;13,5;12,1;77;68;68;229;8,8;3,9;
2025/07/23;1700 UTC;0;902;902,2;902;1648,2;16,6;12;18,2;16,6;13,2;11,6;77;68;74;226;8,5;4;
2025/07/23;1800 UTC;0;901,8;902;901,7;797,9;16,1;11,3;17;16,1;12,2;10,7;75;70;73;248;7,2;3,5;
2025/07/23;1900 UTC;0;901,8;901,8;901,7;582,1;16,2;12,4;16,3;15,9;12,4;11,3;79;73;78;249;7,2;2,9;
2025/07/23;2000 UTC;0;902,1;902,1;901,8;444,1;14,5;13,3;16,5;14,5;13,3;12,3;93;78;93;228;5,7;3;
2025/07/23;2100 UTC;0;902,5;902,5;902;3,1;14,3;13,5;14,5;14,3;13,5;13,5;95;93;95;234;6,1;2,9;
2025/07/23;2200 UTC;0;902,8;902,8;902,5;,3;14,1;13,3;14,3;14,1;13,5;13,3;95;95;95;232;5,5;2,3;
2025/07/23;2300 UTC;,2;903,2;903,2;902,8;;13,2;12,5;14,2;13,2;13,4;12,5;95;95;95;227;5,7;2,8;
2025/07/24;0000 UTC;0;903,6;903,6;903,2;;13,2;12,4;13,2;12,9;12,5;12,2;95;95;95;231;5,7;3,1;
2025/07/24;0100 UTC;0;903,9;903,9;903,6;;12,8;11,9;13,2;12,8;12,4;11,9;95;94;94;226;6,4;3,1;
2025/07/24;0200 UTC;0;904;904,1;903,9;,2;12,7;11,4;12,8;12,6;11,8;11;94;90;92;220;6,4;1,8;
2025/07/24;0300 UTC;0;903,7;904;903,6;;12,8;12;12,8;12,7;12;11,4;95;92;95;254;4,2;2;
2025/07/24;0400 UTC;0;903,4;903,7;903,4;;13;12,2;13;12,8;12,2;12;95;95;95;254;3,3;,8;
2025/07/24;0500 UTC;,2;903;903,4;903;;12,8;12;13,1;12,8;12,4;12;95;95;95;228;1,8;,8;
2025/07/24;0600 UTC;0;902,8;903;902,8;;12,1;10,4;12,8;12,1;12;10,4;95;89;89;189;2,9;1,5;
2025/07/24;0700 UTC;0;902,8;902,8;902,7;,3;12;10,1;12,1;11,9;10,3;9,8;89;86;88;227;5,4;2,6;
2025/07/24;0800 UTC;0;902,8;902,9;902,8;;11,9;10,2;12,2;11,9;10,4;10,1;89;88;89;219;4,7;,9;
2025/07/24;0900 UTC;0;903,2;903,2;902,7;;12,1;10,3;12,1;11,9;10,4;10,2;90;89;89;240;2,9;1,4;
2025/07/24;1000 UTC;,6;903,5;903,5;903,2;6,4;11,9;10,2;12,1;11,9;10,3;10,1;89;88;89;220;4,1;1,7;
2025/07/24;1100 UTC;0;904;904;903,5;68,7;12,4;10,7;12,4;11,9;10,7;10,2;90;89;89;187;3,7;1,5;
2025/07/24;1200 UTC;0;904,6;904,6;904;152,2;13;10,9;13;12,4;11;10,6;89;87;87;222;3,2;1,8;
2025/07/24;1300 UTC;,2;904,4;904,7;904,4;333,5;13,7;11,6;13,7;12,9;11,7;10,8;89;86;87;322;3,2;,4;
2025/07/24;1400 UTC;0;904,3;904,4;904,3;428,1;13,7;11,7;13,9;13,6;11,9;11,3;88;86;88;79;1,4;,5;
2025/07/24;1500 UTC;0;903,7;904,3;903,7;507,5;14;12,1;14,4;13,6;12,6;11,7;90;88;88;229;2,7;1,5;
2025/07/24;1600 UTC;0;903,2;903,7;903,2;188,5;13,4;11,6;14;13,4;12,1;11,5;89;87;89;205;5;2,1;
2025/07/24;1700 UTC;0;902,4;903,2;902,4;334,4;13,5;11,7;13,9;13,4;12,1;11,6;89;88;89;198;4,4;1,2;
2025/07/24;1800 UTC;,4;902;902,4;901,9;170,6;13,6;12;13,8;13,5;12;11,8;90;88;90;196;2,7;,8;
2025/07/24;1900 UTC;,2;901,8;902;901,8;91,6;13,6;12,2;13,7;13,6;12,2;12;91;90;91;88;2;1,3;
2025/07/24;2000 UTC;,2;902,2;902,2;901,8;34,2;13,5;12,3;13,8;13,5;12,5;12,3;92;91;92;237;3,7;2,1;
2025/07/24;2100 UTC;0;902,2;902,2;902,1;1,3;13,4;12,5;13,6;13,4;12,6;12,3;94;92;94;196;3,7;,9;
2025/07/24;2200 UTC;0;902,1;902,3;902,1;;13,3;12,4;13,5;13,2;12,6;12,3;94;94;94;19;2,3;1,5;
2025/07/24;2300 UTC;0;902,4;902,4;902;;13,1;12,3;13,4;12,6;12,5;11,8;95;94;95;222;4;1,1;
2025/07/25;0000 UTC;0;902,6;902,7;902,4;,1;13,2;12,4;13,3;13,1;12,5;12,3;95;95;95;56;1,9;,7;
2025/07/25;0100 UTC;0;902,7;902,7;902,5;;13,3;12,5;14,1;13;13,2;12,1;95;94;95;62;3,7;1,2;
2025/07/25;0200 UTC;0;902,6;902,7;902,6;;14,2;12,5;14,5;13,3;13,5;12,4;95;90;90;67;3,4;1,2;
2025/07/25;0300 UTC;0;902,6;902,6;902,4;;14,5;12,2;14,7;14,2;12,8;12,2;90;86;86;16;4,4;1,3;
2025/07/25;0400 UTC;0;902;902,6;902;;14,3;12,2;14,5;14,3;12,3;12,2;88;86;87;37;4,4;1,7;
2025/07/25;0500 UTC;0;901,5;902;901,5;,1;14,2;12,1;14,3;14,1;12,2;12,1;87;87;87;34;4,6;1,4;
2025/07/25;0600 UTC;0;901,1;901,5;901,1;;14,2;12,1;14,2;14,1;12,1;12;87;87;87;41;4,6;1,7;
2025/07/25;0700 UTC;0;901,1;901,1;901;;14,2;12;14,3;14;12,1;11,9;88;87;87;23;6,6;2,5;
2025/07/25;0800 UTC;0;901,2;901,2;900,9;,1;14,1;12;14,2;14;12;11,9;87;87;87;26;6,6;2,6;
2025/07/25;0900 UTC;0;901,3;901,3;901,1;;13,9;12;14,2;13,9;12,1;12;88;87;88;27;6,8;2,5;
2025/07/25;1000 UTC;0;901,8;901,8;901,3;3,1;14,1;12,1;14,2;13,9;12,2;12;89;88;88;32;5,8;2,5;
2025/07/25;1100 UTC;0;902,4;902,4;901,7;60,2;14,2;12,4;14,2;14;12,4;12,1;89;88;89;64;5,8;1,5;
2025/07/25;1200 UTC;0;903;903;902,3;136,1;14,7;12,5;14,7;14,2;12,6;12,4;89;87;87;77;4;2,1;
2025/07/25;1300 UTC;0;903,2;903,2;902,9;710,9;15,6;12,5;15,7;14,7;13;12,5;87;82;82;80;5,4;2,7;
2025/07/25;1400 UTC;0;902,8;903,3;902,8;893,8;17,8;13,6;17,8;15,4;13,6;12,3;82;74;76;56;5,9;2,4;
2025/07/25;1500 UTC;0;902,3;902,8;902,3;1756,7;17,1;12,3;18,3;17;13,1;11,6;76;68;73;61;8;2,4;
2025/07/25;1600 UTC;0;901,3;902,3;901,3;1232,7;17;12,3;18,3;16,9;13,4;12;76;70;74;52;5,5;2,5;
2025/07/25;1700 UTC;0;900,5;901,3;900,5;1900,3;18,1;12,6;18,7;16,8;13,4;12,2;76;68;70;83;5,6;3,3;
2025/07/25;1800 UTC;0;899,8;900,5;899,8;1277,6;18,1;12,3;18,7;17,7;12,9;12,1;71;67;69;73;5,8;1,9;
2025/07/25;1900 UTC;0;899,7;899,8;899,6;371,5;17,2;12;18,1;17,2;12,4;12;72;69;72;40;4,7;1,5;
2025/07/25;2000 UTC;0;899,9;899,9;899,6;182,1;16,2;11,8;17,2;16,1;12,1;11,7;75;72;75;22;4,3;1,6;
2025/07/25;2100 UTC;0;899,8;900;899,8;6,7;15,1;11,9;16,2;15,1;11,9;11,7;81;75;81;15;4,1;1,4;
2025/07/25;2200 UTC;,6;900,3;900,6;899,8;;14,2;11,8;15,1;14,2;12,1;11,6;85;81;85;58;2,8;1,2;
2025/07/25;2300 UTC;10,4;901,8;902,3;900,3;;14;11,2;14,9;13,9;12,4;10,8;89;80;83;245;8;2,9;
2025/07/26;0000 UTC;6,4;901,5;902,2;901,5;;12,8;11,3;14,3;12,8;11,7;10,9;90;82;90;64;8;,9;
2025/07/26;0100 UTC;0;901,4;901,5;901,3;;12,1;10,7;12,9;12,1;11,4;10,6;91;90;91;317;2,5;,8;
2025/07/26;0200 UTC;0;901,4;901,4;901,3;;11,5;10,4;12,1;11,3;11;10;93;91;93;169;2,5;,5;
2025/07/26;0300 UTC;0;901,6;901,7;901,4;;11,6;10,7;11,9;11,2;11,1;10,1;95;93;94;293;2,5;,8;
2025/07/26;0400 UTC;0;900,9;901,7;900,9;;11,4;10,5;11,6;11,3;10,7;10,5;95;94;95;83;2,2;,7;
2025/07/26;0500 UTC;0;900,8;901,1;900,8;;11,3;10,5;11,6;11,3;10,8;10,5;95;95;95;335;3;,6;
2025/07/26;0600 UTC;0;900,8;900,8;900,5;;11;10,2;11,4;10,6;10,6;9,8;95;95;95;251;2,4;,6;
2025/07/26;0700 UTC;0;900,8;901;900,7;;9,8;9;11;9,8;10,1;9;95;95;95;237;2,4;,7;
2025/07/26;0800 UTC;0;900,9;900,9;900,6;;9,2;8,5;10,1;9,1;9,4;8,4;95;95;95;316;1,4;,5;
2025/07/26;0900 UTC;0;901,2;901,2;900,9;;8,1;7,5;9,3;8,1;8,6;7,5;96;95;96;342;1,5;,5;
2025/07/26;1000 UTC;0;901,5;901,6;901,2;30,5;8,4;7,8;8,4;8;7,8;7,4;96;96;96;260;,9;,4;
2025/07/26;1100 UTC;0;902;902;901,5;542,4;10,3;9,6;10,3;8,4;9,6;7,8;96;95;95;98;1,2;,4;
2025/07/26;1200 UTC;0;902,4;902,4;901,9;1438,4;13,9;12,6;13,9;9,9;12,9;9,3;96;92;92;94;1,7;,7;
2025/07/26;1300 UTC;0;902,6;902,7;902,4;2072,4;17,4;10,7;17,8;13,9;12,8;10,5;92;64;65;82;4,9;2,4;
2025/07/26;1400 UTC;0;902,5;902,6;902,4;2488,8;18,5;10,7;18,8;17,4;11,8;10,3;68;59;60;88;6,6;3,3;
2025/07/26;1500 UTC;0;901,8;902,5;901,8;2409,7;19,8;10,5;19,8;18,5;11,2;10;62;54;55;53;6,8;2,1;
2025/07/26;1600 UTC;0;901,2;901,8;901,2;2208,3;19,2;11,8;20,6;18,5;12;10;63;53;62;47;6,6;2,2;
2025/07/26;1700 UTC;0;900,9;901,2;900,9;1880,5;18,5;11,1;20;18,4;12,4;10,5;63;57;62;77;5,7;2,4;
2025/07/26;1800 UTC;0;900,6;900,9;900,5;811;18;11,5;18,6;18;11,9;11;66;62;66;35;4,9;1,2;
2025/07/26;1900 UTC;,2;900,5;900,6;900,5;837,3;18,8;11,9;19,4;17,8;12,5;11,3;69;61;64;17;3,9;1,1;
2025/07/26;2000 UTC;0;900,7;900,7;900,5;304,5;14,7;12,2;18,8;14,6;12,6;11,8;86;64;85;355;2,4;1;
2025/07/26;2100 UTC;0;901;901;900,7;14,2;13,5;10,8;14,8;13,5;12,3;10,8;86;82;83;336;2,7;1,3;
2025/07/26;2200 UTC;0;901,5;901,5;900,9;;11,9;10;13,7;11,9;11,4;9,8;88;83;88;132;2,6;,3;
2025/07/26;2300 UTC;0;901,8;901,8;901,5;;11,1;9,9;12;10,8;10,3;9,3;92;88;92;305;1;,3;
2025/07/27;0000 UTC;0;902,2;902,2;901,8;;9,7;8,9;11,1;9,6;9,8;8,7;95;91;94;333;1,3;,5;
2025/07/27;0100 UTC;0;902,3;902,4;902,2;;8,7;8;9,7;8,7;8,8;7,9;95;94;95;345;,8;,3;
2025/07/27;0200 UTC;,2;902,4;902,6;902,3;;8,4;7,7;8,9;8,3;8,1;7,6;95;95;95;39;,8;,1;
2025/07/27;0300 UTC;0;902,3;902,6;902,3;;8;7,4;8,4;7,6;7,7;7;96;95;96;295;,6;,2;
2025/07/27;0400 UTC;0;902,1;902,3;902,1;;7,7;7,1;8;7,4;7,4;6,8;96;96;96;342;1;,4;
2025/07/27;0500 UTC;0;901,6;902,1;901,6;;7,9;7,3;8,1;7,4;7,4;6,9;96;96;96;152;,9;,2;
2025/07/27;0600 UTC;0;901,4;901,6;901,3;;8,4;7,8;8,5;7,9;7,8;7,3;96;96;96;202;,9;,3;
2025/07/27;0700 UTC;0;901;901,4;901;;7,7;7,1;8,4;7,5;7,8;6,9;96;96;96;219;,9;,3;
2025/07/27;0800 UTC;0;900,8;901;900,8;;9,5;8,8;9,5;7,7;8,8;7,2;96;95;96;35;2,3;,7;
2025/07/27;0900 UTC;0;901,3;901,3;900,8;;11,1;10,4;11,8;9,5;11,1;8,8;96;95;95;351;2,4;1,3;
2025/07/27;1000 UTC;,2;901,6;901,6;901,3;29,6;11,2;10,5;11,5;10,3;10,7;9,6;95;95;95;353;4,1;1,9;
2025/07/27;1100 UTC;0;902,3;902,3;901,6;239,8;14;13,2;14;10,9;13,3;10,2;95;95;95;70;4,6;1,9;
2025/07/27;1200 UTC;0;902,6;902,6;902,3;829,8;16,5;14,4;16,5;14;14,7;13,2;95;87;87;70;4,2;1,7;
2025/07/27;1300 UTC;0;902,4;902,6;902,4;1936;17,7;12,5;18,2;16,2;14,4;12,2;87;71;71;82;7,7;3,7;
2025/07/27;1400 UTC;0;902,1;902,4;902,1;2290,5;19;11,6;19,5;17,4;12,7;11,4;73;61;62;66;7,7;3,1;
2025/07/27;1500 UTC;0;901,1;902,1;901,1;2857,5;20,2;10,6;20,6;18,5;12;9,8;62;53;54;79;7,9;4,2;
2025/07/27;1600 UTC;0;900,2;901,1;900,2;2411,1;19,4;10,9;21;19,1;12,1;10;58;51;58;76;7,9;3,2;
2025/07/27;1700 UTC;0;899,8;900,2;899,7;1602,3;19,4;10,5;20,2;18,9;11,8;10,4;62;56;56;78;7;3,1;
2025/07/27;1800 UTC;0;899,4;899,8;899,4;1904,9;19,7;9,7;20,9;18,9;11,4;9,7;59;52;53;61;6,1;2,7;
2025/07/27;1900 UTC;0;899,3;899,4;899,2;1354,6;19,7;10,5;20,5;19,6;11;9,9;57;52;55;50;5,6;1,6;
2025/07/27;2000 UTC;0;899,5;899,5;899,2;392,5;16,1;11,3;19,8;15,9;11,5;10,5;74;55;73;20;4,9;1,3;
2025/07/27;2100 UTC;0;899,6;899,7;899,5;15;13,7;11,1;16,1;13,3;11,6;10,7;85;73;84;3;3,8;1,6;
2025/07/27;2200 UTC;0;899,7;899,8;899,7;;12,5;10;14;12,3;11,2;9,6;88;81;85;349;3,2;1,5;
2025/07/27;2300 UTC;0;899,9;899,9;899,7;;11,5;9,8;13,4;11,4;11,2;9;89;83;89;350;3,5;1,5;
2025/07/28;0000 UTC;0;900,2;900,2;899,8;;12,3;11,5;12,4;10,9;11,5;9,4;95;89;95;21;3,6;1,6;
2025/07/28;0100 UTC;0;900,2;900,3;900,2;;11;10,1;12,3;10,6;11,2;9,3;95;91;94;317;3,6;,4;
2025/07/28;0200 UTC;0;900;900,2;900;;10,6;9,8;11,4;10,6;10,6;9,6;95;93;95;358;2,5;,6;
2025/07/28;0300 UTC;0;899,9;900;899,8;;11,6;10,8;11,6;10,2;10,8;9,4;95;95;95;41;3;1,4;
2025/07/28;0400 UTC;0;899,3;899,9;899,3;;12,1;10,9;12,4;11,6;11,6;10,8;95;92;92;46;3,2;1,3;
2025/07/28;0500 UTC;0;899,2;899,3;899,1;;12,3;10,6;13,2;12;12;10,5;93;89;89;39;4,4;2,1;
2025/07/28;0600 UTC;0;898,9;899,2;898,8;;11,9;10,4;13,3;11,8;12;10,2;93;89;91;56;5,1;2,7;
2025/07/28;0700 UTC;,2;898,7;898,9;898,6;;13,7;11;13,9;11,9;11,5;10,5;91;83;84;48;5,7;3,1;
2025/07/28;0800 UTC;0;898,7;898,7;898,4;;12,8;10,3;14;12,7;11,3;10,2;85;82;85;31;6,2;2,6;
2025/07/28;0900 UTC;0;898,7;898,8;898,6;;14,3;10,7;14,5;12,8;10,8;10,3;85;78;79;75;8,1;3,9;
2025/07/28;1000 UTC;0;899,2;899,5;898,6;29,1;14,5;10,7;14,7;13,8;11;10,4;81;78;78;40;8,9;3,3;
2025/07/28;1100 UTC;0;899,6;899,7;899,2;649,6;16,5;11,1;16,5;14,5;11,3;10,8;79;70;70;75;10;4,5;
2025/07/28;1200 UTC;0;900;900,1;899,6;1408;18,2;12;18,2;16,5;12;11,1;71;65;67;87;13,3;4,7;
2025/07/28;1300 UTC;0;900,6;900,8;900;2053;20,2;12,2;20,2;18,2;12,3;11,4;67;59;60;102;8,9;2,8;
2025/07/28;1400 UTC;0;899,6;900,6;899,6;2471,3;20,3;12,2;20,9;19,7;12,7;11,2;61;57;60;82;7,7;3,8;
2025/07/28;1500 UTC;0;899;899,7;898,9;3010,1;22,3;10,8;23,5;20,3;13;10,6;60;44;48;70;9;4,3;
2025/07/28;1600 UTC;0;897,5;899;897,3;3180,2;22,6;10,6;23,4;22,1;12,1;8,7;51;41;47;64;11,8;4,7;
2025/07/28;1700 UTC;0;896,9;897,7;896,8;2866,8;22,2;10,3;23,7;22,2;12;9,3;50;42;47;36;11,5;4,1;
2025/07/28;1800 UTC;0;896,7;897;896,6;1580,1;21,2;10,9;22,6;20,7;11,4;10,1;55;46;52;41;12,4;3,4;
2025/07/28;1900 UTC;0;896,8;896,8;896,2;1076,8;20,7;11,6;21,8;20,4;11,9;10,8;57;51;56;48;9,2;3;
2025/07/28;2000 UTC;0;897,1;897,1;896,8;310,6;18,9;12,7;20,7;18,9;12,7;11,6;67;56;67;63;8,6;3,5;
2025/07/28;2100 UTC;0;897;897,3;896,6;7,5;18,8;12,4;19,2;18,3;12,7;12,4;70;65;67;78;8,5;3,8;
2025/07/28;2200 UTC;0;897,5;897,7;897;;20,9;10,9;21,1;18,6;12,5;10,4;67;51;53;52;12,4;2,9;
2025/07/28;2300 UTC;0;898;898,1;897,5;;21,2;8,2;21,3;20,3;11,1;8,2;55;43;43;8;12,4;3,9;
2025/07/29;0000 UTC;0;898,1;898,3;897,7;;20,9;8,3;21,4;20,9;8,3;7,4;44;41;44;19;11;4,6;
2025/07/29;0100 UTC;0;898;898,3;898;;20,3;8,6;20,9;20,3;8,8;8,3;47;44;47;27;11;3,4;
2025/07/29;0200 UTC;0;897,6;898;897,5;;20;8,2;20,4;19,7;9;8,2;49;47;47;50;8,6;2,8;
2025/07/29;0300 UTC;0;897,3;897,7;897,1;;19,8;8,3;20,2;19,3;8,5;8;49;46;47;39;9;3,1;
2025/07/29;0400 UTC;0;897,2;897,7;897,2;;15,7;9,9;19,8;15,7;10,1;8,2;69;47;69;17;9;1,5;
2025/07/29;0500 UTC;0;897,1;897,4;897;;13,1;10;15,7;12,9;10,9;9,9;84;69;81;264;3,4;1,2;
2025/07/29;0600 UTC;0;896,9;897,3;896,9;;14,9;11,9;16,1;13,1;12;10,4;82;70;82;230;7,7;3,5;
2025/07/29;0700 UTC;0;897,2;897,2;897;;13,3;11,2;14,9;13,3;11,9;11,1;87;82;87;225;7;3,3;
2025/07/29;0800 UTC;0;897,2;897,3;897;;12,7;11;13,3;12,7;11,2;11;89;87;89;218;8,5;4;
2025/07/29;0900 UTC;,2;897,5;897,8;897,2;;12,6;10,9;12,9;12,6;11,2;10,9;90;89;89;218;8,5;3,9;
2025/07/29;1000 UTC;,2;898;898,1;897,5;31,2;11,8;10;12,7;11,8;11;9,9;89;88;88;200;9,3;4,7;
2025/07/29;1100 UTC;,6;898,5;898,5;897,9;202,8;12;10,1;12;11,7;10,2;10;89;88;89;216;9,3;4;
2025/07/29;1200 UTC;0;898,8;898,8;898,4;1057,2;12,6;10,5;12,7;12;10,8;10,1;89;87;87;223;8,9;4,4;
2025/07/29;1300 UTC;,2;899,1;899,1;898,8;2427,7;12,4;10,2;13,4;12,4;10,9;10,1;87;83;86;224;9,2;5,2;
2025/07/29;1400 UTC;0;899;899,1;898,9;2675,7;11,9;10,1;12,7;11,8;10,6;9,7;89;85;89;203;10;4,9;
2025/07/29;1500 UTC;0;898,7;899,1;898,7;2030,7;11,3;9,8;12,1;11,1;10,9;9,5;94;88;91;219;9,3;4,9;
2025/07/29;1600 UTC;0;898,4;898,8;898,4;1560,5;10,9;9,6;11,5;10,7;10,1;9,4;93;90;92;221;9,6;5,2;
2025/07/29;1700 UTC;0;898;898,4;898;1000,9;10,8;10;10,9;10,5;10;9,5;95;92;95;213;9,5;5;
2025/07/29;1800 UTC;0;898;898,1;897,9;857,8;10,3;9;11,1;10,2;10,3;9;95;92;92;214;8,2;4,5;
2025/07/29;1900 UTC;0;898,2;898,2;897,8;527,4;10,1;9,2;10,4;10,1;9,3;8,9;94;92;94;209;8,7;4,5;
2025/07/29;2000 UTC;0;898,8;898,8;898,2;231,6;9,9;8,8;10,1;9,9;9,3;8,7;94;92;93;217;10,1;5,3;
2025/07/29;2100 UTC;0;899,1;899,2;898,8;9,4;10,1;8,8;10,1;9,9;8,8;8,7;93;91;91;207;9;4;
2025/07/29;2200 UTC;0;899,5;899,6;899,1;;10;8,3;10,1;9,8;8,7;8,3;92;89;90;216;9,3;5,1;
2025/07/29;2300 UTC;0;900,1;900,1;899,5;;10,2;8,4;10,3;10;8,5;8,2;90;88;89;213;9,3;4,6;
2025/07/30;0000 UTC;0;900,6;900,6;900,1;;9,9;8,5;10,2;9,8;8,5;8,2;91;89;91;210;8,8;4,1;
2025/07/30;0100 UTC;0;900,8;900,9;900,5;;9,4;7,6;9,9;9,4;8,4;7,6;91;89;89;196;10,3;4,4;
2025/07/30;0200 UTC;0;901,1;901,1;900,7;;9,1;7,2;9,4;9,1;7,6;7,2;89;88;88;217;11,4;3,5;
2025/07/30;0300 UTC;0;901;901,1;900,9;;9;6,9;9,2;9;7,2;6,8;88;86;86;218;10,6;4;
2025/07/30;0400 UTC;,2;900,9;901,1;900,8;;9,1;6,8;9,2;9;6,9;6,7;86;85;85;208;10,3;4,5;
2025/07/30;0500 UTC;0;900,8;901;900,7;;9;6,3;9,2;9;6,8;6,2;85;82;83;218;10,3;4,5;
2025/07/30;0600 UTC;0;900,5;900,8;900,4;;8,8;5,8;9,1;8,7;6,3;5,5;83;80;81;205;10,4;5,1;
2025/07/30;0700 UTC;0;900,4;900,5;900,3;;8,4;5,3;8,8;8,3;6,2;5,3;85;80;80;224;10,2;4,4;
2025/07/30;0800 UTC;0;900,5;900,6;900,3;;8,1;4,6;8,5;8;5,4;4,3;82;76;79;210;10;4,9;
2025/07/30;0900 UTC;0;901,1;901,1;900,5;;7,7;3,5;8;7,6;4,9;3,5;81;75;75;199;9,7;3,3;
2025/07/30;1000 UTC;0;901,5;901,6;901;52,5;7,8;3;7,9;7,3;4;2,8;78;70;71;236;9;2;
2025/07/30;1100 UTC;0;901,9;901,9;901,4;766;9;2,6;9,1;7,8;3,2;2,3;73;63;64;196;9,8;2,9;
2025/07/30;1200 UTC;0;902,8;902,8;901,8;1590,4;9,4;3,8;9,5;8,9;3,9;2,5;69;63;68;205;11,5;7;
2025/07/30;1300 UTC;0;903;903,2;902,8;2263,1;11,5;2;11,5;9,4;4;1,2;69;51;52;201;10,4;4,7;
2025/07/30;1400 UTC;0;902,7;903,1;902,7;2739,5;11,5;3,7;12,1;11,4;3,8;,8;59;47;59;229;10,3;5,8;
2025/07/30;1500 UTC;0;902,5;902,8;902,5;2946,4;12,3;5,1;12,3;11,5;5,2;3,8;63;56;62;229;10,1;5,4;
2025/07/30;1600 UTC;0;902,3;902,5;902,3;2910,3;12,5;5,8;12,6;11,9;5,8;4,7;65;61;64;225;9,6;4,2;
2025/07/30;1700 UTC;0;901,9;902,3;901,8;2615,8;12,9;5,8;13,2;12,2;5,9;4,9;63;59;62;232;8,4;3,3;
2025/07/30;1800 UTC;0;901,9;902;901,8;2110,2;12,5;5,4;13,1;12,3;6,3;4,3;64;58;62;226;7,2;3,8;
2025/07/30;1900 UTC;0;901,9;902;901,8;1403,6;11,6;6,3;12,8;11,6;6,5;5,2;70;61;70;244;7,2;2,9;
2025/07/30;2000 UTC;0;902,5;902,5;901,9;421,5;10;6,5;11,7;10;6,5;6,2;79;70;79;244;5,8;2,9;
2025/07/30;2100 UTC;0;903;903,1;902,5;16,8;9,7;6,8;10;9,5;6,9;6,4;83;79;82;237;6;3;
2025/07/30;2200 UTC;0;903,7;903,7;903;;9,7;6,2;9,9;9,7;6,9;6,2;82;79;79;217;6,5;2,9;
2025/07/30;2300 UTC;0;904,2;904,2;903,7;;9,3;6,6;9,7;9,3;6,6;6,2;83;79;83;232;5,5;2,4;
2025/07/31;0000 UTC;0;904,4;904,4;904,2;;5,8;3,7;9,4;5,8;6,7;3,7;87;82;86;237;5,1;1,1;
2025/07/31;0100 UTC;0;904,8;904,8;904,3;;4,5;2,4;7,4;4,5;5,7;2,4;90;85;86;315;4,4;,9;
2025/07/31;0200 UTC;0;904,9;904,9;904,7;;5,2;3,2;6;4,5;4,3;2,4;90;84;87;280;3,6;1,4;
2025/07/31;0300 UTC;0;904,7;904,9;904,7;;4,9;3,4;5,6;4,5;3,6;2,2;90;81;90;248;3,6;1,5;
2025/07/31;0400 UTC;0;904,7;904,8;904,6;;4,1;2,9;4,9;2,6;3,4;1,1;92;90;92;282;3,4;,8;
2025/07/31;0500 UTC;0;904,6;904,8;904,6;;5;3,6;5,5;3,4;4,3;1,7;93;88;91;263;3,2;1,2;
2025/07/31;0600 UTC;0;904,4;904,6;904,4;;4,2;2,8;5,3;3,7;3,9;2,2;91;89;91;220;4,3;2,2;
2025/07/31;0700 UTC;0;904,4;904,5;904,4;;4;2,8;4,6;2,9;3,4;1,5;92;89;92;234;4,1;1,8;
2025/07/31;0800 UTC;0;904,4;904,4;904,3;;3,5;2,2;4,6;2,5;3,4;1,1;93;90;91;202;3,4;1,7;
2025/07/31;0900 UTC;0;905,2;905,2;904,4;;3,7;2;3,9;3,3;2,3;1,8;91;89;89;218;3,4;1,4;
2025/07/31;1000 UTC;0;905,9;905,9;905,2;36,7;3,3;2;4,2;3,1;2,7;1,5;91;88;91;8;3,4;,5;
2025/07/31;1100 UTC;0;906,4;906,4;905,9;160,4;4;2,9;4;3,2;2,9;2;93;91;92;357;1,1;,2;
2025/07/31;1200 UTC;0;906,8;906,8;906,4;1319,6;11,5;7,5;11,5;4;8,1;2,9;96;77;77;199;3,8;2,3;
2025/07/31;1300 UTC;0;907,2;907,3;906,8;2352,6;13,7;7,2;14;11,5;7,8;6,3;77;63;65;203;5,9;1,5;
2025/07/31;1400 UTC;0;907;907,3;907;2739,2;14,2;7;14,7;13;7,9;6;66;60;62;235;5,7;3;
2025/07/31;1500 UTC;0;906,8;907,1;906,8;2960;14,1;7,6;15,1;13,9;8,3;6,7;66;61;65;235;6,5;3,3;
2025/07/31;1600 UTC;0;906,2;906,8;906,2;2917,3;14,9;7,9;15,9;14,1;8,9;7,2;65;60;63;229;6,5;3,5;
2025/07/31;1700 UTC;0;905,8;906,2;905,8;2653,2;14,3;8,5;15,2;13,9;8,8;7,8;69;63;68;246;7,6;4,1;
2025/07/31;1800 UTC;0;905,7;905,9;905,6;2151,7;14,1;8,7;14,8;13,7;8,7;7,9;71;65;70;245;7,7;3,6;
2025/07/31;1900 UTC;0;905,8;905,8;905,6;1398,8;12,7;8,9;14,1;12,7;9,3;8,2;78;69;78;239;7,2;2,5;
2025/07/31;2000 UTC;0;906;906;905,8;316,8;11,5;8,9;12,8;11,5;9,2;8,9;84;78;84;226;5,2;2,2;
2025/07/31;2100 UTC;0;906,2;906,2;905,9;25;9,7;7,9;11,5;9,7;9;7,8;88;84;88;273;4;,8;
2025/07/31;2200 UTC;0;906,9;906,9;906,2;;8,1;6,6;9,8;8,1;8,1;6,6;91;88;90;280;2,1;,7;
2025/07/31;2300 UTC;0;907,2;907,2;906,9;;8,3;7,2;8,7;7,6;7,7;6,3;94;90;93;325;2;,9;
2025/08/01;0000 UTC;0;907,5;907,5;907,1;;8,7;7,4;8,8;7,7;7,8;6,4;94;91;91;321;3,3;1,9;
2025/08/01;0100 UTC;0;907,8;907,8;907,4;;7,7;6,7;8,7;6,6;7,4;5,2;95;89;93;304;3,3;1,2;
2025/08/01;0200 UTC;0;907,7;907,8;907,6;;5,7;4,9;7,8;5,1;6,8;4,1;94;92;94;340;2,1;,9;
2025/08/01;0300 UTC;0;907,8;907,9;907,6;;5,3;4,7;5,9;4,9;5,2;4,2;96;94;96;177;1,8;,5;
2025/08/01;0400 UTC;,2;907,6;907,9;907,6;;5,1;4,6;5,6;5;5;4,5;96;96;96;310;1,2;,5;
2025/08/01;0500 UTC;0;907,5;907,6;907,4;;4;3,6;5,1;3,9;4,6;3,4;97;96;97;353;1,2;,4;
2025/08/01;0600 UTC;0;907,2;907,5;907,2;;3,2;2,9;4,2;3,2;3,7;2,9;97;97;97;10;1,2;,2;
2025/08/01;0700 UTC;0;907,2;907,3;907,2;;2,9;2,5;3,4;2,9;3,1;2,5;98;97;98;149;,6;,1;
2025/08/01;0800 UTC;,2;907,4;907,5;907,1;;2,3;2;2,9;2,3;2,5;2;98;98;98;210;,5;,2;
2025/08/01;0900 UTC;0;907,7;907,7;907,4;;1,8;1,5;2,3;1,8;2;1,5;98;98;98;324;,5;,3;
2025/08/01;1000 UTC;0;908;908;907,7;46,2;1,4;1,1;1,8;1,3;1,5;1,1;98;98;98;63;,6;,2;
2025/08/01;1100 UTC;0;908,1;908,1;907,9;660;5,2;4,8;5,2;1,4;4,8;1,2;98;97;97;114;1;,5;
2025/08/01;1200 UTC;0;908,5;908,5;908,1;1560,4;9,6;9;9,6;5,1;9;4,7;97;96;96;98;1,5;,6;
2025/08/01;1300 UTC;0;908,2;908,5;908,2;2213,2;14,9;8,9;14,9;9,6;10,5;8,7;96;68;68;86;4,3;2,7;
2025/08/01;1400 UTC;0;907,7;908,2;907,7;2680,6;15,9;9,2;16,7;14,8;10,2;8,4;68;62;64;81;6,6;3,7;
2025/08/01;1500 UTC;0;907,1;907,7;907,1;2911,4;17,5;8,4;18,1;15,9;10;7,5;65;50;55;79;6,6;3;
2025/08/01;1600 UTC;0;906,2;907,1;906,2;2888,7;19;6,8;20,1;17,5;9,4;6,8;55;45;45;46;6,1;2;
2025/08/01;1700 UTC;0;905,6;906,2;905,6;2616,3;20;6,8;20,2;18,9;7,9;5,6;48;41;42;57;5,3;2;
2025/08/01;1800 UTC;0;905;905,6;905;2090,9;20;9;20,3;19,2;9;6,8;50;42;49;46;5,2;2;
2025/08/01;1900 UTC;0;904,9;905,1;904,8;1390,3;18,1;9,2;20;18,1;9,6;8,6;56;48;56;31;5,1;2,1;
2025/08/01;2000 UTC;0;905,1;905,1;904,9;421,6;15,5;9,2;18,5;15,5;9,7;9;66;56;66;26;4,7;1,8;
2025/08/01;2100 UTC;0;905,7;905,7;905,1;16,4;13,6;9,2;15,5;13,4;9,4;8,9;75;66;75;25;4,5;2;
2025/08/01;2200 UTC;0;906,4;906,4;905,7;;10,6;8,5;13,8;10,2;9,2;7,7;87;74;87;15;3,9;1,7;
2025/08/01;2300 UTC;0;906,7;906,7;906,4;;9,9;7,1;11,2;9,9;9;7,1;87;82;83;23;3,4;1,9;
2025/08/02;0000 UTC;0;906,6;906,7;906,5;;8,3;6,1;10,4;8,3;7,6;6;86;79;86;83;3,4;,9;
2025/08/02;0100 UTC;0;906,8;906,9;906,6;;7;5,6;8,6;7;6,6;5,5;91;86;91;344;2,2;,9;
2025/08/02;0200 UTC;0;907,1;907,1;906,7;;6,2;5;7,1;6,2;5,9;5;93;91;92;341;1,9;,8;
2025/08/02;0300 UTC;0;907,1;907,2;907,1;;5,5;4,6;6,2;5,3;5,2;4,3;94;92;94;44;1,4;,6;
2025/08/02;0400 UTC;0;906,6;907,1;906,6;;4,9;4,4;5,9;4,7;5,2;4,1;96;94;96;82;1,3;,3;
2025/08/02;0500 UTC;0;906;906,6;905,9;;3,3;2,8;4,9;3,3;4,3;2,8;97;96;97;72;1,7;,6;
2025/08/02;0600 UTC;,2;905,9;906,1;905,9;;3,2;2,9;3,5;2,7;3,1;2,3;97;97;97;10;1,2;,6;
2025/08/02;0700 UTC;0;906;906,1;905,9;;4,1;3,7;4,6;2,9;4,2;2,5;97;97;97;40;2,9;,8;
2025/08/02;0800 UTC;0;905,3;906;905,3;;3,7;3,3;4,2;3,3;3,7;3;97;97;97;250;2,4;1,1;
2025/08/02;0900 UTC;0;905,8;905,8;905,3;;3,2;2,9;3,8;3,1;3,4;2,8;98;97;98;2;1,7;,4;
2025/08/02;1000 UTC;0;905,9;906;905,8;64,6;3,7;3,4;3,7;2,4;3,4;2;98;97;97;82;1,5;,6;
2025/08/02;1100 UTC;0;906,3;906,4;905,9;772,2;8,9;8,2;8,9;3,6;8,2;3,2;97;96;96;65;3,1;1,9;
2025/08/02;1200 UTC;0;907;907;906,3;1761,2;14,2;9,1;14,6;8,9;12,2;8,4;96;71;71;57;6,6;3;
2025/08/02;1300 UTC;0;907,3;907,4;907;1240,9;14,2;9,1;14,3;13,3;9,6;8,7;76;71;72;51;6,8;3,1;
2025/08/02;1400 UTC;0;906,9;907,4;906,9;2249,2;16,3;8,7;16,6;14,1;9,9;8,4;72;61;61;47;8,7;2,6;
2025/08/02;1500 UTC;0;906,1;906,9;906,1;2616,6;17,4;8,5;17,4;15,7;9,3;8,2;64;55;56;45;7,8;3,6;
2025/08/02;1600 UTC;0;905,5;906,1;905,5;2887,8;18,2;8,4;18,9;17,2;9,2;7,8;56;51;53;42;8;3;
2025/08/02;1700 UTC;0;904,9;905,5;904,9;2649,5;18,8;7,6;19,3;17,8;8,8;7,2;53;47;48;38;8;2,6;
2025/08/02;1800 UTC;0;904,6;904,9;904,5;2109,1;19,1;8,4;19,8;18,4;9;7;51;46;50;54;6;2,5;
2025/08/02;1900 UTC;0;904,4;904,6;904,4;1363,2;18,4;7,8;19,9;18,3;8,5;7,2;50;46;50;59;5,8;2,1;
2025/08/02;2000 UTC;0;904,8;904,8;904,4;404,9;15;8,7;18,4;15;8,7;7,7;66;50;66;20;5,1;2,1;
2025/08/02;2100 UTC;0;905,1;905,1;904,8;16,3;13;7,9;15;12,4;8,8;7,8;74;66;71;31;3,9;1,6;
2025/08/02;2200 UTC;0;905,6;905,6;905,1;;11,1;6,8;13,2;10,9;7,9;6,6;76;68;75;18;4,3;1,6;
2025/08/02;2300 UTC;0;905,7;905,8;905,6;;8,8;6,7;11,2;8,4;6,9;5,8;87;73;87;32;3;1;
2025/08/03;0000 UTC;0;905,7;905,9;905,7;;7,4;5,2;9,6;7,3;7;4,5;87;77;86;105;3,3;,8;
2025/08/03;0100 UTC;0;905,5;905,7;905,5;;7,1;5,1;8,1;7;6,2;5;88;85;87;46;2,2;,6;
2025/08/03;0200 UTC;0;905,5;905,6;905,4;;6,4;4,6;7,5;6,1;5,3;4,2;89;84;89;92;2,7;,7;
2025/08/03;0300 UTC;0;905,5;905,6;905,4;;6;4,5;6,6;5,5;4,9;4;91;89;91;12;2,5;1,8;
2025/08/03;0400 UTC;0;905,4;905,5;905,4;;7,6;6,2;7,9;5,7;6,6;4,1;92;88;91;14;2,7;1,7;
2025/08/03;0500 UTC;0;904,5;905,4;904,5;;10,5;9,2;10,7;7,6;9,4;6,2;92;89;92;16;3,1;1,7;
2025/08/03;0600 UTC;,2;904;904,5;904;;10,5;9,6;10,7;10,1;9,6;8,8;94;91;94;61;4,4;2,1;
2025/08/03;0700 UTC;0;903,7;904;903,7;;11,5;9,9;11,5;10,4;10,1;9,6;94;90;90;78;4,1;1,7;
2025/08/03;0800 UTC;0;903,6;903,8;903,5;;11,7;9,6;11,8;11,5;10;9,6;90;87;87;79;3,7;1,3;
2025/08/03;0900 UTC;0;903,9;903,9;903,6;;11,9;9,3;12,6;11,7;10;9,1;88;82;84;81;5;1,7;
2025/08/03;1000 UTC;0;904,3;904,3;903,9;49,9;12,1;9,6;12,3;11,2;9,7;8,8;86;83;85;70;5,1;2,2;
2025/08/03;1100 UTC;0;904,9;904,9;904,3;507,3;13,5;10;14;12,1;10,3;9,7;85;77;79;65;7,7;3;
2025/08/03;1200 UTC;0;905,4;905,4;904,9;777,2;14,6;9,1;14,7;13,5;10,1;9,1;80;69;70;64;7,7;3,2;
2025/08/03;1300 UTC;0;905,3;905,5;905,2;2203,4;17,3;7,7;17,4;14,6;10,1;7,1;71;52;53;59;8,2;3,7;
2025/08/03;1400 UTC;0;904,6;905,3;904,6;2698,4;18,8;6,8;19;17;7,6;5,9;53;45;46;59;9,5;4,3;
2025/08/03;1500 UTC;0;904;904,7;904;2885,2;19,4;6,3;19,6;18,3;7,9;5,2;48;41;42;51;11,8;4,1;
2025/08/03;1600 UTC;0;903,1;904;903,1;2964,9;19,4;4,6;19,9;18,5;6,5;3,3;44;34;38;52;10;3,9;
2025/08/03;1700 UTC;0;902,4;903,1;902,4;2701,1;20,6;4,2;21,1;19,4;5,9;3,9;39;34;34;32;9;3,3;
2025/08/03;1800 UTC;0;902,2;902,4;902,1;2183,8;19,9;3;21,3;19,9;5,5;1;37;27;33;69;7,1;3,1;
2025/08/03;1900 UTC;0;902,4;902,4;902,1;1487,6;19,8;5,9;20,5;19,5;6,1;3;41;32;40;59;6,4;1,6;
2025/08/03;2000 UTC;0;903,2;903,2;902,4;445,5;16,2;7,1;19,8;16,2;7,1;5,1;55;38;55;62;5;1,6;
2025/08/03;2100 UTC;0;903,7;903,7;903,2;16;12,2;8,1;16,5;12,1;8,2;6,9;76;53;76;1;3,6;1,5;
2025/08/03;2200 UTC;0;904,3;904,4;903,7;;10,2;6,9;12,4;10,1;8,1;6,9;82;75;80;14;3,5;2,2;
2025/08/03;2300 UTC;0;905;905;904,3;;10;5,4;12;9,3;8,2;5,4;82;70;73;349;3,8;2,2;
2025/08/04;0000 UTC;0;905,1;905,1;904,9;;9,7;5,2;10,3;8,5;6,7;5,2;84;73;74;347;4,6;2,4;
2025/08/04;0100 UTC;0;905,1;905,2;905;;7,6;5,2;9,6;7,5;5,7;4,9;85;74;85;355;4,1;1,5;
2025/08/04;0200 UTC;0;904,6;905,1;904,6;;7,5;4,8;9;7,5;6,2;4,8;86;79;83;3;3,8;1;
2025/08/04;0300 UTC;0;904,3;904,6;904,3;;7;4,8;8;7;5,4;4,6;86;83;86;16;3;,9;
2025/08/04;0400 UTC;0;903,7;904,3;903,7;;7;5,1;7,4;6,5;5,4;4,5;89;85;88;54;1,8;,6;
2025/08/04;0500 UTC;0;903,1;903,7;903,1;;6,3;4,7;7;6;5,1;4,1;90;87;89;106;3,2;,6;
2025/08/04;0600 UTC;0;902,5;903,1;902,5;;6,2;4,8;6,5;5,7;5;4,2;91;89;91;25;2,2;1;
2025/08/04;0700 UTC;0;902,3;902,5;902,2;;5,5;4,2;6,2;5,4;4,7;4;92;90;91;121;2,4;,4;
2025/08/04;0800 UTC;0;902,3;902,4;902,3;;5,6;4,5;5,8;5,2;4,6;4;93;91;92;82;1,5;,5;
2025/08/04;0900 UTC;0;902,9;903;902,4;;6,7;5,9;6,9;5,3;6,2;4,2;96;92;95;354;3,2;1,3;
2025/08/04;1000 UTC;0;903,4;903,5;902,9;64,7;8;6,7;8,4;6;7,3;5;95;90;91;354;4,9;2,2;
2025/08/04;1100 UTC;,2;903,6;903,6;903,4;800;14,6;8,8;14,6;8;9,3;6,5;91;68;68;85;6,2;3,6;
2025/08/04;1200 UTC;0;904,2;904,2;903,5;1482,7;17,1;9;17,3;14,6;9,8;8,5;68;57;59;52;8,8;2,7;
2025/08/04;1300 UTC;0;904,5;904,5;904,2;1941,6;17,8;8,7;17,9;16,8;9,5;8;60;54;55;74;9;3,6;
2025/08/04;1400 UTC;0;904;904,5;904;2756,1;18,6;8,8;19,1;17,6;9,7;8,4;57;52;53;56;9;3,8;
2025/08/04;1500 UTC;0;903,3;904,1;903,3;2757,1;18,9;8,1;19,2;17,7;9,4;7,7;55;49;50;55;9,6;3,9;
2025/08/04;1600 UTC;0;903;903,3;902,9;2942,3;19,4;8,4;20,8;18,6;10,2;8,2;53;48;49;55;8;3,2;
2025/08/04;1700 UTC;0;902,6;903,1;902,6;2450,9;19,8;7,6;20,4;19,4;8,7;7,3;49;43;45;78;8;3;
2025/08/04;1800 UTC;0;902,2;902,6;902,2;1052,6;19,1;8,2;19,8;18,9;8,3;6,6;49;43;49;76;6,2;2,3;
2025/08/04;1900 UTC;0;902,3;902,3;902,1;1100,7;18,5;8,2;20,1;18,5;9;7,7;51;47;51;78;4,9;1,4;
2025/08/04;2000 UTC;0;902,8;902,8;902,3;512;15,9;10,7;19,2;15,8;10,7;8,2;71;50;71;284;3,1;,6;
2025/08/04;2100 UTC;0;903,3;903,3;902,8;49,8;13;9,9;15,9;12,9;10,8;9,7;81;70;81;308;3,5;1,5;
2025/08/04;2200 UTC;0;904,1;904,1;903,3;;11,3;9,2;13,2;11,3;10;9,2;88;80;87;297;2,8;,8;
2025/08/04;2300 UTC;0;904,3;904,4;904;;12,1;9,8;12,1;10,8;9,9;8,6;89;85;86;243;3,3;1,7;
2025/08/05;0000 UTC;0;904,6;904,7;904,3;;11,4;9,2;12,3;11,1;10;8,6;86;83;86;280;3,3;1,1;
2025/08/05;0100 UTC;0;904,6;904,7;904,5;;10;8,1;11,7;10;9,6;7,9;88;85;88;278;2,3;,6;
2025/08/05;0200 UTC;0;904,5;904,6;904,4;;10,1;8,3;10,9;9,9;9,3;8,2;90;88;89;143;2,4;,7;
2025/08/05;0300 UTC;0;904,4;904,5;904,3;;9,4;8,1;10,1;9,3;8,3;7,8;92;89;92;214;1,4;,2;
2025/08/05;0400 UTC;0;904,1;904,4;904,1;;8,8;7,9;9,6;8,6;8,7;7,6;94;91;94;71;1,4;,4;
2025/08/05;0500 UTC;0;903,4;904,2;903,4;;8,3;7,6;9;8,1;8,2;7,3;95;94;95;338;,8;,4;
2025/08/05;0600 UTC;0;903,1;903,4;903,1;;8,2;7,5;8,5;7,9;7,8;7,2;95;95;95;331;,7;,3;
2025/08/05;0700 UTC;0;902,9;903,1;902,8;;8;7,3;8,2;7,8;7,5;7,1;96;95;96;268;1;,3;
2025/08/05;0800 UTC;0;902,9;903;902,7;;7,8;7,2;8;7,5;7,3;6,9;96;96;96;321;,7;,2;
2025/08/05;0900 UTC;0;903,6;903,6;902,9;;7,2;6,6;8;7,1;7,4;6,5;96;96;96;20;2;,2;
2025/08/05;1000 UTC;0;904,2;904,2;903,6;62,8;7,3;6,8;7,3;6,7;6,8;6,1;96;96;96;130;,8;,3;
2025/08/05;1100 UTC;0;904,7;904,8;904,2;385,6;9,7;9;9,7;7,3;9;6,8;96;95;95;119;,9;,5;
2025/08/05;1200 UTC;0;905,2;905,3;904,7;882,6;13,4;12,5;13,4;9,7;12,6;9,1;95;95;95;93;1;,3;
2025/08/05;1300 UTC;0;905,3;905,4;905,2;1439,4;17,7;10,7;17,8;13,4;12,9;10,2;95;62;64;86;1,6;,5;
2025/08/05;1400 UTC;0;904,9;905,3;904,9;1120,3;18,1;9,6;18,5;17,7;10,9;9,5;64;56;58;86;3,7;1,9;
2025/08/05;1500 UTC;0;904,3;905;904,3;997,5;18,6;9,7;19;18;10,4;9,2;60;54;56;55;3,5;1,3;
2025/08/05;1600 UTC;0;903,3;904,3;903,3;1237,2;18,5;9,9;19,3;18,4;10,3;9,1;58;54;57;32;4,6;1,7;
2025/08/05;1700 UTC;0;902,4;903,3;902,4;863,7;18,4;9,3;18,9;18,2;10,5;9,2;59;54;55;75;3,7;1,5;
2025/08/05;1800 UTC;0;902,5;902,7;902,4;1012,4;16,4;11,9;19,4;16,3;11,9;9,2;75;53;75;215;4,6;2,4;
2025/08/05;1900 UTC;0;902,9;902,9;902,5;652,4;16;12,1;16,6;15,9;12,5;11,7;79;74;78;191;4,6;1,2;
2025/08/05;2000 UTC;0;903;903,1;902,8;239,8;13,8;11;16;13,8;12,2;11;83;78;83;212;4,6;1,8;
2025/08/05;2100 UTC;0;903,6;903,7;903;12,9;13;10,8;13,8;13;11;10,6;86;83;86;216;5,3;2,3;
2025/08/05;2200 UTC;0;904,2;904,2;903,6;;12,9;11,1;13,1;12,9;11,2;10,8;89;86;89;214;5,3;2,9;
2025/08/05;2300 UTC;0;904,4;904,4;904;;13;11,7;13,1;12,9;11,7;11,1;91;89;91;210;5,4;3,2;
2025/08/06;0000 UTC;0;904,6;904,7;904,3;,1;12,8;12;13;12,8;12,1;11,7;95;91;95;203;6,5;2,9;
2025/08/06;0100 UTC;0;904,7;904,9;904,6;;12,9;12,2;12,9;12,7;12,2;12;95;95;95;211;5;2,4;
2025/08/06;0200 UTC;0;904,5;904,9;904,5;;13;12,1;13,2;12,9;12,5;12,1;95;95;95;236;4,3;1,7;
2025/08/06;0300 UTC;0;904,4;904,6;904,4;;13,3;11,6;13,3;13;12,2;11,5;95;90;90;215;4,2;2,2;
2025/08/06;0400 UTC;0;904,1;904,5;904,1;;13;11,6;13,3;13;11,7;11,4;92;89;91;219;5,1;2;
2025/08/06;0500 UTC;0;903,7;904,1;903,7;;13,1;11,2;13,2;13;11,7;11,1;91;88;88;215;5,2;2,3;
2025/08/06;0600 UTC;0;903,1;903,7;903,1;;12,9;11,1;13,1;12,9;11,3;11,1;89;88;89;265;4,3;2;
2025/08/06;0700 UTC;0;902,6;903,1;902,6;;12,4;10,7;12,9;12,4;11,1;10,7;89;88;89;243;4,4;1;
2025/08/06;0800 UTC;0;902,5;902,6;902,3;;11,8;10,4;12,4;11,6;10,7;10;91;88;91;219;4;1,7;
2025/08/06;0900 UTC;0;903;903;902,5;;12,2;10,5;12,4;11,8;10,9;10,4;91;90;90;194;4;2,2;
2025/08/06;1000 UTC;0;903,5;903,5;903;69;11,1;9,6;12,2;10,5;10,4;8,8;91;88;91;299;3,2;,6;
2025/08/06;1100 UTC;0;903,9;903,9;903,5;411,9;13,3;11,6;13,3;11,1;11,6;9,7;91;88;89;223;3,4;1,5;
2025/08/06;1200 UTC;0;904;904;903,8;1379,5;15,3;11;15,5;13,3;12,1;10,7;89;74;75;226;4,1;2;
2025/08/06;1300 UTC;0;903,8;904,1;903,8;2041,7;17,1;10,4;17,2;15,3;11,4;9,9;77;63;65;244;6,4;3,3;
2025/08/06;1400 UTC;0;903,6;903,9;903,6;2797,7;17;10,4;17,7;16,7;11,2;9,5;68;61;65;243;6,6;3,7;
2025/08/06;1500 UTC;0;903,1;903,6;903,1;1907,2;16,2;10,2;17,6;16,1;11;9,2;68;62;68;229;7;2,5;
2025/08/06;1600 UTC;2;902,7;903,1;902,7;712,3;14,2;10,9;17;14,2;10,9;9,7;81;63;81;238;5,4;1,8;
2025/08/06;1700 UTC;2,6;902,2;902,7;902,2;369,5;14,1;12,1;14,2;13,9;12,2;10,9;88;81;88;199;3,2;1;
2025/08/06;1800 UTC;,4;901,9;902,2;901,9;613,2;14,4;12,2;15,2;14,1;13;12,1;88;84;87;94;2,1;,4;
2025/08/06;1900 UTC;,8;901,8;902;901,8;112,6;13,5;11,7;14,4;13,4;12,3;11,6;89;87;89;304;2;,7;
2025/08/06;2000 UTC;,4;902,1;902,1;901,8;315;13,7;11,9;14,5;13,5;13;11,7;91;87;89;229;2,2;1,3;
2025/08/06;2100 UTC;0;902,2;902,2;902,1;16,7;13,2;11,2;13,7;13,2;11,9;11,2;89;87;88;243;3,4;1,4;
2025/08/06;2200 UTC;,4;902,3;902,3;902,2;;12,7;11,1;13,2;12,7;11,5;11,1;90;88;90;289;2,3;1,1;
2025/08/06;2300 UTC;0;902,5;902,6;902,3;;11,3;9,9;12,9;11;11,3;9,6;92;90;91;327;4,1;2,3;
2025/08/07;0000 UTC;0;902,9;902,9;902,5;;11,5;10,6;11,5;10,6;10,6;9,2;94;90;94;287;4,1;1,4;
2025/08/07;0100 UTC;,2;903,1;903,1;902,9;;9,8;9;11,4;9,7;10,5;8,9;95;94;95;328;2,4;,6;
2025/08/07;0200 UTC;0;902,7;903,2;902,7;;10,2;9,4;10,3;9,6;9,6;8,9;95;95;95;257;1,2;,6;
2025/08/07;0300 UTC;0;902,5;902,7;902,5;;9,8;9,1;10,2;9,7;9,4;9;95;95;95;86;1,1;,3;
2025/08/07;0400 UTC;0;901,7;902,5;901,7;;9,3;8,6;9,8;9,2;9,1;8,5;95;95;95;277;1,3;,5;
2025/08/07;0500 UTC;0;901,3;901,7;901,3;;8,3;7,7;9,3;8,3;8,5;7,7;96;95;96;359;1,2;,7;
2025/08/07;0600 UTC;0;901,1;901,4;901;;8,2;7,6;8,6;8,2;7,9;7,6;96;96;96;24;1,1;,2;
2025/08/07;0700 UTC;0;901;901,1;901;;8;7,4;8,3;8;7,7;7,4;96;96;96;77;1;,3;
2025/08/07;0800 UTC;0;901,1;901,1;900,9;;7,4;6,9;8;7,4;7,4;6,8;96;96;96;89;,9;,3;
2025/08/07;0900 UTC;0;901,6;901,6;901,1;;7,2;6,7;7,7;7,2;7,1;6,7;96;96;96;292;,9;,2;
2025/08/07;1000 UTC;0;901,9;901,9;901,6;54,8;6,9;6,4;7,2;6,7;6,6;6,2;97;96;97;342;,9;,2;
2025/08/07;1100 UTC;0;901,9;901,9;901,8;622;9,4;8,7;9,4;6,9;8,7;6,4;97;96;96;116;1,3;,6;
2025/08/07;1200 UTC;0;902,1;902,1;901,8;1514,8;14,6;13,9;14,6;9,3;13,9;8,6;96;95;96;64;2,9;1,2;
2025/08/07;1300 UTC;0;901,7;902,1;901,7;2195,6;17,5;11,4;17,8;14,5;14,3;11,4;96;67;67;89;5,2;3,1;
2025/08/07;1400 UTC;0;901,3;901,7;901,3;2676,8;19;11,3;19,3;17,3;12,1;11;69;60;61;83;8;3,6;
2025/08/07;1500 UTC;0;900,4;901,3;900,4;2940,2;20;10,5;20,2;18,8;11,6;10,1;62;54;55;84;8;4,1;
2025/08/07;1600 UTC;0;899,7;900,4;899,7;2906,7;20,9;9,7;21,1;19,9;11,1;9,4;56;48;49;77;7,4;2,7;
2025/08/07;1700 UTC;,2;898,9;899,7;898,9;2715;21,7;9,6;22,1;20,8;10,5;8,1;50;41;46;55;6,5;2,4;
2025/08/07;1800 UTC;0;898,7;899;898,7;1680,4;20,7;10,2;22;19,9;10,4;9;53;45;51;65;6,3;1,9;
2025/08/07;1900 UTC;0;898,7;898,8;898,6;837,4;19,5;11,4;21;19,5;11,4;9,1;59;49;59;27;5,1;,8;
2025/08/07;2000 UTC;0;898,9;899;898,6;318,3;15,8;12;19,5;15,8;12,7;10,2;78;55;78;221;3,9;1,8;
2025/08/07;2100 UTC;0;899,3;899,3;898,9;21,9;13,9;9,7;15,8;13,9;12;9,4;80;71;76;310;4,2;2,3;
2025/08/07;2200 UTC;0;899,7;899,7;899,3;;11,8;10,1;13,9;11,2;10,1;9;89;75;89;277;3,8;,9;
2025/08/07;2300 UTC;0;900,2;900,2;899,7;;10,4;8,9;11,9;10,3;10;8,7;91;88;90;354;1,8;,5;
2025/08/08;0000 UTC;0;900,4;900,4;900,2;;9,8;8,9;10,7;9,6;9,3;8,5;94;90;94;296;1,4;,5;
2025/08/08;0100 UTC;0;900,6;900,6;900,4;;9,3;8,5;10;9,2;9,1;8,4;95;94;95;249;1,1;,2;
2025/08/08;0200 UTC;0;900,4;900,6;900,4;;9;8,3;9,5;8,6;8,7;7,9;95;95;95;226;1,1;,4;
2025/08/08;0300 UTC;0;900,4;900,5;900,4;;8,5;7,8;9,3;8,2;8,6;7,5;96;95;96;;1,5;,2;
2025/08/08;0400 UTC;0;899,7;900,4;899,7;;7,8;7,1;8,5;7,8;7,8;7,1;96;96;96;352;,7;,3;
2025/08/08;0500 UTC;0;899,3;899,7;899,3;;7,8;7,2;8;7,5;7,4;6,9;96;96;96;166;1;,4;
2025/08/08;0600 UTC;,2;898,7;899,3;898,7;;7,7;7,1;8,2;7,4;7,6;6,8;96;96;96;75;1,4;,6;
2025/08/08;0700 UTC;0;898,3;898,7;898,3;;7,4;6,8;8,3;7,4;7,7;6,8;96;96;96;177;1,3;,2;
2025/08/08;0800 UTC;0;898,3;898,4;898,2;;10,4;9,8;10,5;7,1;9,8;6,5;96;96;96;9;4,4;2,6;
2025/08/08;0900 UTC;0;898,9;898,9;898,3;;9,1;8,4;10,4;8,6;9,7;8;96;96;96;355;4,4;1,2;
2025/08/08;1000 UTC;0;899,3;899,3;898,9;76,5;10,4;9,7;10,5;8,8;9,8;8,2;96;96;96;72;4,2;1,1;
2025/08/08;1100 UTC;0;899,3;899,3;899,2;743,3;16,3;12,9;16,3;10,4;14,2;9,8;96;80;80;83;4,4;2,2;
2025/08/08;1200 UTC;0;899,5;899,5;899,2;1525,1;18,5;11,5;18,6;16,1;12,9;11,5;80;63;63;71;8,3;3,7;
2025/08/08;1300 UTC;0;899,7;899,8;899,5;2161,5;19;11,4;19,6;18,5;12,1;11,2;64;60;61;66;8,4;4,1;
2025/08/08;1400 UTC;0;899;899,8;899;2638,6;20,1;11,3;20,7;19;12,5;11,3;63;56;57;80;8,1;3,9;
2025/08/08;1500 UTC;0;898,2;899,1;898,2;2902,4;21,2;11,1;22;20,1;11,9;10;57;50;53;66;8;3,7;
2025/08/08;1600 UTC;0;897,1;898,2;897,1;2882,8;21,8;10,3;22,9;20,9;12,2;9,8;53;46;48;74;7,1;3,3;
2025/08/08;1700 UTC;0;896,2;897,1;896,2;2593,1;22,6;10,1;23;21,8;11,1;9,7;49;44;45;79;6,9;3,2;
2025/08/08;1800 UTC;0;895,5;896,2;895,5;2089,5;23,1;10,2;23,5;22,3;10,6;9,6;46;42;44;79;6,9;2,6;
2025/08/08;1900 UTC;0;895,2;895,5;895,1;1389,9;22,2;10,1;23,5;22,2;10,6;9,2;47;42;46;72;6,8;2,4;
2025/08/08;2000 UTC;0;895,7;895,7;895,1;448;19,5;11;22,2;19,5;11;9,9;58;46;58;25;4,8;1,2;
2025/08/08;2100 UTC;0;895,9;895,9;895,6;26,8;15,7;12,4;19,5;15,6;12,6;10,9;80;58;80;288;3,7;,7;
2025/08/08;2200 UTC;4,4;896,6;897,2;895,9;;15,3;11,9;16,5;15,1;12,7;11,9;84;78;80;305;8,5;2,2;
2025/08/08;2300 UTC;10;897,1;898,2;896,5;;12,8;11,3;16,5;12,6;14;10,7;91;79;91;43;10,6;1,6;
2025/08/09;0000 UTC;0;896,8;897,2;896,8;;12,7;11,4;13;12,4;11,6;10,9;92;90;91;314;3,8;,4;
2025/08/09;0100 UTC;3,8;897,2;898,2;896,8;;13;12,1;13,2;12,7;12,4;11,4;95;91;95;344;3,9;1,1;
2025/08/09;0200 UTC;0;897,1;897,2;897;;12,8;12;13;12,6;12,1;11,8;95;95;95;45;2,8;1;
2025/08/09;0300 UTC;0;897;897,1;896,9;;13,7;12,9;13,8;12,7;13;11,9;95;95;95;50;3,4;1,7;
2025/08/09;0400 UTC;0;896,9;897,1;896,7;;14;13,1;14,5;13,7;13,7;12,9;95;94;94;68;4;1,6;
2025/08/09;0500 UTC;0;896,5;896,9;896,4;;13,7;12,5;14,7;13,6;13,8;12,4;95;91;92;67;3,4;1,1;
2025/08/09;0600 UTC;0;896,1;896,6;896;;13,5;12,6;14;13,4;13;12,3;94;92;94;4;2,3;,4;
2025/08/09;0700 UTC;0;896,1;896,2;895,9;;13,4;12,6;13,9;13,3;13;12,4;95;94;95;270;1,5;,8;
2025/08/09;0800 UTC;0;896,1;896,2;895,9;1,3;13,9;12,4;14,9;13,4;13,9;11,8;95;84;91;202;6,2;3,5;
2025/08/09;0900 UTC;0;896,4;896,5;896,1;,1;14;13,2;14;13,9;13,2;12,5;95;91;95;204;6,1;2;
2025/08/09;1000 UTC;,4;896,9;896,9;896,3;19,4;13,7;13;14;13,7;13,2;13;95;95;95;225;4,5;2,1;
2025/08/09;1100 UTC;0;897,4;897,5;896,9;187,4;14;13,3;14;13,6;13,3;12,9;95;95;95;220;5,3;2,5;
2025/08/09;1200 UTC;0;897,9;897,9;897,4;402,1;13,7;13;14,2;13,3;13,5;12,6;96;95;95;244;5,2;2,7;
2025/08/09;1300 UTC;0;898,3;898,4;897,9;729,8;13,8;13;13,9;13,6;13,2;12,9;96;95;95;214;6,6;3,2;
2025/08/09;1400 UTC;0;898;898,4;898;1001,8;14,2;12,2;14,3;13,5;13,2;12,1;95;88;88;225;6;3,1;
2025/08/09;1500 UTC;0;897,4;898;897,4;1383,3;14,7;12,4;15,3;13,8;12,9;11,8;88;84;86;225;6,4;3,3;
2025/08/09;1600 UTC;0;897;897,5;897;1373,3;14,4;12,2;15;13,8;12,7;11,5;88;85;87;228;7,4;3,3;
2025/08/09;1700 UTC;0;896,3;897;896,3;1508,8;14,3;11,7;14,6;13,9;12,3;11,5;87;84;85;222;7,4;3,4;
2025/08/09;1800 UTC;0;896,3;896,3;896;1028;13,6;11,7;14,6;13,5;12,1;11,5;89;84;89;221;6,3;3,1;
2025/08/09;1900 UTC;0;896,6;896,6;896,2;516,3;12,5;11,6;13,6;12,5;11,8;11,3;94;88;94;214;7;3,6;
2025/08/09;2000 UTC;0;896,8;897;896,6;138,7;12,5;11,7;12,7;12,4;11,8;11,6;95;94;95;220;6,9;2,3;
2025/08/09;2100 UTC;0;897,2;897,2;896,8;18,4;12,1;11,4;12,5;12,1;11,7;11,3;95;95;95;209;7;3,5;
2025/08/09;2200 UTC;0;897,6;897,6;897,2;;11,7;11;12,2;11,7;11,5;11;95;95;95;247;6,3;3;
2025/08/09;2300 UTC;0;898,2;898,3;897,5;;11,3;10,5;11,7;11,2;11;10,5;95;95;95;227;6,5;3,2;
2025/08/10;0000 UTC;0;898,7;898,7;898,2;;11,1;10,3;11,4;11,1;10,6;10,3;95;95;95;233;5,8;2,5;
2025/08/10;0100 UTC;0;898,9;898,9;898,6;;11;10,2;11,1;10,8;10,3;10;95;94;94;215;5,7;2,6;
2025/08/10;0200 UTC;0;898,8;899;898,8;;11,2;10,3;11,2;11;10,3;10,1;94;94;94;232;5,8;2,2;
2025/08/10;0300 UTC;0;898,9;899;898,8;;11,4;10,2;11,4;11,1;10,4;10,2;94;93;93;234;6,1;2,7;
2025/08/10;0400 UTC;0;898,8;898,9;898,7;;10,7;9,3;11,4;10,7;10,3;9,3;93;91;91;215;6,2;3;
2025/08/10;0500 UTC;0;898,2;898,8;898,2;;10,7;9,2;10,8;10,6;9,4;9,2;92;90;90;214;6,7;2,8;
2025/08/10;0600 UTC;,2;898,2;898,3;898,1;;10,5;9;10,8;10,5;9,4;9;92;90;91;206;6,9;4,1;
2025/08/10;0700 UTC;0;897,9;898,2;897,9;;9,5;7,7;10,5;9,5;9,1;7,7;92;89;89;206;9,6;5,3;
2025/08/10;0800 UTC;0;898,3;898,3;897,8;;9,2;7,9;9,5;9;7,9;7,3;92;89;92;203;9,4;4,1;
2025/08/10;0900 UTC;,2;898,8;898,9;898,3;;9;7,5;9,3;9;8,4;7,5;95;90;90;221;8,3;4,4;
2025/08/10;1000 UTC;0;899,3;899,3;898,8;62,2;8,5;5,9;9;8,4;7,5;5,8;91;83;83;210;10,3;6,4;
2025/08/10;1100 UTC;0;899,7;899,7;899,2;670,6;9,5;6,3;9,5;8,4;6,5;5,9;86;80;80;218;11,2;3,9;
2025/08/10;1200 UTC;0;900,6;900,6;899,7;1956,9;10,7;6,1;10,9;9,5;7,2;5,7;82;73;73;224;8,8;3,6;
2025/08/10;1300 UTC;0;900,9;901,1;900,5;2371,3;11,7;6,1;11,8;10,4;6,6;5,7;75;68;69;241;9;3,8;
2025/08/10;1400 UTC;0;900,8;901;900,8;2831,5;12,9;6,1;12,9;11,6;6,6;5;71;62;64;225;8,8;4,2;
2025/08/10;1500 UTC;0;900,5;900,9;900,5;3077,5;13,3;4,4;14;12,8;6,6;3;64;51;55;216;9,5;4,6;
2025/08/10;1600 UTC;0;900,2;900,6;900,1;3065,3;13,6;5,9;14,2;12,8;5,9;3,3;60;49;60;239;9,9;4,3;
2025/08/10;1700 UTC;0;899,7;900,2;899,7;2782,7;13,7;6,6;14,2;13,4;6,9;4,6;63;55;62;204;9,9;3,6;
2025/08/10;1800 UTC;0;899,7;899,7;899,5;2300;13,2;7,8;14,1;13,2;8,1;6,3;70;61;70;228;8,8;4,4;
2025/08/10;1900 UTC;0;899,9;899,9;899,6;1471;12,8;8,8;13,2;12,5;9;7,8;78;70;77;216;8,2;4;
2025/08/10;2000 UTC;0;900,3;900,3;899,9;610,4;11,3;8,9;12,9;11,3;9;8,5;85;76;85;219;7,8;4;
2025/08/10;2100 UTC;0;900,6;900,7;900,3;50;10,8;8,7;11,3;10,8;9;8,7;87;85;87;220;6,9;2,7;
2025/08/10;2200 UTC;,2;900,8;900,9;900,6;;10,8;8,8;11;10,7;8,9;8,7;88;87;87;218;7;3,2;
2025/08/10;2300 UTC;0;901,4;901,4;900,8;;10,8;8,7;10,9;10,7;8,9;8,6;88;86;87;215;7,4;3,3;
2025/08/11;0000 UTC;0;901,6;901,6;901,4;;10,4;8,7;10,8;10,4;8,9;8,5;89;87;89;204;6,8;3,8;
2025/08/11;0100 UTC;0;901,5;901,7;901,5;;10,5;8,4;10,6;10,4;8,7;8,3;89;86;87;208;6,8;3,3;
2025/08/11;0200 UTC;0;901,7;901,7;901,5;;10,2;8,7;10,6;10,2;8,8;8,4;91;87;90;211;7,5;3,2;
2025/08/11;0300 UTC;0;901,2;901,7;901,2;;10,4;8,4;10,5;10,2;8,7;8,4;90;88;88;197;7,5;4,5;
2025/08/11;0400 UTC;0;900,9;901,2;900,9;;10,3;8,6;10,5;10,3;8,7;8,4;89;87;89;205;8,7;4,6;
2025/08/11;0500 UTC;0;900,5;900,9;900,5;;10,6;8,7;10,6;10,3;8,8;8,5;90;88;88;207;8,3;3,4;
2025/08/11;0600 UTC;,2;900,1;900,5;900,1;;10,3;8,7;10,6;10,3;8,9;8,7;90;88;90;219;6,2;2,4;
2025/08/11;0700 UTC;,4;899,8;900,1;899,8;;10,2;8,5;10,4;10,1;8,8;8,5;90;89;90;209;7,6;2,7;
2025/08/11;0800 UTC;0;899,6;899,8;899,6;;10,1;8,2;10,3;10;8,5;8,1;90;87;88;198;7,7;4,4;
2025/08/11;0900 UTC;0;899,8;899,9;899,6;;10;8,1;10,1;9,9;8,1;8;88;87;88;202;7,7;2,4;
2025/08/11;1000 UTC;0;900,3;900,4;899,8;89,8;10;7,7;10,2;9,8;8,1;7,7;88;85;86;234;5,3;2;
2025/08/11;1100 UTC;0;900,7;900,7;900,3;402,9;10,3;8,4;10,3;9,9;8,4;7,8;89;86;88;257;4,9;2,2;
2025/08/11;1200 UTC;0;901,2;901,2;900,7;1049;11,9;9,2;11,9;10,3;9,4;8,4;89;83;84;242;5,5;2,1;
2025/08/11;1300 UTC;0;901,3;901,3;901,2;2237,6;12,1;8,7;13,3;11,9;9,8;8,4;84;75;80;226;5,8;3,2;
2025/08/11;1400 UTC;0;901;901,3;901;2908,4;12,5;8,8;13,1;12;9,5;8,7;82;77;78;218;7;3,9;
2025/08/11;1500 UTC;0;900,4;901;900,4;3305,3;13,6;9,2;14;12,5;9,9;8,3;80;72;75;222;7,3;4,2;
2025/08/11;1600 UTC;0;900;900,4;900;2825,4;12,8;7,7;14,2;12,7;9,1;7,7;76;69;71;224;7,8;4,3;
2025/08/11;1700 UTC;0;899,5;900;899,5;1283,2;12,1;8,4;13;11,7;9,3;7,7;81;71;78;216;8,1;3,9;
2025/08/11;1800 UTC;0;899,5;899,5;899,4;1082,8;12;8,7;12,3;11,4;9,3;8;84;78;80;211;8,1;3,2;
2025/08/11;1900 UTC;0;899,7;899,7;899,5;634,1;11,4;8,7;12,2;11,3;8,8;8;84;78;84;212;7,1;4,1;
2025/08/11;2000 UTC;0;900;900;899,7;163,9;10,7;9,2;11,4;10,6;9,2;8,7;90;84;90;226;6,7;3,6;
2025/08/11;2100 UTC;0;900,2;900,2;900;9,5;10,8;9,2;11;10,7;9,4;9,2;91;89;90;216;6,1;3,1;
2025/08/11;2200 UTC;0;900,7;900,7;900,2;;10,8;9;10,8;10,6;9,2;8,9;90;89;89;197;6,7;3,6;
2025/08/11;2300 UTC;0;901;901;900,7;;10,3;8,5;10,9;10,3;9,1;8,4;89;87;89;214;7,6;3,7;
2025/08/12;0000 UTC;0;901,3;901,3;901;;10,3;8,6;10,5;10,2;8,8;8,5;90;89;90;212;7,1;4;
2025/08/12;0100 UTC;0;901,1;901,3;901;;10,2;8,4;10,3;10,1;8,8;8,4;90;89;89;197;7,4;3,5;
2025/08/12;0200 UTC;0;901,2;901,2;901,1;;10,3;8,6;10,3;10,1;8,6;8,4;89;89;89;209;6,4;2,9;
2025/08/12;0300 UTC;0;901,1;901,3;901,1;;10,2;8,6;10,3;10,2;8,7;8,4;90;88;89;203;5,4;2,7;
2025/08/12;0400 UTC;0;900,7;901,2;900,7;;10,1;8,3;10,2;10;8,6;8,3;90;89;89;191;5,4;2,3;
2025/08/12;0500 UTC;0;900,2;900,7;900,1;;10;8,3;10,1;9,2;8,4;7,5;90;89;89;218;5;2,5;
2025/08/12;0600 UTC;0;899,9;900,2;899,9;;8,3;6,7;10;8,1;8,2;6,3;91;87;90;251;5;,9;
2025/08/12;0700 UTC;0;899,5;899,9;899,5;;7,5;5,9;8,9;7,3;7,5;5,8;91;89;90;301;3,7;1,4;
2025/08/12;0800 UTC;0;899,7;899,7;899,5;;6,8;5,8;7,6;6,5;6,8;5,4;95;89;93;221;3,2;1,6;
2025/08/12;0900 UTC;0;900,2;900,2;899,7;;7,1;6,5;7,7;6,8;7;5,9;95;93;95;243;3,5;1,6;
2025/08/12;1000 UTC;,2;900,4;900,5;900,2;107,4;7,8;7;7,8;6,3;7;5,6;96;95;95;200;4,3;2,7;
2025/08/12;1100 UTC;0;900,7;900,7;900,4;726;10,3;7,4;10,3;7,8;7,6;6,2;95;82;82;186;3,9;1,7;
2025/08/12;1200 UTC;0;901,4;901,4;900,7;1697,7;12;8,2;12;10,4;8,2;6,6;82;75;78;224;5,4;3,1;
2025/08/12;1300 UTC;0;901,7;901,7;901,4;1715,2;13;8,2;13;11,8;8,3;7,1;78;71;73;221;5,7;2,2;
2025/08/12;1400 UTC;0;901,3;901,7;901,3;1762,9;13,2;7,5;13,8;12,6;8,3;7,2;73;66;68;242;6;3;
2025/08/12;1500 UTC;0;900,8;901,3;900,8;2522,3;14,1;8,4;14,9;13,2;8,7;7,4;71;63;69;211;6,4;3,4;
2025/08/12;1600 UTC;0;900,1;900,8;900,1;2114,7;13,5;9,1;14,7;13,1;9,7;8,4;77;69;75;223;6,6;2,8;
2025/08/12;1700 UTC;0;899,7;900,1;899,7;1252,8;13;9,4;14,8;12,9;10,2;8,5;79;69;79;225;6,7;4,1;
2025/08/12;1800 UTC;0;899,4;899,7;899,4;832,7;13;9,2;13,2;12,7;9,5;8,9;79;78;78;231;7,8;3,5;
2025/08/12;1900 UTC;0;899,6;899,6;899,4;513,5;12,8;9,9;13;12,4;9,9;9,1;83;78;83;228;7,1;2,5;
2025/08/12;2000 UTC;0;900,1;900,2;899,6;258;11,7;9,7;12,9;11,7;9,9;9,4;88;81;88;229;5,8;2,6;
2025/08/12;2100 UTC;0;900,4;900,4;900,1;28,9;11,3;9,6;11,7;11,3;9,8;9,6;89;88;89;242;5,8;2;
2025/08/12;2200 UTC;0;900,7;900,7;900,4;;10,6;9;11,3;10,6;9,6;9;90;89;90;297;3,6;,5;
2025/08/12;2300 UTC;0;901;901;900,7;;10,2;8,8;10,7;10,2;9,3;8,8;92;90;91;21;1,5;,8;
2025/08/13;0000 UTC;0;901;901;900,8;;9,4;8,5;10,2;9,2;8,8;8,1;95;91;94;218;2,3;,8;
2025/08/13;0100 UTC;0;901,3;901,3;901;;9,3;8,5;9,5;9,1;8,7;8,3;95;94;95;39;1,3;,5;
2025/08/13;0200 UTC;0;901,4;901,5;901,3;;9,4;8,6;9,6;8,6;8,9;7,9;95;95;95;22;2,1;1,3;
2025/08/13;0300 UTC;0;901,3;901,4;901,2;;9,5;8,7;9,6;9,1;8,8;8,3;95;95;95;25;2,3;1;
2025/08/13;0400 UTC;0;901,1;901,3;901;;10,6;9,8;10,6;9,4;9,8;8,6;95;95;95;80;2,8;1,6;
2025/08/13;0500 UTC;0;900,8;901,1;900,7;;10,3;9;10,8;10,3;9,9;9;95;92;92;19;4,6;1,8;
2025/08/13;0600 UTC;0;900,5;900,8;900,4;;10,7;9;11;10,3;9,6;9;92;89;89;41;3,4;1;
2025/08/13;0700 UTC;0;900,2;900,5;900,2;;10,3;8,6;10,9;10,3;9,3;8,6;90;88;89;14;2,9;1,4;
2025/08/13;0800 UTC;0;900,6;900,6;900,2;;9,9;8,4;10,8;9,6;9;7,9;90;88;90;32;3,2;1,4;
2025/08/13;0900 UTC;0;901,1;901,1;900,6;;9;7,8;10,2;8,3;8,6;6,8;94;89;93;16;3,2;1,8;
2025/08/13;1000 UTC;0;901,5;901,5;901,1;81,2;9,2;8,4;9,5;8,3;8,6;7,2;95;92;95;82;2,8;1,3;
2025/08/13;1100 UTC;0;901,8;901,8;901,5;625;12,7;10,4;12,7;9,2;10,4;8,4;95;85;86;70;3,9;1,5;
2025/08/13;1200 UTC;0;902,2;902,3;901,8;1605,9;15;10,6;15;12,7;10,8;9,7;86;74;75;82;5,9;3,3;
2025/08/13;1300 UTC;0;902,3;902,3;902,2;1699,1;16,5;9,8;16,6;15;11;9,7;75;64;65;73;8,2;3,7;
2025/08/13;1400 UTC;0;901,9;902,3;901,9;2278,2;17,2;8,9;17,8;16,2;10,3;8,8;65;58;58;69;7,6;3,8;
2025/08/13;1500 UTC;0;901,3;902;901,3;2437,7;18,2;9,6;18,2;16,6;10,2;8,7;62;57;57;63;8,7;3,4;
2025/08/13;1600 UTC;0;900,6;901,4;900,6;2903,6;18,5;8;19,5;17,4;9,7;7,9;58;50;51;76;7,8;3,2;
2025/08/13;1700 UTC;0;899,8;900,6;899,8;2757,9;19,4;8,5;19,5;18,2;9,3;7,9;53;48;49;72;7,8;3,2;
2025/08/13;1800 UTC;0;899,4;899,8;899,3;2239,7;19,4;7,9;20,1;19;8,6;6,7;50;43;47;80;7;3,4;
2025/08/13;1900 UTC;0;899,7;899,7;899,3;1533,7;19,5;5,6;19,7;19;8,4;5,2;49;39;40;71;6,8;1,9;
2025/08/13;2000 UTC;0;899,8;899,8;899,6;532,2;14,7;8,1;19,5;14,7;8,2;5,3;65;40;65;342;4,9;1,5;
2025/08/13;2100 UTC;0;900,2;900,2;899,8;22,4;11,6;6;14,7;11,6;7,8;5,8;70;61;68;312;5,4;2;
2025/08/13;2200 UTC;0;900,7;900,7;900,2;;9,8;6,7;11,6;9,7;6,8;5,5;81;66;81;2;5,4;,5;
2025/08/13;2300 UTC;0;901,3;901,3;900,7;;8,1;6,3;9,7;8,1;6,9;6,3;89;81;89;9;1,2;,4;
2025/08/14;0000 UTC;0;901,6;901,6;901,3;;7,6;6,3;8,2;7,3;6,8;5,9;92;89;92;256;1,1;,4;
2025/08/14;0100 UTC;0;901,7;901,7;901,5;;6,7;5,7;8;6,6;6,9;5,5;95;92;94;136;1;,5;
2025/08/14;0200 UTC;0;901,7;901,8;901,6;;6,5;5,9;7;6,1;6,3;5,4;96;94;96;13;1,2;,5;
2025/08/14;0300 UTC;0;901,3;901,8;901,3;;5,7;5,1;6,6;5,7;6;5,1;96;96;96;2;1,2;,3;
2025/08/14;0400 UTC;0;900,8;901,3;900,8;;5,3;4,8;6;5,3;5,4;4,8;96;96;96;280;1,3;,3;
2025/08/14;0500 UTC;0;900,7;900,9;900,7;;5,3;4,8;5,7;4,7;5,1;4,2;97;96;97;272;1;,3;
2025/08/14;0600 UTC;0;900,7;900,7;900,5;;4,8;4,4;5,3;4,2;4,7;3,8;97;97;97;341;1,2;,4;
2025/08/14;0700 UTC;0;900,7;900,7;900,6;;4,6;4,1;4,8;4;4,4;3,6;97;97;97;322;1,1;,3;
2025/08/14;0800 UTC;,2;901,1;901,1;900,5;;4,4;4;4,7;4,2;4,3;3,8;97;97;97;255;1,2;,6;
2025/08/14;0900 UTC;0;901,6;901,6;901,1;;4,6;4,2;4,7;4,3;4,3;3,9;97;97;97;279;1,2;,5;
2025/08/14;1000 UTC;0;902,2;902,2;901,6;70,4;5,1;4,7;5,1;4,5;4,7;4,1;97;97;97;357;1,1;,2;
2025/08/14;1100 UTC;0;902,7;902,7;902,2;629,5;8,3;7,7;8,3;5,1;7,7;4,7;97;96;96;116;1,3;,5;
2025/08/14;1200 UTC;0;903,1;903,1;902,7;1641,9;13,6;12,9;13,7;8,3;12,9;7,7;96;95;95;91;1,9;,7;
2025/08/14;1300 UTC;0;903,1;903,1;903;2342,6;17,3;11,9;17,8;13,6;14,9;11,5;95;68;71;245;6,3;2,7;
2025/08/14;1400 UTC;0;903,5;903,5;903,1;1607,5;13,2;12,4;17,3;13;12,7;11,5;95;70;95;227;8,8;3,6;
2025/08/14;1500 UTC;0;903,1;903,6;903,1;1872,9;15,7;12,3;16,2;13;14,6;12,2;95;80;80;251;7,2;3,6;
2025/08/14;1600 UTC;0;903;903,1;902,9;1861,6;15,2;11,1;16,3;14,1;12,6;10,8;84;76;77;223;7,8;3;
2025/08/14;1700 UTC;0;902,4;903;902,3;2705,2;16,5;10;16,6;15;11,2;8,4;77;61;65;219;8,5;3,5;
2025/08/14;1800 UTC;0;902,5;902,5;902,2;2313,8;15,7;11,9;16,8;15,5;12,1;9,7;78;65;78;214;8,1;3,8;
2025/08/14;1900 UTC;0;902,9;902,9;902,5;905,3;14,2;11,9;15,9;14,1;12,1;11,6;87;76;86;221;9,2;3,3;
2025/08/14;2000 UTC;0;903,2;903,2;902,9;208,1;13,5;11,7;14,5;13,5;12;11,6;89;84;89;221;7,1;3,8;
2025/08/14;2100 UTC;0;903,7;903,7;903,1;23,7;12,9;11,3;13,7;12,9;11,8;11,1;90;86;90;231;7;3,4;
2025/08/14;2200 UTC;0;904,4;904,4;903,7;;12,3;10,9;12,9;12,3;11,3;10,9;92;90;91;224;8,1;3,8;
2025/08/14;2300 UTC;0;905;905;904,3;;12;9,7;12,3;12;10,8;9,7;91;86;86;212;8,1;4,1;
2025/08/15;0000 UTC;0;905,1;905,2;905;;12,2;9,9;12,2;12;10;9,7;87;85;86;207;8;3,9;
2025/08/15;0100 UTC;0;905,4;905,4;905,1;;12;10,3;12,3;11,9;10,3;9,7;89;85;89;212;7,2;3,6;
2025/08/15;0200 UTC;0;905,7;905,7;905,4;;11,9;9,9;12;11,9;10,3;9,9;90;88;88;212;7;3,2;
2025/08/15;0300 UTC;0;905,7;905,7;905,6;;11,7;9,9;12;11,6;10,1;9,8;89;87;89;209;6,2;3,1;
2025/08/15;0400 UTC;,2;905,3;905,7;905,3;;11,5;9,7;11,7;11,4;9,9;9,6;89;88;89;199;6,3;3,4;
2025/08/15;0500 UTC;0;904,8;905,3;904,8;;11,6;9,6;11,7;11,5;9,8;9,4;89;86;87;228;6,5;3,1;
2025/08/15;0600 UTC;0;904,5;904,9;904,5;;11,6;9,9;11,6;11,5;9,9;9,6;89;88;89;207;5,4;2,3;
2025/08/15;0700 UTC;0;904,4;904,5;904,3;;11,4;9,8;11,7;11,4;10,1;9,8;90;89;90;238;6,6;3,8;
2025/08/15;0800 UTC;,2;904,6;904,6;904,3;;10,9;9,2;11,4;10,9;9,8;9,2;90;89;89;223;6,6;1,9;
2025/08/15;0900 UTC;0;904,9;904,9;904,6;;10,8;9;11,1;10,8;9,2;9;89;88;89;198;3,9;1,1;
2025/08/15;1000 UTC;0;905,2;905,2;904,9;54,3;11,1;9,3;11,1;10,8;9,3;9;89;89;89;201;3,7;1,7;
2025/08/15;1100 UTC;0;905,6;905,6;905,2;499,5;12,9;9,1;12,9;11,1;10,2;9;89;77;78;210;3,9;2,4;
2025/08/15;1200 UTC;0;906,1;906,1;905,6;789,8;13,4;8,4;13,5;12,9;9,3;8,4;78;71;72;230;5,2;2,4;
2025/08/15;1300 UTC;0;906,3;906,3;906,1;677,1;14;8,9;14,1;13,4;9,7;8,4;77;71;72;226;4,8;1,8;
2025/08/15;1400 UTC;0;905,9;906,3;905,9;989,2;14,8;9,4;14,9;14;9,8;8,9;74;69;70;244;4;2;
2025/08/15;1500 UTC;0;905,3;905,9;905,3;844,1;15,2;9,3;15,5;14,7;10;9;72;67;68;201;3,5;1,4;
2025/08/15;1600 UTC;0;904,7;905,3;904,7;906,7;15,3;10,4;15,5;14,9;10,6;9,1;75;67;72;215;5;2,2;
2025/08/15;1700 UTC;0;904,1;904,7;904,1;1099;15,2;10,8;16,1;15,1;10,9;10;75;68;75;226;4,8;2,7;
2025/08/15;1800 UTC;0;903,8;904,1;903,8;690,5;14,7;10,6;15,3;14,5;11,1;10,3;79;73;76;218;5,6;2,7;
2025/08/15;1900 UTC;0;904;904;903,8;485;13,9;10,7;14,7;13,8;10,9;10,6;81;76;81;214;5,5;3,2;
2025/08/15;2000 UTC;0;904,2;904,2;904;181;13,6;10,6;13,9;13,6;10,8;10,6;83;81;82;222;5,4;2;
2025/08/15;2100 UTC;0;904,3;904,3;904,2;31,5;12,6;10,4;13,6;12,6;10,8;10,4;87;82;87;221;3,3;,8;
2025/08/15;2200 UTC;0;904,7;904,7;904,3;;12,1;10,3;12,6;12;10,5;10,2;88;87;88;287;1,6;,9;
2025/08/15;2300 UTC;0;905;905;904,7;;12,3;10,7;12,4;11,9;10,8;10,1;90;88;90;192;1,9;,6;
2025/08/16;0000 UTC;0;905,1;905,1;905;;12,6;11,1;12,6;12,2;11,1;10,6;91;90;91;210;2,5;1,4;
2025/08/16;0100 UTC;0;905,4;905,4;905,1;;12,2;10,9;12,6;12,1;11,1;10,7;92;90;92;254;2,5;,7;
2025/08/16;0200 UTC;0;905,4;905,5;905,4;;11,5;10,2;12,2;11,5;11;10,2;92;92;92;336;1,8;,7;
2025/08/16;0300 UTC;0;905;905,4;905;;11,1;9,8;11,6;11;10,3;9,7;92;91;92;272;2,2;,8;
2025/08/16;0400 UTC;0;904,6;905,1;904,6;;10,4;9,5;11,2;10,4;10,1;9,5;94;92;94;355;1,2;,4;
2025/08/16;0500 UTC;0;904,1;904,6;904;;10,6;9,7;10,7;9,6;9,9;8,7;95;94;95;329;2,6;1,5;
2025/08/16;0600 UTC;0;903,8;904,1;903,8;;10;9,2;10,9;10;10,1;9;95;93;94;38;2,6;,3;
2025/08/16;0700 UTC;0;903,3;903,8;903,3;;9,7;8,9;10,6;9,6;9,7;8,8;95;94;95;345;1,2;,3;
2025/08/16;0800 UTC;0;903,4;903,4;903,2;0;10,2;9,4;10,2;9,7;9,4;8,9;95;95;95;30;1,3;,5;
2025/08/16;0900 UTC;0;903,6;903,6;903,3;;10,3;9,6;10,4;10,2;9,6;9,5;95;95;95;301;1,2;,2;
2025/08/16;1000 UTC;0;904;904;903,6;36,3;10,7;9,9;10,7;10,3;9,9;9,6;95;95;95;245;1,6;,6;
2025/08/16;1100 UTC;0;904,4;904,4;904;212,1;12,2;11,3;12,2;10,7;11,3;9,9;95;95;95;90;1,9;1,1;
2025/08/16;1200 UTC;0;904,9;904,9;904,4;478,9;13,4;10,3;13,4;12,2;11,5;9,6;95;80;82;67;4,2;1,6;
2025/08/16;1300 UTC;0;904,8;904,9;904,8;1015,1;14,4;10,1;14,4;13,2;10,6;9,8;82;75;75;79;5,5;2,7;
2025/08/16;1400 UTC;0;904,2;904,8;904,2;2088,4;15,9;10;16,8;14,4;11;9,6;75;66;68;90;5,5;3,1;
2025/08/16;1500 UTC;0;903,7;904,2;903,7;1954;16,1;10,2;16,7;15,6;10,7;9,8;70;66;68;56;5,8;2,5;
2025/08/16;1600 UTC;0;902,8;903,7;902,8;2416,9;18;10,3;18,2;16,1;10,9;9,3;68;58;61;43;6;2,2;
2025/08/16;1700 UTC;0;902,2;902,8;902,2;2466,7;16;11,4;19,4;16;12;9,2;74;54;74;229;6;3,5;
2025/08/16;1800 UTC;0;902;902,2;902;1310,7;16,2;12,4;16,8;15,6;12,4;11,5;79;73;78;223;6;2,9;
2025/08/16;1900 UTC;0;902,2;902,2;901,9;609,1;14,3;12;16,2;14,2;12,6;11,7;86;77;86;232;6,8;2,7;
2025/08/16;2000 UTC;0;902,5;902,5;902,2;232,4;14,4;11,9;14,4;14;12;11,8;87;85;85;192;5,3;1,8;
2025/08/16;2100 UTC;0;902,3;902,5;902,3;36,7;12,8;10,9;14,4;12,8;11,9;10,9;88;85;88;346;3,2;,8;
2025/08/16;2200 UTC;0;902,6;902,6;902,2;;11,4;10;13;11,4;11,3;10;91;88;91;347;2,1;,4;
2025/08/16;2300 UTC;0;903,1;903,1;902,6;;10,5;9,6;11,5;10,5;10,2;9,4;95;91;94;332;1,2;,7;
2025/08/17;0000 UTC;0;903,2;903,2;903,1;;9,9;9,1;10,5;9,4;9,7;8,5;95;94;95;18;2,3;,8;
2025/08/17;0100 UTC;0;903,5;903,5;903,2;;9,5;8,7;10;9,2;9,1;8,4;95;94;95;327;1,7;,6;
2025/08/17;0200 UTC;0;903,4;903,6;903,4;;9,9;9,2;10;9,4;9,2;8,6;95;95;95;90;1,1;,2;
2025/08/17;0300 UTC;0;903,3;903,4;903,3;,2;10,4;9,7;10,4;9,9;9,7;9,2;95;95;95;335;,8;,3;
2025/08/17;0400 UTC;0;902,9;903,3;902,9;;12,6;11,8;12,6;10,4;11,8;9,7;95;95;95;85;2,6;1,2;
2025/08/17;0500 UTC;0;902,5;902,9;902,5;;12,1;11,1;12,6;12,1;11,8;11;95;93;94;352;2,4;,9;
2025/08/17;0600 UTC;0;902,4;902,6;902,4;;11,7;10,8;12,2;11,6;11,2;10,6;94;93;94;152;1,5;,3;
2025/08/17;0700 UTC;0;902,1;902,5;902;,1;11,1;9,7;12,1;11,1;11,1;9,6;94;91;91;256;2;,9;
2025/08/17;0800 UTC;0;902;902,1;902;;11;10;11,2;10,9;10;9,5;93;91;93;32;1,7;,5;
2025/08/17;0900 UTC;0;902,3;902,3;902;;12,5;10,7;12,5;11;11,3;10;94;89;89;73;5,3;2,5;
2025/08/17;1000 UTC;0;902,6;902,6;902,3;34,2;12,6;10,7;12,6;12,4;10,7;10,7;89;88;88;80;5,3;2,2;
2025/08/17;1100 UTC;0;902,9;902,9;902,6;310,2;13,5;10,9;13,5;12,6;10,9;10,7;88;84;84;85;5;3;
2025/08/17;1200 UTC;0;903,2;903,2;902,8;981,2;14,5;10,5;14,7;13,5;11,2;10,5;84;77;77;90;6,2;3;
2025/08/17;1300 UTC;0;903,1;903,3;903,1;1843,9;15,1;10,9;15,8;14,4;11,2;10,3;78;73;76;99;6,2;3,7;
2025/08/17;1400 UTC;0;902,6;903,1;902,6;2417,3;16,5;10,9;17,1;14,9;11,5;10,3;77;68;69;95;8,2;3,2;
2025/08/17;1500 UTC;0;901,9;902,6;901,9;2596,4;17,4;11,4;17,6;16;11,7;10,5;71;66;68;88;8,2;3,4;
2025/08/17;1600 UTC;0;901,1;901,9;901,1;3034,2;18,1;10,9;18,5;17,3;11,8;10,6;68;62;63;89;7;2,6;
2025/08/17;1700 UTC;0;900,4;901,1;900,4;1497,1;18,2;11,2;19,1;17,5;12,2;10,5;66;61;64;72;6,6;1,5;
2025/08/17;1800 UTC;0;899,9;900,4;899,9;969,7;17,5;11,8;18,2;17;12,7;10,8;74;63;69;239;4;2,1;
2025/08/17;1900 UTC;0;900,2;900,3;899,9;671,9;16,6;12,4;17,5;16,6;12,5;11,7;76;69;76;203;5;3,2;
2025/08/17;2000 UTC;0;900,3;900,3;900,2;260;15;12,1;16,6;15;12,5;12,1;83;76;83;327;5;,2;
2025/08/17;2100 UTC;0;900,9;900,9;900,2;34,7;13,5;11,7;14,9;13,5;12,3;11,6;89;83;89;252;1,7;,9;
2025/08/17;2200 UTC;0;901,4;901,4;900,9;;12,6;11,1;13,5;12,2;11,7;10,5;91;89;91;281;1,9;,6;
2025/08/17;2300 UTC;0;901,9;901,9;901,4;;13,3;11,6;14,1;12,6;13,1;11,3;94;89;89;351;2,8;,4;
2025/08/18;0000 UTC;0;902,2;902,2;901,9;;12,4;10,9;13,5;12,4;11,7;10,8;90;88;90;230;1,8;,7;
2025/08/18;0100 UTC;0;902,4;902,5;902,2;;11;9,3;13,3;11;12;9,3;92;87;89;16;3,7;,7;
2025/08/18;0200 UTC;0;902,3;902,5;902,3;;9,8;8,5;11;9,8;9,5;8,5;93;89;92;283;1,7;,5;
2025/08/18;0300 UTC;0;902,1;902,3;902,1;;9,7;8,9;11;9,6;10,1;8,5;95;92;94;243;2;,4;
2025/08/18;0400 UTC;0;901,9;902,2;901,8;;9,7;9;9,8;9,2;9;8,4;95;94;95;225;2,2;1,2;
2025/08/18;0500 UTC;0;901,9;902;901,8;;11,5;10,7;11,5;9,7;10,7;8,9;95;95;95;205;3,6;1,5;
2025/08/18;0600 UTC;,2;901,6;902;901,5;,5;11,6;10,8;11,7;11,3;10,9;10,6;95;95;95;247;3,5;,8;
2025/08/18;0700 UTC;0;901,4;901,6;901,3;;11,3;10,6;11,7;11,3;10,9;10,5;95;95;95;32;1,5;1;
2025/08/18;0800 UTC;0;901,8;901,8;901,4;;11,2;10,5;11,4;11,1;10,6;10,4;95;95;95;312;1,7;,3;
2025/08/18;0900 UTC;0;902,4;902,4;901,8;;11,9;11,1;12;11,2;11,2;10,5;95;95;95;97;1,7;,4;
2025/08/18;1000 UTC;0;902,9;902,9;902,4;50,1;12,3;11,6;12,3;11,8;11,6;11,1;95;95;95;264;2,4;,8;
2025/08/18;1100 UTC;0;903,6;903,6;902,9;319,5;13,1;12,2;13,1;12,3;12,2;11,6;95;95;95;217;2,6;1;
2025/08/18;1200 UTC;0;904,3;904,4;903,6;744,4;14,8;12,2;14,8;13,1;12,5;11,8;95;84;84;226;3,7;1,9;
2025/08/18;1300 UTC;0;904,5;904,5;904,3;2207,1;16,5;9,7;17;14,8;12,4;9,6;85;62;64;222;5,6;3,1;
2025/08/18;1400 UTC;0;904,2;904,5;904,2;2741,2;17,2;9,9;17,8;16,3;11,1;9,2;69;59;62;242;6,6;3,6;
2025/08/18;1500 UTC;0;903,4;904,2;903,4;3064,6;18,1;9,7;18,5;16,6;11;9,3;64;58;58;237;6,8;3,1;
2025/08/18;1600 UTC;0;902,6;903,4;902,6;3107,3;18;9,5;18,5;17,5;11,1;9,3;64;55;57;244;7,2;3,3;
2025/08/18;1700 UTC;0;902,4;902,7;902,4;2895,9;17,9;10,2;18,7;17,4;11,2;9,2;65;58;61;242;7,4;3,1;
2025/08/18;1800 UTC;0;902,3;902,4;902,2;2234,9;17,8;10;18,4;17,4;11;9,5;64;58;60;241;7,2;3,3;
2025/08/18;1900 UTC;0;902,6;902,6;902,2;1025,1;16,6;11,3;18;16,5;11,3;10,3;71;60;71;240;6,2;3;
2025/08/18;2000 UTC;0;902,8;902,8;902,6;417,3;15,2;11,8;16,9;15,2;11,8;11,2;80;70;80;248;5,6;1,4;
2025/08/18;2100 UTC;0;903;903,1;902,8;36,9;13,7;11,3;15,2;13,7;11,9;11,3;86;80;85;250;3,8;1,1;
2025/08/18;2200 UTC;0;903,6;903,6;903;;12,4;9,9;13,8;11,9;11,5;9,5;86;82;85;318;2,7;1,5;
2025/08/18;2300 UTC;0;904,3;904,3;903,6;;11;9,1;12,4;10,8;9,7;8,9;89;83;88;300;3,6;1,5;
2025/08/19;0000 UTC;0;904,4;904,5;904,3;;11;9,4;11,3;10,1;9,8;8,3;92;87;90;289;3,2;1,1;
2025/08/19;0100 UTC;0;904,5;904,5;904,4;;8,9;7,7;11,1;8,6;9,6;7,2;92;88;92;273;2;,3;
2025/08/19;0200 UTC;0;904,3;904,5;904,3;;8,1;7,3;9;8,1;7,8;6,9;95;91;95;343;1;,3;
2025/08/19;0300 UTC;0;904,1;904,3;904,1;;8,2;7,6;8,3;7,9;7,6;7,2;95;95;95;304;1,3;,3;
2025/08/19;0400 UTC;0;903,9;904,2;903,9;;8,7;8;9,2;7,9;8,5;7,2;96;95;95;5;2;1,1;
2025/08/19;0500 UTC;0;903,6;904;903,6;0;10;9,3;10,1;8,6;9,4;8;95;95;95;51;2;,6;
2025/08/19;0600 UTC;0;903,1;903,6;903,1;;10,9;10,2;11;10;10,3;9,3;95;95;95;20;2;1;
2025/08/19;0700 UTC;0;903;903,1;903;;11,5;10,7;11,6;10,9;10,9;10,2;95;95;95;71;2,4;,7;
2025/08/19;0800 UTC;0;903,1;903,1;903;;11;9,2;11,9;11;10,7;9,2;95;87;89;54;2,7;1;
2025/08/19;0900 UTC;0;903,6;903,6;903,1;;11,1;9,4;11,2;10,8;9,7;9,2;90;89;90;61;2,2;,6;
2025/08/19;1000 UTC;0;904,2;904,2;903,6;110,6;10,3;8,9;11,1;9,5;9,5;7,9;91;89;91;49;2;1,1;
2025/08/19;1100 UTC;0;904,6;904,6;904,2;764,5;12,9;10,1;13;10,3;10,1;9;91;79;83;31;2,9;1,3;
2025/08/19;1200 UTC;0;904,7;904,8;904,5;1742,6;15,6;8,9;15,7;12,9;9,9;8;83;63;64;55;4;1,6;
2025/08/19;1300 UTC;0;904,7;904,9;904,7;2394,8;17,1;7,9;17,4;15,7;9;7,3;64;52;54;59;5,8;2,5;
2025/08/19;1400 UTC;0;904,2;904,7;904,2;2717,8;17,7;7,9;18,6;17;8,9;7,4;56;49;53;67;6,7;3,3;
2025/08/19;1500 UTC;0;903,4;904,2;903,4;2528;18,9;8,8;19,5;17,1;9,7;7,3;57;49;52;32;6,1;2,6;
2025/08/19;1600 UTC;0;902,6;903,4;902,6;3396,9;19,5;8,1;20,4;18,3;9,5;7,7;54;46;48;37;7,2;2,6;
2025/08/19;1700 UTC;0;902,1;902,6;902,1;2778,8;19,2;7,7;20,2;18,4;8,7;6,9;50;44;47;57;7,6;2,9;
2025/08/19;1800 UTC;0;901,6;902,1;901,6;1801,5;17,8;8,7;19,5;17,8;9,2;7,4;55;46;55;48;7;2,3;
2025/08/19;1900 UTC;0;901,6;901,8;901,5;998,6;17,6;9,6;18,7;17,5;9,6;8,6;59;54;59;35;7,3;2;
2025/08/19;2000 UTC;0;901,8;901,9;901,6;366,1;16,5;9,3;17,8;16,5;9,8;9;62;57;62;38;6,2;2;
2025/08/19;2100 UTC;0;901,9;901,9;901,7;74,2;15,6;9;16,5;15,6;9,4;9;65;62;65;22;5,7;2,3;
2025/08/19;2200 UTC;0;902,1;902,1;901,8;;12,7;8,9;15,6;12,7;9,4;8,9;78;65;78;77;4;1,3;
2025/08/19;2300 UTC;0;902,5;902,5;902,1;;11,5;8,8;13,1;11,4;9,6;8,7;84;78;84;36;2,7;1;
2025/08/20;0000 UTC;0;902,7;902,7;902,5;;10,9;8,6;11,9;10,8;9,4;8,4;86;83;86;27;2,7;1,6;
2025/08/20;0100 UTC;0;902,8;902,9;902,7;;10,1;8;11,7;10,1;9,6;7,8;88;83;87;360;2,8;1,5;
2025/08/20;0200 UTC;0;902,7;902,8;902,6;;10;8,3;10,5;9,5;8,7;7,8;90;87;90;25;3,2;1,7;
2025/08/20;0300 UTC;0;902,5;902,8;902,5;;10,1;7,9;11,3;9,9;9,5;7,9;90;86;86;42;3,3;1,6;
2025/08/20;0400 UTC;0;902,1;902,6;902,1;;9,5;7,8;11;9,4;9,1;7,8;90;86;90;349;3,5;1,3;
2025/08/20;0500 UTC;0;902;902,2;901,9;;10,3;8,8;10,5;9,4;9,2;7,9;92;90;90;8;3,2;2,1;
2025/08/20;0600 UTC;,2;901,6;902;901,5;;10,2;9,1;10,4;9,3;9,1;7,9;93;89;93;15;3,4;1,5;
2025/08/20;0700 UTC;0;901,7;901,7;901,6;;10,1;9;10,2;9,1;9,2;7,7;94;91;93;21;3,7;2,5;
2025/08/20;0800 UTC;0;901,6;901,8;901,6;;10,1;8,4;11;9;9,8;7,5;94;88;89;12;4,3;2,8;
2025/08/20;0900 UTC;0;902,2;902,2;901,6;;9,7;8,2;11,1;9,1;9,8;7,3;93;87;90;359;5,1;2,2;
2025/08/20;1000 UTC;0;902,6;902,6;902,2;144,2;11,6;9,5;11,6;9,4;9,8;7,8;92;86;87;20;5,2;2,1;
2025/08/20;1100 UTC;0;903,3;903,3;902,6;733,3;13,7;10,3;13,7;11,6;10,4;9,5;87;80;80;81;6,4;3,9;
2025/08/20;1200 UTC;0;903,9;903,9;903,2;1636,2;16,1;11,3;16,1;13,7;11,3;10,3;80;73;73;84;8,6;4,5;
2025/08/20;1300 UTC;0;904;904,1;903,9;2319,5;17,3;10,8;17,3;15,6;11,5;10,4;73;66;66;83;10,3;5,2;
2025/08/20;1400 UTC;0;903,3;904,1;903,3;2802,4;18,6;11,1;18,8;16,8;11,5;10,6;68;61;62;80;10,1;4,2;
2025/08/20;1500 UTC;0;902,3;903,3;902,3;3040,4;19,7;11,1;20;18,4;11,4;10,7;62;57;58;73;8,3;3,9;
2025/08/20;1600 UTC;0;901,5;902,4;901,5;2947,7;20,4;11,2;20,7;19,5;11,7;10,8;59;55;55;90;8,1;4,8;
2025/08/20;1700 UTC;0;900,3;901,5;900,3;2716,9;21,8;11,2;22,5;20,4;12,1;10,5;56;49;51;64;8,6;3,3;
2025/08/20;1800 UTC;0;900,1;900,3;900;2182,6;21,7;10,2;22,7;21,5;11,6;10,2;51;47;48;61;7;2,7;
2025/08/20;1900 UTC;0;900;900,1;899,9;1432;20,8;11,1;22,3;20,8;11,7;10,6;54;48;54;80;7,7;3,1;
2025/08/20;2000 UTC;0;900,4;900,4;900;519;18,7;11,2;21;18,7;11,8;11;62;54;62;43;5,7;,8;
2025/08/20;2100 UTC;0;900,6;900,7;900,4;29,4;15,2;11,6;18,7;15,2;12,2;11,3;80;62;79;354;3;1,7;
2025/08/20;2200 UTC;0;900,9;900,9;900,6;;14;10,7;15,2;13,9;11,9;10,7;83;79;81;47;3,3;1,1;
2025/08/20;2300 UTC;0;901,3;901,3;900,9;;12,7;10,2;14,6;12,7;11,8;10,2;85;81;85;11;3,1;1,9;
2025/08/21;0000 UTC;0;901,7;901,7;901,3;;11,9;9,9;13,1;11,9;11,2;9,9;89;85;88;351;3;1,2;
2025/08/21;0100 UTC;0;901,8;901,8;901,7;;11,3;9,8;12,3;11,2;10,6;9,5;91;88;91;32;2,5;,4;
2025/08/21;0200 UTC;0;901,7;901,8;901,7;;10,9;9,8;11,4;10,7;10,3;9,3;94;90;93;11;2,6;1,8;
2025/08/21;0300 UTC;0;901,5;901,7;901,5;;11,1;9,9;11,5;10,6;10,4;9,4;94;91;92;12;3,4;,9;
2025/08/21;0400 UTC;0;901,2;901,6;901,2;;12,4;10,7;12,6;10,9;11,3;9,4;94;88;89;34;3,8;1,8;
2025/08/21;0500 UTC;,2;900,9;901,2;900,9;;11,5;9,7;12,4;11,3;10,8;9,4;90;87;89;10;3,5;1,4;
2025/08/21;0600 UTC;0;900,6;900,9;900,6;;11,2;9,7;12,5;11,1;10,9;9,2;90;88;90;14;3,3;1,3;
2025/08/21;0700 UTC;0;900,6;900,7;900,6;;11;9,6;11,5;10,8;10,3;9,4;93;90;91;26;2,9;1;
2025/08/21;0800 UTC;0;900,7;900,7;900,5;;10,7;9,5;11,4;10,6;10,1;9,2;93;90;93;105;2,7;,8;
2025/08/21;0900 UTC;0;901,3;901,3;900,7;;10;9,2;10,8;9,6;9,8;8,7;95;93;95;337;1,3;,3;
2025/08/21;1000 UTC;0;901,9;901,9;901,3;160,4;11,3;10,5;11,3;9,6;10,5;8,7;95;94;95;98;1;,5;
2025/08/21;1100 UTC;0;902,3;902,3;901,9;871,5;15,7;12,4;15,7;11,2;12,8;10,4;95;81;81;109;1,3;,7;
2025/08/21;1200 UTC;0;902,8;902,8;902,3;1340,2;19,3;11,1;19,7;15,7;13,8;10,7;81;58;59;66;3,5;1,7;
2025/08/21;1300 UTC;,2;903;903;902,8;1989,5;20,9;10,9;21,6;19;11,7;10,4;60;51;53;79;4,3;2,3;
2025/08/21;1400 UTC;0;902,5;903;902,5;1706,9;21,9;10,9;22,1;20,8;11,7;10,4;54;49;50;77;5,3;1,6;
2025/08/21;1500 UTC;0;901,6;902,5;901,6;2328,6;23,5;10,7;23,9;21,9;12,3;10,4;52;44;45;70;4,4;1,9;
2025/08/21;1600 UTC;0;901;901,6;901;2283,5;25,7;11,8;25,8;23,4;12,7;10,4;47;41;42;65;4,2;1,4;
2025/08/21;1700 UTC;0;900,4;901;900,4;1862,9;25,4;11,6;26,1;24,5;12,1;10,5;45;40;42;32;3,7;1;
2025/08/21;1800 UTC;0;900,3;900,5;900,3;1623,5;24,8;12;25,4;24;12,4;11,3;48;42;45;45;4,7;1,4;
2025/08/21;1900 UTC;0;900,4;900,4;900,3;1546,4;23,4;12,3;25,7;23,4;12,7;10,6;51;40;50;246;3,8;2,3;
2025/08/21;2000 UTC;0;900,4;900,4;900,3;510,1;18,7;12,2;23,6;18,3;13,8;11,6;66;50;66;302;3,6;1,8;
2025/08/21;2100 UTC;0;900,9;900,9;900,4;35,8;16,5;12,7;18,8;16,4;12,9;11,7;78;65;78;303;3;1,5;
2025/08/21;2200 UTC;0;901,3;901,3;900,9;;15,2;11,8;16,9;15,2;13,2;11,8;82;78;80;299;3,1;1;
2025/08/21;2300 UTC;0;901,7;901,8;901,3;;13,5;11,4;15,2;13,5;12,4;11,4;87;80;87;356;1,9;,4;
2025/08/22;0000 UTC;0;902,2;902,2;901,7;;12,9;11,3;13,7;12,9;12;11,2;90;87;90;330;1,4;,4;
2025/08/22;0100 UTC;0;902,4;902,5;902,1;;12,2;10,9;12,9;11,9;11,5;10,6;92;90;92;318;1,1;,4;
2025/08/22;0200 UTC;0;902,4;902,4;902,3;;11,5;10,7;12,3;11,3;11,4;10,3;95;91;95;344;1,8;,3;
2025/08/22;0300 UTC;0;902,1;902,4;902,1;;11,1;10,2;12,1;10,8;11,3;9,9;95;94;95;254;1,8;,6;
2025/08/22;0400 UTC;0;901,9;902,1;901,9;;10,4;9,6;11,2;10,4;10,4;9,6;95;95;95;252;1,7;,3;
2025/08/22;0500 UTC;0;901,4;901,9;901,4;;9,7;8,9;10,8;9,4;10;8,6;95;95;95;7;1,9;,6;
2025/08/22;0600 UTC;0;901;901,4;901;;9,2;8,5;9,7;9;8,9;8,2;95;95;95;307;1,5;,5;
2025/08/22;0700 UTC;0;900,6;901,1;900,6;;8,6;7,9;9,6;8,4;8,9;7,8;96;95;96;60;1,4;,4;
2025/08/22;0800 UTC;0;900,8;900,8;900,5;;7,8;7,2;8,8;7,4;8,1;6,8;96;96;96;21;1,4;,4;
2025/08/22;0900 UTC;0;901,2;901,2;900,8;;7,4;6,9;8,2;7,4;7,6;6,8;96;96;96;253;1;,3;
2025/08/22;1000 UTC;,2;901,5;901,5;901,2;164,9;8,8;8,2;8,8;7,1;8,2;6,6;96;96;96;81;1,2;,4;
2025/08/22;1100 UTC;0;901,9;901,9;901,4;927,5;14;13,2;14;8,6;13,2;8;96;95;95;82;1,6;,7;
2025/08/22;1200 UTC;0;902;902;901,8;1737,7;19,8;12,2;20,3;14;13,5;11,7;95;60;62;75;3,5;2;
2025/08/22;1300 UTC;0;901,8;902;901,8;2406,5;23;11,6;23;19,8;12,9;11,5;62;48;49;74;4,7;2,6;
2025/08/22;1400 UTC;0;901,3;901,8;901,2;2864,4;25,3;8,2;25,5;22,9;12,2;7,3;50;33;34;27;5,1;2;
2025/08/22;1500 UTC;0;900,4;901,3;900,4;3064;25,9;6,8;26,5;24,9;8,2;5,1;34;27;30;19;5,6;2,2;
2025/08/22;1600 UTC;0;899,6;900,4;899,6;2964,1;27;8,1;27,1;25,7;8,8;6,1;33;28;30;33;6,7;2,5;
2025/08/22;1700 UTC;0;898,9;899,6;898,9;2710,8;25,8;8,3;27,1;25,5;9,7;7,8;36;29;33;52;6,5;2,5;
2025/08/22;1800 UTC;0;898,8;899;898,7;2257,3;25,1;3,6;26,2;24,9;9,1;1,7;35;21;25;55;7,2;2,7;
2025/08/22;1900 UTC;0;899,2;899,2;898,8;1549,2;24,1;2,3;25,6;24,1;4,8;1,4;27;22;24;33;7,2;2,1;
2025/08/22;2000 UTC;0;899,5;899,5;899,2;575;21,7;6,9;24,1;21,4;6,9;,5;39;22;38;27;5,7;2,4;
2025/08/22;2100 UTC;0;900;900;899,5;29,5;17;10,2;21,7;16,8;10,3;7;65;38;64;18;5,8;2,3;
2025/08/22;2200 UTC;0;900,7;900,7;900;;14,9;10,7;17,5;14,7;11;10;77;63;76;11;4,1;1,5;
2025/08/22;2300 UTC;0;901,1;901,1;900,7;;14,6;10,9;15,1;13,6;11,2;10,3;82;75;79;13;3;1,7;
2025/08/23;0000 UTC;0;901,5;901,5;901,1;;14,3;10,9;15,3;13;11,9;9,9;85;77;80;18;3,4;2,1;
2025/08/23;0100 UTC;0;901,6;901,6;901,4;;15,5;11,3;15,8;14;11,9;10,5;81;75;76;14;4,4;2,6;
2025/08/23;0200 UTC;0;902;902;901,6;;14,9;11,9;15,5;14,5;11,9;10,9;83;76;83;46;4,2;1,4;
2025/08/23;0300 UTC;0;901,5;902;901,5;;14,1;11,6;15,1;14,1;12,1;11,5;85;81;85;52;3,7;1,1;
2025/08/23;0400 UTC;0;901,1;901,5;901,1;;14,8;12,1;15,6;14,1;12,7;11,8;86;82;84;76;4,8;1,8;
2025/08/23;0500 UTC;0;900,6;901,1;900,5;;15;12,3;15,3;14,8;12,6;11,9;85;83;84;80;6;2,8;
2025/08/23;0600 UTC;0;900,2;900,6;900,2;;15,1;11,8;15,3;14,9;12,4;11,7;84;80;80;80;6,5;3,1;
2025/08/23;0700 UTC;0;900,1;900,2;900;;15,1;11;15,4;15;11,8;11;80;76;76;83;8;3,7;
2025/08/23;0800 UTC;0;900,4;900,4;900;;14,6;10,4;15,3;14,6;11;10,4;77;75;76;82;7,4;3,1;
2025/08/23;0900 UTC;0;900,9;900,9;900,3;;15,1;10,3;15,4;14,5;10,7;10,3;77;73;73;86;9;4,2;
2025/08/23;1000 UTC;0;901,5;901,6;900,9;207;15,6;10,5;15,6;14,9;10,6;10,3;74;72;72;85;7,4;4,1;
2025/08/23;1100 UTC;0;902;902;901,5;936,1;17;11;17;15,6;11,1;10,5;72;68;68;87;10,5;4,8;
2025/08/23;1200 UTC;0;902,5;902,5;902;1809,9;18,1;11,3;18,4;16,9;11,6;10,9;68;64;65;85;10,5;4,6;
2025/08/23;1300 UTC;0;902,5;902,6;902,4;2496,4;19,7;11,1;20;18,1;11,8;10,8;65;57;58;78;9,2;4,3;
2025/08/23;1400 UTC;0;901,7;902,5;901,7;2957,1;21,6;8,9;21,7;19,6;11,6;8,9;59;44;44;81;9,2;4,6;
2025/08/23;1500 UTC;0;900,6;901,7;900,6;3144;23,3;10,4;23,3;21,3;10,4;8,9;48;43;44;81;8,8;3,9;
2025/08/23;1600 UTC;0;899,7;900,6;899,7;3080,1;24,1;10,2;24,2;22,7;10,6;9,5;45;40;42;89;9,3;3,8;
2025/08/23;1700 UTC;0;899,1;899,7;899,1;2837,4;24,7;10,1;25,2;23,8;10,8;9,3;43;38;40;76;8,4;3,5;
2025/08/23;1800 UTC;0;898,7;899,1;898,7;2241,2;24,5;9;25,8;24,4;10,5;7,6;40;32;37;70;7,7;3,7;
2025/08/23;1900 UTC;0;898,9;899;898,7;1432;23,5;7;24,7;23,5;9,7;4,3;40;28;35;73;8,4;3,2;
2025/08/23;2000 UTC;0;899,3;899,3;898,9;488,8;21;10,3;23,5;21;10,3;7,5;51;35;50;57;8,4;1;
2025/08/23;2100 UTC;0;899,7;899,8;899,3;48,1;18;11,1;21;17,8;11,3;10,5;65;50;64;30;3,9;1,7;
2025/08/23;2200 UTC;0;900,3;900,3;899,7;;16,1;11,1;18,2;16,1;11,4;10,8;72;63;72;22;4,1;2,7;
2025/08/23;2300 UTC;0;900,7;900,7;900,3;;15,8;11,1;16,5;15;11,5;10,7;77;71;74;30;4,1;1,9;
2025/08/24;0000 UTC;0;900,9;901;900,7;;14,7;11;15,9;14,5;11,3;10,6;79;74;79;30;3,6;,9;
2025/08/24;0100 UTC;0;901,4;901,4;900,9;;13,5;9,9;15;13,5;11,1;9,6;82;75;79;22;4,8;2,1;
2025/08/24;0200 UTC;0;901,6;901,6;901,4;;14,1;9,8;15,3;12,9;10,7;9,2;81;71;75;20;4,9;2;
2025/08/24;0300 UTC;0;901,4;901,6;901,4;;15,2;9,2;15,4;12,6;10,3;8,8;80;67;67;17;6,5;2,9;
2025/08/24;0400 UTC;0;901;901,4;901;;12,9;9,1;15,5;12,6;9,4;8,4;78;66;77;4;6,5;2,7;
2025/08/24;0500 UTC;0;900,7;901;900,6;;11,4;8,6;14,1;11,4;10;8,4;83;74;83;359;4,6;1,9;
2025/08/24;0600 UTC;0;900,5;900,7;900,5;;11,8;9;13,3;10,8;10,2;8,1;87;77;83;341;3,8;2,2;
2025/08/24;0700 UTC;0;900,5;900,5;900,4;;11,9;8,8;13;11,1;9,8;8,3;86;78;81;339;3,9;1,9;
2025/08/24;0800 UTC;0;900,7;900,7;900,5;;11,4;8,6;12,8;11,2;9,9;8,3;85;80;83;337;4,2;2,1;
2025/08/24;0900 UTC;0;901,2;901,2;900,7;;12;9,3;12,8;11,4;9,9;8,7;85;80;84;328;4,5;2;
2025/08/24;1000 UTC;0;901,7;901,7;901,2;193,6;13;10,3;13;11,4;10,3;8,8;85;82;83;88;4;,8;
2025/08/24;1100 UTC;0;902;902;901,7;966,4;17;11,8;17;13;12,2;10,4;84;70;71;156;1,7;,6;
2025/08/24;1200 UTC;0;902;902,1;901,9;1801,9;20,7;11;20,7;17;12,7;10,2;72;53;54;74;4,8;2,5;
2025/08/24;1300 UTC;0;902;902;901,9;2470,1;22,3;11,1;22,5;20,7;11,4;10,5;54;48;49;76;5,5;3,5;
2025/08/24;1400 UTC;0;901,6;902;901,6;2920,4;24;10,6;24,4;22,3;11,6;10,2;49;42;43;84;5,9;2,6;
2025/08/24;1500 UTC;0;901,2;901,6;901,2;3122,5;25,5;9,7;26,3;24;11,7;9;44;35;37;69;5,7;2,4;
2025/08/24;1600 UTC;0;900,9;901,2;900,8;3068,5;22,9;14,5;26,5;22,9;14,5;8,7;59;34;59;242;7,2;4,3;
2025/08/24;1700 UTC;0;900,8;901;900,8;2822,3;20,7;15,5;22,9;20,6;15,8;14,2;72;59;72;224;9,1;4,4;
2025/08/24;1800 UTC;0;901,2;901,2;900,8;2204,7;18;15,6;20,7;17,9;15,7;15;86;72;86;238;9,3;4,7;
2025/08/24;1900 UTC;0;901,4;901,4;901,2;900;17,2;15,5;18;16,7;16,5;15,2;94;86;90;218;;3,3;
2025/08/24;2000 UTC;0;901,6;901,7;901,4;370,4;16,9;15,5;17,2;16,5;15,5;14,8;92;89;92;220;6;1,8;
2025/08/24;2100 UTC;0;901,6;901,6;901,5;29;16,4;14,9;16,9;16,4;15,5;14,9;92;90;91;249;3,1;,3;
2025/08/24;2200 UTC;0;902;902,1;901,6;;16,2;14,9;16,4;15,9;14,9;14,3;92;90;92;248;2,4;1,4;
2025/08/24;2300 UTC;0;902,7;902,7;902;;15;14;16,2;15;14,9;13,9;94;91;94;342;3,4;1;
2025/08/25;0000 UTC;0;903,1;903,1;902,7;;13,9;12,8;15;13,9;13,9;12,8;94;93;93;336;2,4;,6;
2025/08/25;0100 UTC;0;903,3;903,3;903,1;;13,5;12,7;14;13,5;13,1;12,6;95;93;95;347;1,5;,9;
2025/08/25;0200 UTC;0;903,5;903,5;903,3;;12,4;11,7;13,8;12,4;13;11,6;95;95;95;318;1,8;,6;
2025/08/25;0300 UTC;0;903,6;903,6;903,5;;12,4;11,6;12,6;12,2;11,8;11,4;95;95;95;334;1,9;,5;
2025/08/25;0400 UTC;0;903,1;903,6;903,1;1,6;14,6;13,8;14,6;12,4;13,8;11,6;95;95;95;111;1,1;,3;
2025/08/25;0500 UTC;0;903;903,1;903;0;15,3;14;15,5;14,5;14,6;13,6;95;92;92;2;2,4;,9;
2025/08/25;0600 UTC;0;902,7;903,1;902,7;;14,3;12,4;15,3;14,3;14;12,4;92;86;88;330;2,5;,6;
2025/08/25;0700 UTC;0;902,7;902,8;902,6;;14,6;12,9;14,7;14,3;13;12,5;90;88;90;329;1,3;,5;
2025/08/25;0800 UTC;0;902,8;902,8;902,7;,1;15,6;13,5;15,8;14,6;13,9;12,9;91;87;88;56;3,2;1;
2025/08/25;0900 UTC;0;903,1;903,1;902,8;;14,7;12,6;15,7;14,7;13,6;12,6;88;86;87;17;4,3;1,5;
2025/08/25;1000 UTC;0;903,5;903,5;903,1;200,5;15,8;13,4;15,8;13,8;13,4;11,9;90;86;86;69;3;1,1;
2025/08/25;1100 UTC;0;904;904;903,5;981,2;18;12,9;18;15,8;13,7;12,9;86;72;72;88;6,1;3,6;
2025/08/25;1200 UTC;0;904,5;904,5;904;1809,9;19,7;13,9;19,8;18;13,9;13;73;68;69;84;6,5;3,6;
2025/08/25;1300 UTC;0;904,7;904,7;904,5;2479,9;21,9;13,9;21,9;19,5;14,2;13,4;69;61;61;75;7,3;3,1;
2025/08/25;1400 UTC;0;904,4;904,7;904,4;2929,1;21,4;13,4;22;20,7;14;12,8;64;59;60;80;7,9;3,6;
2025/08/25;1500 UTC;0;903,6;904,4;903,6;3144,8;22;12,7;22,8;21;14,3;12,5;62;55;55;67;6,8;3,3;
2025/08/25;1600 UTC;0;902,8;903,6;902,8;3091;23,5;13,2;23,8;21,9;14,5;12,7;58;52;52;48;6,5;2,5;
2025/08/25;1700 UTC;0;901,9;902,8;901,9;2796;24,7;13,4;24,7;23;14,1;12,7;54;48;49;49;5,6;2,1;
2025/08/25;1800 UTC;0;901,8;901,9;901,6;2267,6;21;16;25;21;16,4;12,2;74;46;73;240;6,2;3,6;
2025/08/25;1900 UTC;0;902;902;901,8;1409,6;19,5;16,2;21,5;19,5;16,6;16;82;73;82;228;6,3;3,5;
2025/08/25;2000 UTC;0;902,2;902,2;902;366,3;18,6;16,1;19,6;18,6;16,5;16;85;82;85;219;6,1;2;
2025/08/25;2100 UTC;0;902,9;902,9;902,2;43,1;17,3;15,3;18,6;17,3;16,1;15,3;88;85;88;211;3,9;,9;
2025/08/25;2200 UTC;0;903,4;903,4;902,9;;17,6;16;17,8;17,1;16,2;15,2;90;88;90;242;3,7;1,9;
2025/08/25;2300 UTC;0;903,8;903,8;903,4;;15,5;13,7;17,6;15,3;16;13,5;90;88;89;308;3,7;,8;
2025/08/26;0000 UTC;0;903,9;903,9;903,8;;16,5;14,8;16,7;15,1;15,1;13,3;91;88;90;238;3,1;1,4;
2025/08/26;0100 UTC;0;904,4;904,4;903,9;;16,7;15,8;17,1;15,4;15,9;13,4;94;88;94;243;4,3;2,3;
2025/08/26;0200 UTC;0;904,6;904,7;904,4;,4;16,7;15,8;16,7;16,5;15,8;15,7;95;94;95;239;4,7;2,3;
2025/08/26;0300 UTC;0;904,5;904,7;904,5;;16,6;15,7;16,7;16,5;15,8;15,6;95;95;95;234;5,4;2,4;
2025/08/26;0400 UTC;0;904,1;904,5;904,1;;16,2;15,2;16,6;16,2;15,7;15,2;95;94;94;239;4,5;1,1;
2025/08/26;0500 UTC;0;903,8;904,1;903,8;;14,2;13;16,1;13,9;14,9;12,5;94;89;93;289;2,3;1;
2025/08/26;0600 UTC;0;903,5;903,8;903,5;;13,4;12;15,1;13,4;14,1;12;94;90;91;319;3,1;,8;
2025/08/26;0700 UTC;0;903,5;903,6;903,4;;15,4;14,5;15,5;13,1;14,7;11,8;95;91;95;260;2,7;1,3;
2025/08/26;0800 UTC;0;903,5;903,5;903,4;;13,8;12,8;15,6;13,8;14,7;12,7;95;92;94;279;2,5;,7;
2025/08/26;0900 UTC;0;903,8;903,8;903,5;;14,4;13,6;14,6;13,2;13,8;12,4;95;94;95;281;1,8;,7;
2025/08/26;1000 UTC;0;904,4;904,4;903,8;139,1;14,3;13,5;14,7;13,9;13,9;13,1;95;95;95;320;2,7;,7;
2025/08/26;1100 UTC;0;904,9;904,9;904,4;568,9;15,7;14,3;16;14;15,2;13,2;95;91;92;61;1,9;1;
2025/08/26;1200 UTC;0;904,9;905;904,8;1309,7;18,7;13,5;19,2;15,7;15,4;13,5;92;71;72;88;2,6;1,3;
2025/08/26;1300 UTC;0;904,9;905;904,9;2257,8;20,7;12,5;21,4;18;14,8;12,4;75;59;59;50;3,7;1,8;
2025/08/26;1400 UTC;0;904,5;905;904,5;3101;21,5;11,8;22,3;20,4;13,4;11,5;62;53;54;106;5,1;1,7;
2025/08/26;1500 UTC;0;904;904,5;904;3296,3;19,2;13,9;22,9;19,2;15,1;11,7;73;50;72;227;6;3,7;
2025/08/26;1600 UTC;0;903,5;904;903,5;3114,2;20,6;14,1;21,2;19,1;15,4;14;75;66;66;231;6,2;3,3;
2025/08/26;1700 UTC;0;903,2;903,5;903,2;3010;19,7;14,7;20,9;19,1;15,2;14;76;66;73;243;7,7;4;
2025/08/26;1800 UTC;0;902,8;903,2;902,8;2293,1;20,5;14,6;20,7;19,7;15;14;73;67;69;255;7,3;2,7;
2025/08/26;1900 UTC;0;902,9;902,9;902,7;1432,8;19,2;14,9;21;18,9;15;14,4;77;67;76;234;6;3,2;
2025/08/26;2000 UTC;0;903,4;903,4;902,9;385,6;17,8;14,8;19,3;17,8;14,9;14,5;82;75;82;234;6,1;2,8;
2025/08/26;2100 UTC;0;903,8;903,8;903,4;43,1;17;14,7;17,9;17;14,9;14,7;86;82;86;233;6,1;2,3;
2025/08/26;2200 UTC;0;904,1;904,1;903,8;;15;13,1;17,1;15;15,1;13,1;89;86;88;313;4,3;,8;
2025/08/26;2300 UTC;0;904,4;904,4;904,1;;16,3;14,9;16,6;14,7;15,5;12,9;94;88;91;256;3,3;1,6;
2025/08/27;0000 UTC;0;904,6;904,6;904,4;;13,8;12,3;16,4;13,7;15;12,1;91;88;91;280;3,4;,7;
2025/08/27;0100 UTC;0;905;905;904,6;;13,1;11,6;14;13;12,7;11,4;92;90;91;308;3,1;1;
2025/08/27;0200 UTC;0;905,4;905,4;905;;12,9;11;13,5;12,7;12,1;10,9;91;89;89;326;2,5;1,4;
2025/08/27;0300 UTC;0;905,4;905,5;905,4;;12,7;11;12,9;12,2;11,1;10,3;89;88;89;341;2,8;1,1;
2025/08/27;0400 UTC;0;904,8;905,4;904,8;;12,4;10,9;13,6;12,4;12;10,8;91;89;91;24;2,1;,8;
2025/08/27;0500 UTC;0;904,3;904,8;904,2;;12,2;11;12,8;11,9;11,9;10,7;94;91;92;323;2,9;1,7;
2025/08/27;0600 UTC;0;904;904,3;904;;11,3;8,9;12,2;11,2;10,8;8,9;92;86;86;320;3,3;2,4;
2025/08/27;0700 UTC;0;903,9;904,1;903,9;;10,5;7,8;11,3;10,5;8,9;7,8;86;83;84;359;3,4;1,9;
2025/08/27;0800 UTC;0;904;904;903,9;;8,8;6,9;10,6;8,8;8,3;6,9;88;84;88;270;3,4;,6;
2025/08/27;0900 UTC;0;904,5;904,5;904;;8,4;7;8,8;8,2;7,3;6,6;92;88;91;284;1,4;,7;
2025/08/27;1000 UTC;0;905;905;904,5;91,5;9,9;9,1;9,9;8,4;9,1;7;95;91;95;354;1,5;,6;
2025/08/27;1100 UTC;0;905,2;905,2;905;771,7;12,2;11,4;12,2;9,8;11,4;9;95;95;95;102;2,4;1,3;
2025/08/27;1200 UTC;0;905,5;905,5;905,2;1811,1;17,8;9;17,8;12,1;11,4;8,6;95;55;56;58;6;2;
2025/08/27;1300 UTC;0;905,5;905,7;905,5;2487,4;19,3;6,1;19,7;17,7;8,8;5,7;56;41;42;57;6;2,3;
2025/08/27;1400 UTC;0;905,2;905,5;905,1;2943,8;21,2;6,5;21,2;19;7;4,9;44;37;39;28;5,7;2,2;
2025/08/27;1500 UTC;0;904,4;905,2;904,4;3166,3;21,4;7,9;22,3;20,5;8;4,9;42;34;42;78;5,6;2,3;
2025/08/27;1600 UTC;0;903,8;904,4;903,8;3245,7;22,4;8,8;22,7;21,1;9,6;6,4;45;36;42;141;5,8;1,2;
2025/08/27;1700 UTC;0;903,1;903,7;903,1;2033,6;20,6;13,8;22,7;19,4;13,8;7,7;65;40;65;242;6,2;2,2;
2025/08/27;1800 UTC;0;903;903,1;902,9;1471;19,1;13,6;20,8;18,8;14;12,4;71;61;70;228;6,3;2,5;
2025/08/27;1900 UTC;0;903,2;903,2;902,9;598,7;18,2;13,9;19,2;18,2;13,9;13,3;76;70;76;226;6,1;2,6;
2025/08/27;2000 UTC;0;903,4;903,5;903,1;308,9;17,8;13,8;18,3;17,8;14;13,7;78;75;78;205;4,6;1,7;
2025/08/27;2100 UTC;0;903,6;903,6;903,4;45,7;15,3;13;17,8;15,3;13,8;13;87;78;87;277;2,5;,7;
2025/08/27;2200 UTC;0;904,3;904,3;903,6;;14,5;12,9;15,3;14,2;13,2;12,4;90;87;90;281;1,7;1;
2025/08/27;2300 UTC;0;904,7;904,7;904,3;;12,7;11;14,8;12,6;13,1;10,6;90;85;89;280;2,4;,6;
2025/08/28;0000 UTC;0;904,8;904,9;904,7;;12;10,5;12,7;11,7;11;10,1;91;89;91;337;1,1;,4;
2025/08/28;0100 UTC;0;904,9;905;904,8;;11,3;10;12,1;11,2;10,7;9,8;92;90;92;334;1;,4;
2025/08/28;0200 UTC;0;904,9;905;904,9;;11,7;10,8;11,8;11,1;10,9;9,8;94;92;94;259;1,1;,5;
2025/08/28;0300 UTC;0;904,8;904,9;904,8;;10,9;10;11,7;10,8;10,8;9,9;94;93;94;9;1,6;,3;
2025/08/28;0400 UTC;0;904,5;904,8;904,4;;10,5;9,7;11,2;10,4;10,4;9,6;95;94;95;317;,7;,3;
2025/08/28;0500 UTC;0;904,1;904,5;904,1;;10,4;9,6;10,6;10;9,8;9,2;95;95;95;222;,9;,2;
2025/08/28;0600 UTC;0;903,9;904,1;903,9;;10,1;9,4;10,4;9,9;9,6;9,1;95;95;95;254;,9;,4;
2025/08/28;0700 UTC;0;904,1;904,1;903,8;;9,2;8,5;10,1;8,7;9,4;8;95;95;95;265;1;,3;
2025/08/28;0800 UTC;,2;904,1;904,2;904;;8,5;7,9;9,5;8,3;8,7;7,7;96;95;96;225;1,2;,3;
2025/08/28;0900 UTC;0;904,2;904,2;904;;8,7;8;8,7;8,1;8;7,5;96;96;96;255;1;,2;
2025/08/28;1000 UTC;0;904,7;904,7;904,2;105,8;9,5;8,9;9,6;8,5;8,9;7,9;96;96;96;186;1,1;,6;
2025/08/28;1100 UTC;0;905;905;904,7;444,6;11,2;10,5;11,2;9,5;10,5;8,8;96;96;96;63;2,5;,5;
2025/08/28;1200 UTC;0;905;905,1;904,9;1478,9;14,8;14,1;14,8;11,2;14,1;10,5;96;96;96;103;3,3;1,8;
2025/08/28;1300 UTC;0;905,1;905,2;905;2523;20;10,8;20,3;14,8;16;10,2;96;54;56;47;6,6;2,5;
2025/08/28;1400 UTC;0;904,6;905,1;904,6;2968,8;20,8;10,1;21,2;19,7;12,4;9,8;60;50;50;39;6,5;2,5;
2025/08/28;1500 UTC;0;903,8;904,6;903,7;3188,1;21,5;9,9;22,1;20,2;11,1;9,6;53;46;48;81;6,9;3,2;
2025/08/28;1600 UTC;0;902,9;903,8;902,9;3155,4;22,8;10,4;23,4;21,4;11;9,4;49;43;45;93;6,9;1,7;
2025/08/28;1700 UTC;0;902,5;902,9;902,5;2862,9;19,7;13,9;23,2;19,7;14,4;10,1;70;45;69;223;7,3;3,8;
2025/08/28;1800 UTC;0;902,5;902,6;902,4;1174,1;18,7;14,5;20,2;18,6;14,7;13,9;77;69;77;227;7,3;2,7;
2025/08/28;1900 UTC;0;902,6;902,6;902,4;547,6;17,8;14,1;18,8;17,8;14,6;14,1;79;76;79;212;5,8;3;
2025/08/28;2000 UTC;0;902,8;902,8;902,6;315;17,5;14,2;18;17,5;14,4;14,1;81;79;81;215;5,6;1,9;
2025/08/28;2100 UTC;0;903,3;903,3;902,7;34,8;17;14,5;17,5;17;14,5;14,2;85;81;85;236;4,4;1,8;
2025/08/28;2200 UTC;0;903,5;903,6;903,3;;16,2;14,2;17;16,1;14,5;13,9;88;85;88;221;3,6;1,8;
2025/08/28;2300 UTC;0;903,9;903,9;903,5;;15,2;13,5;16,2;15,2;14,3;13,4;90;88;90;257;3,5;1,2;
2025/08/29;0000 UTC;0;903,8;903,9;903,7;;13,5;11,9;15,3;13,5;13,6;11,7;91;88;90;325;3,9;,5;
2025/08/29;0100 UTC;0;903,7;903,8;903,6;;13,7;12,3;14,5;13,1;13,6;11,7;94;90;91;280;3,6;,9;
2025/08/29;0200 UTC;0;903,7;903,7;903,6;;13,7;12,3;14;13,1;12,9;11,7;94;91;91;315;2,9;,9;
2025/08/29;0300 UTC;0;903,4;903,7;903,3;;11,9;10,9;13,7;11,5;12;10,2;94;90;94;262;2,3;,7;
2025/08/29;0400 UTC;0;902,6;903,4;902,6;;10,8;10;12,4;10,6;11,5;9,5;95;93;95;269;1,5;,7;
2025/08/29;0500 UTC;,2;902;902,6;902;;10,6;9,8;11;10,4;10,2;9,6;95;95;95;327;1,6;,2;
2025/08/29;0600 UTC;0;901,7;902;901,7;;11,1;10,4;11,1;10,5;10,4;9,7;95;95;95;257;1,4;,3;
2025/08/29;0700 UTC;0;901,6;901,7;901,6;;11,8;11,1;11,8;11,1;11,1;10,4;95;95;95;323;1,4;,3;
2025/08/29;0800 UTC;0;901,8;901,8;901,6;;12;11,3;12,1;11,8;11,3;11;95;95;95;153;,7;,4;
2025/08/29;0900 UTC;0;902,2;902,2;901,7;1,1;12,1;11,4;12,3;12;11,6;11,3;95;95;95;253;1,3;,9;
2025/08/29;1000 UTC;0;902,8;902,8;902,2;66,3;12,7;12;12,7;12,1;12;11,4;95;95;95;70;1,3;,5;
2025/08/29;1100 UTC;0;903,2;903,3;902,8;319,4;14,9;14,1;14,9;12,7;14,1;12;95;95;95;36;2,2;,9;
2025/08/29;1200 UTC;0;903,4;903,5;903,2;1107,4;17,5;12,7;17,5;14,9;14,4;11,6;95;71;73;52;3,9;1,4;
2025/08/29;1300 UTC;0;903,3;903,4;903,3;2437,4;20;11,5;20;17,2;12,6;10,2;74;56;58;43;4,8;1,9;
2025/08/29;1400 UTC;0;902,9;903,3;902,9;3017,4;20,5;9,9;21;19,3;11,9;9,4;59;48;51;95;5,6;2,2;
2025/08/29;1500 UTC;0;902,2;902,9;902,2;2633;21,2;8,9;22,2;19,8;10,9;8,9;54;44;45;66;5;1,6;
2025/08/29;1600 UTC;0;901,7;902,2;901,7;2376;19,3;13,6;22,6;18,8;13,6;9,1;71;45;69;228;6,9;2,8;
2025/08/29;1700 UTC;0;901,1;901,7;901,1;2293,8;19;13,3;20,4;18,8;13,9;12,6;70;62;70;247;7;3,6;
2025/08/29;1800 UTC;0;900,9;901,1;900,9;793,3;18,7;13,7;19,2;18;13,8;13,3;76;70;72;240;6,8;2,5;
2025/08/29;1900 UTC;0;901;901,1;900,8;516,8;17,8;13,5;18,7;17,8;13,7;13,2;76;72;76;227;5,3;2,7;
2025/08/29;2000 UTC;0;901,2;901,2;900,9;243,8;17,4;13,6;17,9;17,4;13,7;13,4;79;75;79;227;5,1;1,7;
2025/08/29;2100 UTC;1,6;902,5;902,5;901,1;17,2;15;12,3;17,4;14,9;13,8;12,3;85;79;84;234;8,3;1,9;
2025/08/29;2200 UTC;2,4;902,8;902,9;902,5;;13,7;11,2;15;13,7;12,3;10,8;86;80;85;264;4,6;1,8;
2025/08/29;2300 UTC;0;903;903,1;902,8;;13,2;11,6;13,7;13,1;11,7;11;90;85;90;217;4,3;1,4;
2025/08/30;0000 UTC;0;903,2;903,4;903;;13,2;11,4;13,4;13,1;11,7;11,3;90;88;89;186;3,7;1,2;
2025/08/30;0100 UTC;0;903,2;903,3;903,2;;12,9;11,3;13,2;12,9;11,4;11,2;90;89;90;267;4;,5;
2025/08/30;0200 UTC;0;903,3;903,3;903,2;;13,6;11,1;13,8;12,8;11,9;11,1;90;85;85;359;3,8;1,9;
2025/08/30;0300 UTC;,4;902,9;903,4;902,9;;13,9;11,6;13,9;13,1;11,6;10,8;87;84;86;352;4,2;2,1;
2025/08/30;0400 UTC;0;902,8;902,9;902,5;;12,9;11,4;13,9;12,9;11,6;11,1;90;85;90;276;4,1;,5;
2025/08/30;0500 UTC;0;902,8;902,8;902,6;;12,9;11,4;13,4;12,8;11,9;11,3;91;89;91;319;2,7;1;
2025/08/30;0600 UTC;,2;902,4;902,9;902,3;;13,1;11,9;13,1;12,7;11,9;11,4;93;91;92;27;2,8;1,2;
2025/08/30;0700 UTC;,4;902,2;902,5;902,2;;12,6;11;13,2;12,3;11,8;10,7;92;90;90;357;3,2;1,7;
2025/08/30;0800 UTC;,2;902,7;902,7;901,7;;12,2;9,8;13;12,1;10,9;9,8;90;83;85;32;7,5;1,1;
2025/08/30;0900 UTC;0;903,3;903,3;902,7;;12,1;10;12,4;11,9;10,5;9,8;89;85;87;288;3,3;1,7;
2025/08/30;1000 UTC;0;903,5;903,6;903,3;69,3;12,4;10,8;12,5;11,7;11;9,9;92;87;90;255;2,7;1,1;
2025/08/30;1100 UTC;0;904;904,1;903,5;119,1;12,6;10,9;12,6;12,3;10,9;10,6;90;89;89;235;3;1,2;
2025/08/30;1200 UTC;,8;904,4;904,4;904;252,4;13,2;11,5;13,2;12,6;11,6;10,8;90;89;89;299;2,8;,4;
2025/08/30;1300 UTC;,2;904,5;904,6;904,4;791,2;14,6;12,3;14,6;13,2;12,3;11,3;89;85;86;173;2,1;,9;
2025/08/30;1400 UTC;0;904,6;904,7;904,4;977;15,3;11,6;15,4;14,5;12,7;11,6;86;79;79;84;2,1;,4;
2025/08/30;1500 UTC;,8;903,8;904,6;903,7;1224,5;16,5;11,8;16,6;14,9;12,2;10,6;82;67;73;272;4,8;1,6;
2025/08/30;1600 UTC;0;903,5;903,8;903,5;1219;16,7;11,2;17;16,2;11,7;9;73;62;70;248;3,3;1,5;
2025/08/30;1700 UTC;0;903,1;903,5;903,1;1431,4;17,3;10,9;17,8;16,7;12;9,9;71;61;66;263;2,6;1,2;
2025/08/30;1800 UTC;0;902,7;903,2;902,7;1401,3;18,7;11,4;18,7;15,4;12,2;10,4;78;60;63;32;4,6;1,1;
2025/08/30;1900 UTC;0;902,8;902,8;902,6;1008,9;17,2;10,7;18,7;17;11,2;10;69;60;66;286;4;2;
2025/08/30;2000 UTC;0;903,2;903,2;902,8;325,5;15,9;12,1;17,2;15,9;12,3;10,5;79;65;78;207;4,7;1,5;
2025/08/30;2100 UTC;0;903,4;903,4;903,2;37,1;14,2;11,7;15,9;14,2;12,4;11,7;85;78;85;359;3,3;,5;
2025/08/30;2200 UTC;0;903,7;903,7;903,3;;12,6;10,8;14,1;12,6;11,8;10,8;90;85;89;287;2,5;,6;
2025/08/30;2300 UTC;0;904,3;904,3;903,7;;12,2;10,5;12,7;12,1;11;10,2;90;86;89;280;3;,8;
2025/08/31;0000 UTC;0;904,7;904,7;904,3;;12,3;11;12,4;12,1;11;10,3;92;89;92;229;1,3;,4;
2025/08/31;0100 UTC;0;904,7;904,8;904,7;;11,8;11;12,4;11,5;11,2;10,4;94;92;94;270;1,3;,6;
2025/08/31;0200 UTC;0;904,8;904,8;904,6;;10,8;10;11,8;10;11;9,2;95;94;95;210;2;1;
2025/08/31;0300 UTC;0;904,4;904,8;904,4;;10,1;9,3;11,2;10;10,4;9,2;95;95;95;212;3,8;,9;
2025/08/31;0400 UTC;0;904,4;904,5;904,3;;10,2;9,5;10,5;9,7;9,8;8,9;95;95;95;49;2,4;,8;
2025/08/31;0500 UTC;0;904,3;904,4;904,2;;10,7;9,9;10,8;10,2;10,1;9,5;95;95;95;197;1,6;,4;
2025/08/31;0600 UTC;0;903,8;904,3;903,8;;11,2;10,4;12,6;10,6;11,8;9,9;95;95;95;119;2,2;,6;
2025/08/31;0700 UTC;0;903,5;903,8;903,5;;11,8;11;12,5;10,4;11,7;9,6;95;94;94;42;4;1,7;
2025/08/31;0800 UTC;0;903,5;903,6;903,5;;13,3;10,5;13,5;11,7;11,4;10,1;94;83;83;20;5,6;1,8;
2025/08/31;0900 UTC;0;903,9;903,9;903,5;;13,7;10,9;13,9;12,7;11,1;10,1;85;81;83;27;5,3;2,1;
2025/08/31;1000 UTC;0;904,2;904,2;903,9;257,2;14,8;10,7;15;13,4;11,3;10,5;84;76;76;10;4,6;2,1;
2025/08/31;1100 UTC;0;904,9;904,9;904,2;1138,3;16,3;11,4;16,4;14,8;11,5;10,6;78;71;72;23;5,4;2,7;
2025/08/31;1200 UTC;0;905,8;905,8;904,9;2069,6;16,9;11,2;17,9;16,4;12,2;10,9;73;66;69;35;5,4;1,8;
2025/08/31;1300 UTC;0;906;906;905,8;1868,4;17,8;11,6;18,4;16,5;12,4;10,6;72;63;67;39;4,2;2,2;
2025/08/31;1400 UTC;0;905,6;906;905,6;1904,2;18,4;11,7;18,9;17,2;12;10,9;69;61;65;41;4,9;1,9;
2025/08/31;1500 UTC;,2;905,1;905,6;905,1;3148,7;20,3;11,7;20,3;17,8;12,7;10,3;68;54;58;69;5,3;2,3;
2025/08/31;1600 UTC;0;904,6;905,1;904,6;2381,3;18;12,7;20,7;17,9;12,8;10;71;53;71;213;5,9;3,1;
2025/08/31;1700 UTC;0;904,2;904,6;904,1;1822,1;18,3;13,3;19,7;17,5;13,7;12,2;75;63;73;226;7,2;3,3;
2025/08/31;1800 UTC;3,6;904,6;904,7;904,2;512,6;15,6;13,5;18,3;15,5;13,5;12,9;87;72;87;244;5,9;2,4;
2025/08/31;1900 UTC;,8;904,8;904,9;904,6;452,7;15,8;13,5;16;15,6;13,9;13,2;88;85;86;232;4,5;1,3;
2025/08/31;2000 UTC;0;905,2;905,2;904,8;456,3;16;13,2;16,3;15,8;13,7;13,1;87;83;83;252;4,1;2;
2025/08/31;2100 UTC;0;905,4;905,5;905,2;74,7;15,1;13,4;16;15,1;13,5;13,1;89;83;89;1;3,9;,9;
2025/08/31;2200 UTC;0;905,6;905,6;905,4;;15;13,1;15,2;14,9;13,5;13;90;88;88;353;2,6;1,4;
2025/08/31;2300 UTC;0;906;906;905,6;;14,6;12,4;15,4;14,2;13,3;12,3;90;86;87;337;3,3;1,6;
2025/09/01;0000 UTC;0;906,1;906,2;906;;13,7;12,1;14,6;13,7;12,8;12;90;87;90;355;3,3;,8;
2025/09/01;0100 UTC;0;906,1;906,2;906,1;;13,8;11,6;14,2;13,2;12,7;11,2;91;86;86;338;4,2;1,8;
2025/09/01;0200 UTC;0;906,4;906,5;906,1;;14,1;12,1;14,4;13,6;12,2;11,3;89;85;88;8;4,2;,9;
2025/09/01;0300 UTC;0;906,2;906,4;906,2;;14;11,8;14,6;13,8;12,5;11,5;88;85;86;348;3,8;1,9;
2025/09/01;0400 UTC;0;906,2;906,3;906,1;;13,2;11,3;14,2;12,7;11,9;10,6;89;84;88;339;4,8;1,7;
2025/09/01;0500 UTC;0;906;906,2;905,9;;12,7;11;13,5;12,6;11,4;10,6;89;86;89;339;3,6;1,2;
2025/09/01;0600 UTC;0;905,6;906;905,6;;13,4;11,1;13,5;12,7;11,5;10,9;90;86;86;334;3,5;1,7;
2025/09/01;0700 UTC;0;905,5;905,6;905,5;;13,1;11,4;13,4;12,2;11,4;10,3;90;85;90;12;3,6;1,6;
2025/09/01;0800 UTC;0;905,8;905,8;905,5;;11,9;10,4;13,2;11,6;11,5;10;93;88;91;265;3,8;1;
2025/09/01;0900 UTC;0;906,3;906,4;905,8;;11,6;10,3;11,9;11,4;10,6;9,8;92;90;92;281;3;1;
2025/09/01;1000 UTC;0;906,6;906,6;906,3;174,5;12,5;11,2;12,5;11,5;11,3;10,1;93;91;92;141;2,9;,5;
2025/09/01;1100 UTC;0;907,2;907,2;906,6;786,2;15,3;12,7;15,3;12,5;12,7;10,9;92;85;85;106;1,3;,5;
2025/09/01;1200 UTC;0;907,3;907,3;907,2;1670,5;17,7;11,9;18;15,2;13,9;11,5;85;68;69;88;3,9;2;
2025/09/01;1300 UTC;0;907,5;907,5;907,3;1599,6;18,4;11,5;18,6;17,5;12,5;10,9;71;62;64;64;4,9;1,5;
2025/09/01;1400 UTC;0;906,8;907,5;906,8;2584,1;19,1;11,1;20;18,1;12,7;10,4;67;57;60;74;4,9;2;
2025/09/01;1500 UTC;0;906,3;906,8;906,3;1401,6;17,6;12,6;19,6;17,6;12,6;11,1;73;59;73;56;5,5;2;
2025/09/01;1600 UTC;0;905,6;906,3;905,6;2144,7;18,6;12,5;19,7;17,6;14,2;11,9;75;64;67;82;5,6;2,8;
2025/09/01;1700 UTC;0;905,4;905,7;905,3;1641,5;18,4;13,3;19,9;18,2;13,5;12;73;62;72;73;5,4;1,6;
2025/09/01;1800 UTC;1,6;905,5;905,6;905,4;493,4;16,8;14,3;18,4;16,1;15,2;13,1;88;72;85;95;4,3;1,8;
2025/09/01;1900 UTC;1;905,4;905,6;905,4;506,7;16,6;14;16,9;16,6;14,5;13,8;86;83;84;40;3,5;,9;
2025/09/01;2000 UTC;2,2;905,8;905,8;905,4;123,9;15,9;13,8;16,6;15,9;14,2;13,7;88;84;87;47;2,4;,7;
2025/09/01;2100 UTC;,8;906,1;906,1;905,8;14,6;15,2;13,5;15,9;15,2;13,9;13,5;90;87;89;15;3,8;,9;
2025/09/01;2200 UTC;0;906,6;906,6;906,1;;15;13,6;15,2;14,8;13,6;13,2;91;89;91;92;2,5;,9;
2025/09/01;2300 UTC;,4;907,1;907,1;906,6;;14,8;13,7;15;14,7;13,9;13,6;94;91;93;347;2,1;1,1;
2025/09/02;0000 UTC;0;907,3;907,3;907,1;;14,6;12,5;15,1;14,6;13,8;12,5;93;87;87;9;4,2;1,9;
2025/09/02;0100 UTC;0;907,5;907,5;907,2;;14,6;11,7;14,9;14,3;12,6;11,7;88;82;83;12;4,5;1,9;
2025/09/02;0200 UTC;0;907,3;907,5;907,3;;14,1;11,8;14,6;13,4;11,9;11,1;87;83;86;343;4,5;1,9;
2025/09/02;0300 UTC;0;907,2;907,4;907,2;;14,4;11,7;14,7;14,1;11,9;11,4;86;82;84;358;5,1;2;
2025/09/02;0400 UTC;0;906,9;907,2;906,8;;14,4;11,8;14,8;14,2;11,8;11,5;85;82;85;19;4,7;1,1;
2025/09/02;0500 UTC;0;906,4;906,9;906,3;;14,2;11,8;14,7;14,1;12;11,6;86;82;85;44;3,7;,9;
2025/09/02;0600 UTC;0;905,5;906,4;905,5;;14,5;11,7;14,9;13,9;12,1;11,5;87;81;83;343;4,5;1,5;
2025/09/02;0700 UTC;0;905,6;905,7;905,5;;14,7;12,1;14,8;14;12,2;11,6;87;82;84;15;3,9;1,4;
2025/09/02;0800 UTC;0;906,1;906,1;905,6;;13,8;12,3;14,8;13,8;12,3;11,8;90;83;90;74;3;,7;
2025/09/02;0900 UTC;,4;906,4;906,4;906;;13,3;11,7;14,3;13,3;12,6;11,6;91;88;90;11;3,1;,8;
2025/09/02;1000 UTC;0;906,9;906,9;906,4;80,3;14,2;12,3;14,3;13,3;12,3;11,6;90;86;88;11;3,8;,9;
2025/09/02;1100 UTC;0;907,2;907,2;906,8;303,9;15,4;12,1;15,4;14,2;12,5;11,9;88;80;81;346;5,3;1,7;
2025/09/02;1200 UTC;0;907,9;907,9;907,2;701,5;15,3;12,8;15,5;15,1;12,9;12;86;80;85;50;5,5;2,4;
2025/09/02;1300 UTC;,4;908,2;908,3;907,9;1243,9;15,6;12,2;16,6;15,1;13,7;12,2;87;78;80;91;5,6;2,8;
2025/09/02;1400 UTC;0;907,8;908,2;907,8;1153,1;15,9;12,6;16,2;15,4;13,1;12;83;79;81;88;5,6;2;
2025/09/02;1500 UTC;0;907,2;907,8;907,2;1372,7;16;12;17,1;15,8;13,5;11,7;81;74;77;84;5,9;3,1;
2025/09/02;1600 UTC;0;906,4;907,2;906,4;1285,3;16,7;12,1;17,5;15,7;12,9;11,4;78;70;74;69;5,9;1,9;
2025/09/02;1700 UTC;0;905,7;906,4;905,6;1203,1;18;12,1;18;16,6;12,5;11,4;75;68;68;60;4,4;1,9;
2025/09/02;1800 UTC;0;905,3;905,7;905,2;966,3;17,6;11,9;18;17,1;12,5;11,5;74;68;69;99;6,1;2,3;
2025/09/02;1900 UTC;0;905,1;905,3;905,1;671,9;17,2;12,2;17,9;17,1;12,2;11,5;73;67;73;77;5,9;2,5;
2025/09/02;2000 UTC;0;905,3;905,3;905,1;249,1;15,9;12,1;17,3;15,9;12,4;11,9;78;71;78;77;6;1,9;
2025/09/02;2100 UTC;0;905,4;905,5;905,3;23,6;15,1;12;15,9;15,1;12,2;11,7;81;78;81;25;5;1,6;
2025/09/02;2200 UTC;0;906;906;905,4;;14,7;11,3;15,1;14,7;11,9;11,3;81;79;80;26;4,6;1,3;
2025/09/02;2300 UTC;0;906,5;906,5;906;;14,4;11;14,7;14,4;11,3;11;81;80;80;14;4,7;2,2;
2025/09/03;0000 UTC;0;906,7;906,7;906,5;;14,1;10,4;14,4;14;11,1;10,4;81;78;79;27;4,9;2,2;
2025/09/03;0100 UTC;0;907;907;906,6;;13,7;10,1;14,1;13,7;10,5;9,9;79;78;79;18;5,3;2,3;
2025/09/03;0200 UTC;0;907;907,1;907;;13,2;9,4;13,8;13,2;10,1;9,2;79;76;77;43;5;1,6;
2025/09/03;0300 UTC;0;906,7;907;906,7;;13;9,5;13,3;12,9;9,6;9,4;80;77;79;15;4,5;2,5;
2025/09/03;0400 UTC;0;906,1;906,7;906,1;;12,6;9;13;12,5;9,5;9;80;79;79;15;5;2;
2025/09/03;0500 UTC;0;905,6;906,1;905,6;;12,4;8,6;12,6;12,3;9,1;8,6;80;77;77;15;5,2;2,5;
2025/09/03;0600 UTC;0;905,2;905,6;905,2;;11,7;8;12,4;11,7;8,6;8;79;77;78;18;5,4;2,6;
2025/09/03;0700 UTC;0;905;905,2;905;;11;7,4;11,7;10,7;8;7,1;81;77;78;22;5,4;2,2;
2025/09/03;0800 UTC;0;905;905,1;904,9;;9,9;6,3;11,1;9,6;7,2;6,3;82;77;78;7;4,7;1,9;
2025/09/03;0900 UTC;0;905,4;905,4;905;;9,8;6,2;10,9;9,4;6,9;5,8;80;75;78;34;5,2;1,7;
2025/09/03;1000 UTC;0;905,9;905,9;905,4;174;11,6;7,6;11,6;9,5;7,6;6;81;76;76;14;6,6;3;
2025/09/03;1100 UTC;0;906,6;906,6;905,9;731,9;13,1;8,1;13,1;11,6;8,3;7,2;76;72;72;51;7,7;2,5;
2025/09/03;1200 UTC;0;907;907;906,6;1105,2;14,1;8,7;14,4;12,8;9,4;7,9;75;69;70;46;8,4;2,8;
2025/09/03;1300 UTC;0;907,4;907,4;907;1884;15,3;7,7;15,7;14,1;9,3;7,7;71;60;60;81;9,1;4,4;
2025/09/03;1400 UTC;0;906,6;907,5;906,6;2707,5;16,7;7;17,6;15,2;9,2;6,9;65;51;53;34;8,1;4,2;
2025/09/03;1500 UTC;0;905,8;906,7;905,8;3510,2;18;6,6;18,5;16,7;8;5,5;56;45;47;45;9,5;3,1;
2025/09/03;1600 UTC;0;904,9;905,8;904,9;3388,3;18,6;6,3;19,2;17,6;7,5;6;50;43;45;45;8,8;2,9;
2025/09/03;1700 UTC;0;904,2;904,9;904,2;2960,9;18,7;6,2;19,2;17,8;7,7;5,5;49;42;44;45;9,2;3,1;
2025/09/03;1800 UTC;0;903,7;904,2;903,7;2371,7;18,9;6,9;19,1;18,2;8,2;6,3;50;44;46;31;8,3;3,2;
2025/09/03;1900 UTC;0;903,4;903,8;903,4;1721,1;18,1;7,1;19;18,1;7,6;6;49;44;48;57;7,4;2,9;
2025/09/03;2000 UTC;0;903,5;903,6;903,4;709,2;16,2;7,2;18,4;16,2;7,3;6,5;55;47;55;35;7,4;2,3;
2025/09/03;2100 UTC;0;903,8;903,8;903,3;33,2;15,1;7,1;16,2;15;7,6;7,1;59;55;59;23;6,4;2,3;
2025/09/03;2200 UTC;0;904;904;903,7;;13,1;7,7;15,3;12,9;7,7;7,1;70;58;69;60;5,1;1,5;
2025/09/03;2300 UTC;0;904,4;904,4;903,9;;11,3;7,9;13,6;11;8,2;7,2;80;67;80;24;4,3;1,5;
2025/09/04;0000 UTC;0;904,7;904,7;904,4;;9,9;7,6;11,4;9,6;8;7,2;86;79;86;15;2,8;1,3;
2025/09/04;0100 UTC;0;904,8;905;904,7;;11,1;8,2;11,4;9,8;8,8;7,1;86;81;82;70;3,8;1,3;
2025/09/04;0200 UTC;0;904,9;905;904,8;;10,8;8,5;11,4;10,5;9;7,8;86;82;85;73;3,8;1,6;
2025/09/04;0300 UTC;0;904,7;905,1;904,7;;10,4;8,6;11,1;10,1;8,9;8,2;89;85;89;55;3,1;1,2;
2025/09/04;0400 UTC;0;904,6;904,8;904,5;;10,4;8,7;10,5;10,1;8,8;8,3;90;88;89;54;3,1;1,5;
2025/09/04;0500 UTC;0;904,1;904,6;904,1;;11,6;9,6;11,6;10,3;9,6;8,5;90;87;88;68;3,4;1,2;
2025/09/04;0600 UTC;0;903,3;904,1;903,3;,1;12,4;10,2;12,5;11,5;10,3;9,4;88;86;86;25;4,9;2,4;
2025/09/04;0700 UTC;0;903;903,3;902,9;;12,7;10;12,8;12,4;10,3;10;86;84;84;42;6,5;2,1;
2025/09/04;0800 UTC;0;903,1;903,1;902,8;;12,5;9,9;12,9;12,4;10,1;9,9;85;83;84;66;6,8;2,3;
2025/09/04;0900 UTC;0;903,5;903,6;903,1;;12,3;9,5;12,6;12,2;9,9;9,5;84;82;83;66;5,6;2,3;
2025/09/04;1000 UTC;0;903,8;903,8;903,5;291,7;13;9,3;13;12,2;9,8;9,2;84;78;78;61;6,1;2,9;
2025/09/04;1100 UTC;0;904,5;904,5;903,8;1200,8;14,6;9,6;14,6;12,9;9,6;8,8;79;70;72;57;7,6;3;
2025/09/04;1200 UTC;0;904,5;904,7;904,4;2026,1;15,9;8,8;16,5;14,4;10,1;8,4;73;61;63;33;9,1;3,4;
2025/09/04;1300 UTC;0;904,6;904,6;904,4;2802,9;17,3;6,7;17,6;15,6;9,2;6,3;64;48;50;55;9,2;4;
2025/09/04;1400 UTC;0;904;904,6;904;3207;18,1;4,2;18,9;17,2;7,5;4,2;51;39;40;64;10,2;5;
2025/09/04;1500 UTC;0;903,2;904;903,2;3441,2;19,6;6;19,6;18;6;3,7;43;37;41;65;10,8;4,5;
2025/09/04;1600 UTC;0;902,6;903,3;902,6;3379,7;20,4;6,3;20,5;19;6,3;4,3;41;36;40;49;10,8;3,5;
2025/09/04;1700 UTC;0;901,9;902,6;901,9;3074,7;20,2;3,2;21,1;19,3;6;2,2;40;30;33;28;8,7;3,6;
2025/09/04;1800 UTC;0;901,3;902;901,3;2501;20,4;4,4;21;19,5;5,3;1,2;38;27;35;50;7,4;2,4;
2025/09/04;1900 UTC;0;901,1;901,3;901,1;1575,2;19,5;6,3;20,4;19,4;6,6;4,1;43;34;42;71;8,4;3;
2025/09/04;2000 UTC;0;901,5;901,5;901,1;506,6;17,7;7,3;19,5;17,7;7,3;6,2;51;42;51;67;7,6;2,2;
2025/09/04;2100 UTC;0;902,1;902,1;901,5;52,9;12,7;8,6;17,7;12,7;9;7;76;50;76;340;5,4;1,2;
2025/09/04;2200 UTC;0;902,2;902,2;902;;12,2;8;13,6;11,9;9,4;8;79;72;75;3;4,8;1,4;
2025/09/04;2300 UTC;0;902,6;902,6;902,2;;10,5;7,2;12,7;10,5;8,4;6,8;80;74;80;348;3;1,2;
2025/09/05;0000 UTC;0;902,9;902,9;902,6;;9,3;6,9;10,5;9,3;8;6,9;85;80;85;27;2,9;,4;
2025/09/05;0100 UTC;0;903;903;902,8;;8,9;7,2;9,4;8,6;7,4;6,7;89;85;89;66;1,7;,3;
2025/09/05;0200 UTC;0;903,1;903,1;902,9;;7,9;6,5;8,9;7,7;7,2;6,2;91;89;91;22;1;,4;
2025/09/05;0300 UTC;0;902,9;903,1;902,9;;7,7;6,7;8,2;7,5;7;6,3;94;91;94;48;1;,3;
2025/09/05;0400 UTC;0;902,4;902,9;902,4;;7,4;6,7;8,2;7,3;7,4;6,5;95;94;95;72;2,4;1;
2025/09/05;0500 UTC;0;902;902,4;902;;7,8;7,1;8,6;7,1;7,9;6,4;96;95;95;26;3,3;1,5;
2025/09/05;0600 UTC;0;901,2;902;901,2;;8,3;6,9;9,7;7,8;8,7;6,8;95;90;91;10;3,5;1,5;
2025/09/05;0700 UTC;,2;901;901,2;900,9;;8,3;7,3;9,3;8,2;8,4;7;95;91;93;9;3,3;,6;
2025/09/05;0800 UTC;0;900,9;901;900,9;;8,4;7,5;9,2;7,9;8,3;6,9;95;93;94;357;3,6;1,7;
2025/09/05;0900 UTC;0;901,3;901,3;900,9;1,1;10,6;8,5;11,2;8,4;10;7,2;95;86;87;352;5,2;2,7;
2025/09/05;1000 UTC;0;901,6;901,6;901,3;364,3;13,6;9,9;13,6;9,8;9,9;7,3;88;78;78;44;5,3;2;
2025/09/05;1100 UTC;0;902,1;902,1;901,6;1175,2;17;10;17;13,6;10,3;9,6;78;63;64;81;7;2,6;
2025/09/05;1200 UTC;0;902,4;902,4;902;2040;18,1;10,7;18,4;16,8;11;9,7;65;60;62;92;6,9;3,7;
2025/09/05;1300 UTC;0;902,3;902,5;902,3;2700,4;19,9;10,7;20,1;18,2;11,2;9,9;62;52;55;74;7,6;3,5;
2025/09/05;1400 UTC;0;901,7;902,3;901,6;3145,3;21,2;10,5;22;19,6;11,5;9,4;56;48;50;79;7,8;3,5;
2025/09/05;1500 UTC;0;900,9;901,7;900,9;3342,3;22,9;11,5;22,9;20,9;11,8;10;53;47;48;89;7,8;2,9;
2025/09/05;1600 UTC;0;900;900,9;900;3374,4;24;11,1;24;22;11,7;10,1;50;44;44;63;5,5;1,8;
2025/09/05;1700 UTC;0;899,2;900;899,2;2821;23,3;10,3;24,3;22,6;11,8;10;48;42;44;75;5,8;2,4;
2025/09/05;1800 UTC;0;899,2;899,2;899,1;1000,2;22,1;8,9;23,4;22;11;7,8;48;38;43;261;4,9;2,4;
2025/09/05;1900 UTC;0;899,5;899,5;899,2;965,7;21,2;10,3;22,9;21,2;10,6;8,9;51;42;50;241;4,8;1,3;
2025/09/05;2000 UTC;0;899,9;899,9;899,5;318;19,7;11,2;21,3;19,4;12,1;10,6;61;50;58;269;3;1,8;
2025/09/05;2100 UTC;0;900,3;900,3;899,9;53,6;18,1;11,8;20,2;17;12;10,8;72;55;67;233;4,6;1,7;
2025/09/05;2200 UTC;0;900,9;901;900,3;;17,3;12;18,7;17;12,4;11,7;73;64;71;253;8,2;4,2;
2025/09/05;2300 UTC;0;901,6;901,6;900,9;;15,3;11,4;17,6;15,2;12;11,3;78;69;77;276;8,2;2,6;
2025/09/06;0000 UTC;0;901,6;901,6;901,5;;13,4;11;15,4;13,3;11,4;10,4;85;76;85;319;4,3;,8;
2025/09/06;0100 UTC;0;901,6;901,6;901,4;;12;10;13,5;12;11,6;10;89;84;88;287;3,1;,7;
2025/09/06;0200 UTC;0;901,7;901,7;901,5;;10,4;9;12;10,3;10,1;8,8;91;88;91;22;1,2;,4;
2025/09/06;0300 UTC;0;901,4;901,7;901,4;;9,9;8,9;10,4;9,7;9,1;8,6;94;91;94;329;,9;,4;
2025/09/06;0400 UTC;0;900,7;901,4;900,7;;9,2;8,4;9,9;8,9;8,9;8,1;95;93;95;253;1,1;,4;
2025/09/06;0500 UTC;0;900,5;900,7;900,5;;8,5;7,8;9,3;8,3;8,5;7,6;95;95;95;70;1,2;,3;
2025/09/06;0600 UTC;0;900,4;900,5;900,4;;9,2;8,4;9,3;8,2;8,5;7,5;95;95;95;345;1,6;,6;
2025/09/06;0700 UTC;0;900,3;900,4;900,2;,5;10,3;9,6;10,4;9,2;9,6;8,5;95;95;95;294;1,4;,8;
2025/09/06;0800 UTC;0;900,7;900,7;900,3;;12;11,3;12,2;10,3;11,5;9,7;96;95;95;193;3,6;1,5;
2025/09/06;0900 UTC;0;901,3;901,4;900,7;,9;11,3;10,6;12,1;11;11,4;10,3;96;95;95;314;3,7;1,5;
2025/09/06;1000 UTC;0;901,9;901,9;901,3;178,3;11,4;10,6;11,6;10,3;10,9;9,3;95;94;95;296;3,2;,4;
2025/09/06;1100 UTC;0;902;902,1;901,9;1124,9;15,6;12,4;15,6;11,4;12,6;10,6;95;81;81;129;2,1;,9;
2025/09/06;1200 UTC;0;902,1;902,1;902;1948,9;20,2;10,4;20,2;15,6;12,9;10,2;81;53;53;80;5;2,6;
2025/09/06;1300 UTC;,2;902,5;902,6;902;2635,7;18,1;13,8;21,4;17,6;13,8;8,7;77;45;76;209;8,9;3,7;
2025/09/06;1400 UTC;0;902,5;902,6;902,4;3094,7;17,1;13,4;18,9;17,1;14,4;12,8;80;71;79;220;7,8;4,6;
2025/09/06;1500 UTC;0;902,3;902,6;902,3;3092,2;17,3;14,4;17,8;16,2;14,7;13,4;86;78;83;235;8,5;3,8;
2025/09/06;1600 UTC;0;901,8;902,3;901,8;2940,7;16,4;13,7;17,5;16,2;14,8;13,6;87;82;84;240;8;4,2;
2025/09/06;1700 UTC;0;901,5;901,8;901,5;2168,8;15,8;14;17,6;15,5;14,5;13,4;89;80;89;228;7,6;4,2;
2025/09/06;1800 UTC;0;901,6;901,7;901,5;1442,4;15,8;13,4;16,8;15,6;14,3;13,3;89;82;86;219;8,2;3,7;
2025/09/06;1900 UTC;0;902;902;901,6;270,2;14,9;14,1;15,9;14,9;14,3;13,3;95;86;95;;;;
2025/09/06;2000 UTC;0;902,3;902,3;902;240,3;15,2;13,6;15,3;14,8;14,3;13,6;95;90;90;;;;
2025/09/06;2100 UTC;,2;902,9;902,9;902,3;47,8;14,6;13;15,2;14,5;13,5;12,8;90;89;90;;;;
2025/09/06;2200 UTC;,4;903,3;903,4;902,9;;14,4;12,8;14,8;14,4;13,1;12,7;90;89;90;222;;3,7;
2025/09/06;2300 UTC;0;904;904;903,3;;14,4;12,7;14,6;14,4;13;12,7;90;89;89;218;7,6;4,2;
2025/09/07;0000 UTC;0;904,4;904,4;904;;14,4;12,5;14,5;14,4;12,7;12,5;89;88;89;209;7,6;3,7;
2025/09/07;0100 UTC;0;904,4;904,4;904,3;;14,3;12,7;14,5;14,3;12,7;12,5;90;89;90;210;6,9;2,7;
2025/09/07;0200 UTC;0;904,2;904,5;904,2;;14,2;12,9;14,3;14,1;13;12,7;92;90;92;215;4,9;1,1;
2025/09/07;0300 UTC;0;904;904,3;904;;14,3;13,1;14,4;14,1;13,1;12,8;93;92;92;220;2,8;1,5;
2025/09/07;0400 UTC;0;903,5;904;903,5;;14,5;13,1;14,6;14,3;13,3;13,1;92;91;91;216;3,4;1,1;
2025/09/07;0500 UTC;0;903,1;903,5;903,1;;14,9;13,4;14,9;14,5;13,4;13,1;92;91;91;240;3;1,4;
2025/09/07;0600 UTC;0;902,6;903,1;902,6;,3;14,5;13,2;14,9;14,5;13,3;13,1;92;90;92;277;3,1;,6;
2025/09/07;0700 UTC;0;902,8;902,8;902,4;;14,5;13,6;14,5;14,4;13,6;13,2;94;92;94;211;2,3;1,2;
2025/09/07;0800 UTC;0;903,3;903,3;902,8;;14,4;13,5;14,6;14,3;13,7;13,5;95;94;95;204;2,5;1;
2025/09/07;0900 UTC;0;903,8;903,8;903,2;,2;14,4;13,5;14,4;14,4;13,6;13,5;95;95;95;243;1,6;,6;
2025/09/07;1000 UTC;0;904,2;904,2;903,8;68,1;14,8;14;14,8;14,4;14;13,5;95;95;95;105;1,1;,4;
2025/09/07;1100 UTC;0;904,8;904,8;904,2;423;16,7;14,2;16,7;14,8;14,8;14;95;85;85;65;2,6;,5;
2025/09/07;1200 UTC;0;904,7;905;904,7;1299,4;18;13;18,4;16,5;14,1;12,9;85;72;73;56;5,5;2,3;
2025/09/07;1300 UTC;0;905;905,2;904,7;2121,2;19,4;13,2;19,8;17,9;14,3;12,7;76;67;67;45;5,1;2,3;
2025/09/07;1400 UTC;0;905,4;905,5;904,9;1237,8;16,1;13,3;20,3;16,1;14,4;12,5;84;65;84;207;5,8;3,4;
2025/09/07;1500 UTC;0;904,8;905,4;904,8;597,2;17,1;13,7;17,2;15,8;14;13,2;86;80;81;210;5,8;2,3;
2025/09/07;1600 UTC;0;904,4;904,8;904,3;442,9;16,1;13,6;17,2;16,1;13,9;13,4;85;80;85;211;4,6;2,4;
2025/09/07;1700 UTC;0;903,5;904,4;903,5;298,6;16,6;14;16,7;16;14,2;13,6;87;84;84;234;4,3;,3;
2025/09/07;1800 UTC;0;903,2;903,5;903,2;305,8;17,1;14,1;17,3;16,6;14,2;13,9;84;81;83;200;2,1;,8;
2025/09/07;1900 UTC;0;903,3;903,3;903,1;161,8;17;13,7;17,5;17;14,2;13,7;83;79;81;104;4,3;2;
2025/09/07;2000 UTC;0;903,2;903,5;903,2;47,1;16,9;13,7;17,1;16,7;13,7;13,6;82;81;81;26;4,6;1,5;
2025/09/07;2100 UTC;0;903,4;903,4;903,1;36,3;16,8;13,4;17;16,8;13,7;13,3;81;79;80;21;5,7;1,8;
2025/09/07;2200 UTC;0;903,8;903,9;903,4;;16,4;13,7;16,9;16,4;13,7;13,4;84;80;84;65;3,9;1,6;
2025/09/07;2300 UTC;0;904,5;904,5;903,8;;16,2;13,8;16,6;16,2;13,9;13,7;86;84;86;45;3,2;,5;
2025/09/08;0000 UTC;0;905,1;905,1;904,5;;16,2;13,7;16,5;16,2;13,9;13,7;86;84;85;43;2,4;,7;
2025/09/08;0100 UTC;0;905,1;905,1;905;;15,8;13;16,3;15,8;13,7;13;85;83;83;28;4,3;1,5;
2025/09/08;0200 UTC;0;905,1;905,1;905;;15,5;13,2;15,8;15;13,2;12,6;87;83;87;29;3,7;,8;
2025/09/08;0300 UTC;0;905,1;905,1;905;,4;16;13,1;16,2;15,5;13,4;13;87;82;83;75;3,9;1,1;
2025/09/08;0400 UTC;0;904,6;905,1;904,6;0;15,7;13;16;15,7;13,1;13;84;83;84;31;3,9;1,4;
2025/09/08;0500 UTC;0;904,1;904,6;904,1;;15,5;12,9;15,8;15,5;13;12,9;85;84;85;80;3,8;1,4;
2025/09/08;0600 UTC;0;903,3;904,1;903,3;;15,4;12,9;15,5;15,2;13;12,9;86;85;85;68;3,1;1,2;
2025/09/08;0700 UTC;0;903,1;903,3;903,1;;15,3;12,9;15,4;15,2;12,9;12,8;86;85;86;60;3,3;,7;
2025/09/08;0800 UTC;0;903,3;903,3;903,1;0;15,5;12,9;15,5;15,2;12,9;12,8;86;84;84;20;3,8;1,7;
2025/09/08;0900 UTC;0;903,8;903,8;903,3;1,4;15,6;13;15,6;15,5;13;12,8;85;84;85;20;3,8;2,1;
2025/09/08;1000 UTC;0;904,4;904,4;903,8;73,6;15,6;13,2;15,7;15,5;13,2;13;86;85;86;20;4,5;1,7;
2025/09/08;1100 UTC;0;905;905;904,4;233,5;15,8;13,5;15,9;15,5;13,7;13,2;87;86;86;23;4,9;2,2;
2025/09/08;1200 UTC;0;905,4;905,5;905;480;16,8;13,8;16,8;15,8;14;13,5;86;83;83;41;4,6;1,5;
2025/09/08;1300 UTC;0;905,3;905,5;905,3;801,9;17,8;13,7;17,9;16,8;14,2;13,4;83;77;77;46;5,5;1,8;
2025/09/08;1400 UTC;,2;905;905,4;905;962,5;18,5;13,8;18,5;17,6;14;13,3;78;74;74;32;5,5;2,2;
2025/09/08;1500 UTC;0;904,3;905;904,2;928,8;18,1;13,5;18,7;18;13,8;13,1;75;72;75;40;5;2,2;
2025/09/08;1600 UTC;0;903,5;904,3;903,5;1126,6;19,1;13,8;19,6;18,1;14,1;13,2;75;68;71;63;5,6;2;
2025/09/08;1700 UTC;0;902,7;903,5;902,6;1539,6;19,6;13,9;20,8;19;14,3;13,1;73;64;69;45;7,3;2;
2025/09/08;1800 UTC;0;902,1;902,7;902,1;1404,1;19,5;13,9;20,4;19,5;14,3;13,4;70;67;70;50;7;2,1;
2025/09/08;1900 UTC;0;902,1;902,2;902;536,8;18,2;14,2;19,6;18,2;14,5;13,6;78;70;77;35;6,6;2,5;
2025/09/08;2000 UTC;0;901,9;902,1;901,8;267,3;18;13,4;18,2;17,8;14,4;13,4;79;75;75;29;7,1;2;
2025/09/08;2100 UTC;0;902;902;901,8;56,2;16,9;13,7;18;16,6;13,7;13,2;82;75;82;71;5,7;1,1;
2025/09/08;2200 UTC;0;902,5;902,5;902;;17,3;13,7;17,3;16,9;13,9;13,6;82;79;79;37;4,9;1,9;
2025/09/08;2300 UTC;0;902,9;902,9;902,4;;17,1;13,8;17,3;17,1;13,8;13,6;81;79;81;45;5,6;1,4;
2025/09/09;0000 UTC;0;903;903,1;902,9;;17,2;14,1;17,2;17,1;14,1;13,8;82;81;82;21;5,1;2,2;
2025/09/09;0100 UTC;0;902,9;903,1;902,8;;17,2;14,3;17,3;17,1;14,3;14,2;83;82;83;59;4,9;1,7;
2025/09/09;0200 UTC;0;902,8;902,9;902,8;;16,9;14,4;17,2;16,9;14,4;14,3;85;83;85;42;5,1;2;
2025/09/09;0300 UTC;0;902,6;902,8;902,6;;16,8;14,3;17;16,8;14,4;14,3;85;85;85;69;5,3;2,4;
2025/09/09;0400 UTC;0;901,8;902,6;901,8;;16,6;14,2;16,8;16,6;14,4;14,2;86;85;85;75;6,3;2,5;
2025/09/09;0500 UTC;0;901;901,8;901;;16,7;13,9;16,7;16,6;14,2;13,9;85;84;84;78;6,8;2,6;
2025/09/09;0600 UTC;0;900,6;901,1;900,6;;16,7;13,3;16,9;16,6;13,9;13,3;84;80;80;69;6,2;2,5;
2025/09/09;0700 UTC;0;900,2;900,6;900,2;;16,5;13;16,7;16,4;13,5;13;82;80;80;63;6,9;2,3;
2025/09/09;0800 UTC;0;900,2;900,3;900,1;;16,3;13,1;16,8;16;13,2;12,6;82;77;81;77;7;3,2;
2025/09/09;0900 UTC;0;900,7;900,7;900,2;;16,3;12,8;16,4;16,1;13;12,7;82;79;80;67;7,4;2,7;
2025/09/09;1000 UTC;0;901,4;901,4;900,7;110;16,6;12,9;16,6;16,2;12,9;12,8;80;79;79;54;6,1;2,3;
2025/09/09;1100 UTC;0;902,1;902,1;901,4;356;17,1;12,6;17,1;16,6;12,9;12,5;79;74;74;63;8;3,1;
2025/09/09;1200 UTC;0;902,1;902,3;902;1274,8;18,4;13,2;18,4;17,1;13,2;12,5;76;70;72;84;10,3;5,4;
2025/09/09;1300 UTC;0;901,3;902,1;901,3;2736,9;20,3;13,1;20,3;18,4;13,3;12,7;72;62;63;85;11,5;5,4;
2025/09/09;1400 UTC;0;900,6;901,3;900,5;3126,9;22,1;13,2;22,1;20,1;13,2;12,4;63;56;57;78;12,1;5,7;
2025/09/09;1500 UTC;0;899,4;900,6;899,4;3343,7;23,9;12,4;24;21,9;13,3;12,3;57;49;49;78;10,6;5,4;
2025/09/09;1600 UTC;0;898,4;899,4;898,4;3305,6;24,4;12,4;24,8;23,5;13,5;11,8;51;45;47;79;11;5,5;
2025/09/09;1700 UTC;0;897,6;898,4;897,5;2935,5;24,9;12,8;25,3;24,1;13,5;12,1;49;45;47;77;11,2;4,5;
2025/09/09;1800 UTC;0;897,7;897,7;897,3;2410,8;25,2;13,2;25,5;24,7;13,7;12,3;49;45;47;80;8,9;2,9;
2025/09/09;1900 UTC;0;897,7;897,7;897,4;1541,8;22,5;13,1;25,5;22,5;13,5;12,5;55;45;55;235;8,2;4;
2025/09/09;2000 UTC;0;898,2;898,2;897,7;674;20,3;12,5;22,5;20,3;13,5;12,3;61;55;61;208;9,3;3,1;
2025/09/09;2100 UTC;0;898,4;898,5;898,1;46,9;18;13;20,3;17,8;13,4;12,4;73;61;73;307;5,9;1,5;
2025/09/09;2200 UTC;0;898,7;898,7;898,3;;15,9;12,8;18;15,9;13,7;12,6;83;73;82;344;2,7;1,4;
2025/09/09;2300 UTC;0;899;899;898,7;;14,8;12,8;15,9;14,8;13,2;12,5;88;82;88;3;2,6;,7;
2025/09/10;0000 UTC;0;900;900;898,9;;17,4;14,3;17,4;14,2;14,9;12,3;91;82;82;220;6,6;2,9;
2025/09/10;0100 UTC;0;901,1;901,1;900;;17,8;11,8;18,3;17,3;14;11,7;82;66;68;220;9;3;
2025/09/10;0200 UTC;0;900,9;901,1;900,8;;18;11,7;18,2;17,8;11,8;11,6;68;66;67;217;7,3;3,5;
2025/09/10;0300 UTC;0;900,7;901;900,6;;17,5;12;18,1;17,4;12;11,6;70;66;70;229;7,9;4;
2025/09/10;0400 UTC;0;900,6;900,8;900,5;;16,7;12,3;17,5;16,6;12,5;12;76;70;75;205;8,2;3,3;
2025/09/10;0500 UTC;0;899,5;900,6;899,5;;16,2;11,7;16,9;16,1;12,4;11,5;75;72;75;242;6,2;2,2;
2025/09/10;0600 UTC;0;899,3;899,5;899,1;;15;11,5;16,2;14,8;11,9;11,4;81;75;80;226;5;2,1;
2025/09/10;0700 UTC;0;899,5;899,5;899,3;;15,1;10,2;15,3;14,8;11,6;10,2;81;72;73;251;5,1;2,1;
2025/09/10;0800 UTC;0;899,9;899,9;899,5;;14;10;15,4;14;10,3;10;78;71;77;209;5,6;2,9;
2025/09/10;0900 UTC;0;900,4;900,4;899,9;;13,5;10,3;14;13;10,5;9,9;83;77;81;204;5,8;2,4;
2025/09/10;1000 UTC;0;900,8;900,8;900,4;350;14,8;11,1;14,9;13,3;11,4;10,1;83;79;79;220;5,8;3,1;
2025/09/10;1100 UTC;0;901,4;901,4;900,8;1261,5;16,9;10,8;17;14,8;11,5;10,7;79;67;67;214;7,1;3,5;
2025/09/10;1200 UTC;0;902,1;902,1;901,4;2102,1;17,7;7,9;18;16,9;10,9;7,5;68;52;53;191;9,3;3,5;
2025/09/10;1300 UTC;0;902,4;902,5;902,1;2778,8;18,1;10,5;18,2;17,5;10,7;7,6;62;51;61;231;8,4;4,3;
2025/09/10;1400 UTC;0;902,1;902,5;902,1;3225,3;18,7;9,7;19,4;17,8;11,4;9,5;63;55;56;222;7,7;4,3;
2025/09/10;1500 UTC;0;901,6;902,1;901,6;3428,9;20,1;10,6;20,4;18,6;11;9,5;57;52;54;231;7,1;3,6;
2025/09/10;1600 UTC;0;901;901,6;901;3374,1;20,1;10,7;20,4;19,3;11;9,8;56;52;55;224;7,5;4,3;
2025/09/10;1700 UTC;0;900,6;901;900,6;3029,1;19,8;11;20,9;19,5;11,6;10,4;58;53;57;227;8,5;4,6;
2025/09/10;1800 UTC;0;900,6;900,6;900,4;2410,1;19,1;11;19,9;18,8;11,4;10,7;60;57;59;225;8,9;4,7;
2025/09/10;1900 UTC;0;900,9;900,9;900,5;1666,3;17,6;12;19,1;17,5;12,1;10,9;70;59;70;224;9;4,3;
2025/09/10;2000 UTC;0;901,3;901,3;900,9;749,1;16,1;12,3;17,6;16,1;12,3;12;78;70;78;243;7;2,6;
2025/09/10;2100 UTC;0;901,7;901,7;901,3;46,6;14,8;11,9;16,1;14,8;12,3;11,9;83;78;83;243;5,6;3,2;
2025/09/10;2200 UTC;0;902,2;902,2;901,7;;14,7;11,8;14,8;14,5;11,9;11,7;83;82;83;267;7;2,1;
2025/09/10;2300 UTC;0;902,8;902,8;902,2;;14,2;11,4;14,8;14,2;11,8;11,3;83;82;83;246;4,9;2,3;
2025/09/11;0000 UTC;0;903,4;903,4;902,8;;13,7;11,2;14,3;13,6;11,5;11,1;86;83;85;243;5,9;3,1;
2025/09/11;0100 UTC;0;903,8;903,9;903,5;;11,8;9,4;13,7;11,8;11,2;9,4;87;85;85;278;5,5;1,5;
2025/09/11;0200 UTC;0;903,9;903,9;903,7;;9,4;7,4;11,8;9,4;9,4;7,4;88;85;87;318;3,3;,6;
2025/09/11;0300 UTC;0;903,7;903,9;903,7;;9,6;8;9,7;8,9;8,1;7,2;90;87;90;11;1,4;,3;
2025/09/11;0400 UTC;0;903,3;903,7;903,3;;9,3;7,9;9,9;9,3;8,4;7,8;91;90;91;345;1,3;,3;
2025/09/11;0500 UTC;0;902,9;903,3;902,9;;8,8;8,1;9,3;8,7;8,2;7,3;95;90;95;326;1;,6;
2025/09/11;0600 UTC;0;902,4;902,9;902,4;;9,8;9;9,8;8,6;9;7,9;95;95;95;38;1;,3;
2025/09/11;0700 UTC;0;902;902,4;902;;10,6;9,8;10,6;9,8;9,8;9,1;95;95;95;144;1;,3;
2025/09/11;0800 UTC;0;901,9;902,1;901,9;;11;10,3;11,1;10,5;10,3;9,8;95;95;95;73;2,4;,9;
2025/09/11;0900 UTC;0;902,3;902,3;901,9;2,8;11,1;9,7;12;11;11,1;9,7;95;91;91;81;2,5;,5;
2025/09/11;1000 UTC;0;902,7;902,7;902,3;150,9;11,9;10,1;11,9;10,9;10,2;9,4;92;89;89;91;2,4;,5;
2025/09/11;1100 UTC;0;903,2;903,2;902,7;469,9;15,2;12;15,2;11,9;12,3;10,2;89;81;81;80;4,6;2,6;
2025/09/11;1200 UTC;0;903,1;903,4;903,1;1644,5;18,3;12,6;18,3;15,2;13,1;11,8;81;69;69;84;6,1;3,2;
2025/09/11;1300 UTC;0;903;903,1;902,9;2774,6;18,8;13,3;19,4;18,1;13,5;12,4;71;67;70;84;9;5,2;
2025/09/11;1400 UTC;0;902,6;903;902,5;3366;20,2;13,5;20,3;18,4;14,1;12,9;71;65;65;88;10,5;4,2;
2025/09/11;1500 UTC;0;901,8;902,6;901,8;3443,9;21,1;13,2;21,7;19,9;14,1;12,9;66;60;61;93;8,5;4,3;
2025/09/11;1600 UTC;0;900,8;901,8;900,8;3360,7;23;13,3;23,7;21,1;14,5;12,9;63;53;54;75;7,8;3,2;
2025/09/11;1700 UTC;0;900,1;900,8;900;3040,9;24;13;24,1;22,7;13,8;12,5;56;50;50;83;7,8;3,6;
2025/09/11;1800 UTC;0;899,6;900,1;899,6;2466,7;24;13;24,9;23,7;13,8;12,2;52;47;50;80;7;2,9;
2025/09/11;1900 UTC;0;899,4;899,6;899,4;1701,8;23,9;13,1;24,5;23,6;13,4;12,5;52;48;51;72;7,3;2,1;
2025/09/11;2000 UTC;0;899,6;899,6;899,3;749,3;21,6;13,2;23,9;21,6;13,4;12,5;59;50;59;41;5;1;
2025/09/11;2100 UTC;0;900;900;899,6;38,7;17,7;12,7;21,6;17,6;13,9;12,7;76;59;73;328;3,1;1,4;
2025/09/11;2200 UTC;0;900,3;900,3;900;;15,7;12,4;17,7;15,2;12,7;11,7;82;73;81;302;3,1;1,3;
2025/09/11;2300 UTC;0;900,8;900,8;900,3;;15,5;13,7;15,9;14,5;13,7;11,5;89;78;89;205;3,8;2;
2025/09/12;0000 UTC;0;901,4;901,4;900,8;;15,9;14,9;16;15,4;14,9;13,7;94;89;93;255;5,5;1,8;
2025/09/12;0100 UTC;0;901,6;901,6;901,3;;14,5;11,5;16,3;14,4;15;11,5;93;83;83;330;4,4;1,9;
2025/09/12;0200 UTC;0;901,6;901,7;901,6;;13,1;11;14,5;12,9;11,5;10,5;87;82;87;302;3,4;,8;
2025/09/12;0300 UTC;0;901,1;901,6;901,1;;12,4;10,6;13,2;11,9;11,8;10;92;86;89;327;2,5;,7;
2025/09/12;0400 UTC;0;900,6;901,1;900,6;;12,5;10,8;12,9;12,1;11,2;10,2;90;88;89;339;2,2;,8;
2025/09/12;0500 UTC;0;900,3;900,7;900,3;;11,8;10,3;13;11,8;11,4;10,1;92;89;90;349;1,9;,6;
2025/09/12;0600 UTC;0;900;900,3;900;;11;9,9;12,4;10,9;11,4;9,8;94;90;93;296;1,6;,3;
2025/09/12;0700 UTC;0;900,1;900,1;899,9;;11;10,2;11,3;11;10,5;10;95;93;95;322;1,2;,4;
2025/09/12;0800 UTC;0;900,2;900,2;900,1;;10,8;10,1;11,5;10,4;10,7;9,6;95;95;95;280;2,4;,8;
2025/09/12;0900 UTC;0;900,6;900,6;900,2;4,2;11,7;11;11,7;9,9;11;9,2;96;95;96;197;2,8;1,3;
2025/09/12;1000 UTC;0;901,5;901,5;900,6;107,2;13,5;12,8;13,5;11,7;12,8;11,1;96;95;96;201;6,8;3,1;
2025/09/12;1100 UTC;0;902,1;902,1;901,5;567;14,5;12,9;14,5;13,4;13,6;12,7;96;90;90;231;7,3;3,3;
2025/09/12;1200 UTC;0;902,4;902,4;902;1118,1;14,9;12,9;15;14,4;13,1;12,5;90;87;88;218;7,9;3,7;
2025/09/12;1300 UTC;0;902,5;902,6;902,4;1315,7;15,5;12,7;15,6;14,4;12,9;12,4;88;82;83;230;7,4;3,1;
2025/09/12;1400 UTC;0;902,4;902,5;902,3;1639,4;14;12;16;13,9;12,8;11,9;88;81;88;222;7,6;3,6;
2025/09/12;1500 UTC;0;902,1;902,4;902,1;707,7;13,9;11,6;14,5;13,8;12,3;11,5;88;85;86;228;6,9;3,2;
2025/09/12;1600 UTC;0;901,4;902,1;901,4;822,8;14,5;11,7;14,9;13,9;12,1;11,6;86;83;83;228;5,5;3,3;
2025/09/12;1700 UTC;0;901;901,5;901;1280,1;15,9;11,2;16;14,4;12;11,2;85;74;74;220;5,8;3;
2025/09/12;1800 UTC;0;900,6;901;900,5;1980,3;17,2;11,5;17,5;15,9;11,9;10,9;75;68;69;243;5,1;2,3;
2025/09/12;1900 UTC;0;900,8;900,8;900,5;1869,2;16;12,2;17,8;16;12,7;11,4;78;69;78;249;5,8;3,6;
2025/09/12;2000 UTC;0;901,2;901,3;900,8;532,6;14,2;13,3;16,4;14,2;13,4;12,3;95;78;95;224;6,2;3;
2025/09/12;2100 UTC;0;901,5;901,5;901,2;12,9;14;13,2;14,2;13,9;13,3;13,2;95;95;95;244;5,2;1,7;
2025/09/12;2200 UTC;0;901,9;901,9;901,5;;13,8;13,1;14;13,8;13,2;13,1;95;95;95;224;4,5;2,5;
2025/09/12;2300 UTC;0;902,1;902,1;901,9;;13,8;13,1;13,8;13,7;13,1;13;95;95;95;229;4,5;1,8;
2025/09/13;0000 UTC;0;902,5;902,5;902,1;0;14;13,3;14;13,7;13,3;13;95;95;95;207;4,5;1,9;
2025/09/13;0100 UTC;0;902,4;902,5;902,4;;13,9;13,2;14;13,8;13,3;13,1;95;95;95;217;3,7;1,5;
2025/09/13;0200 UTC;0;902,3;902,5;902,3;;13,9;13,1;13,9;13,7;13,2;13;95;95;95;212;3,4;1,7;
2025/09/13;0300 UTC;0;902,3;902,4;902,2;;13,9;13,1;14;13,8;13,2;12,9;95;95;95;200;5,7;2;
2025/09/13;0400 UTC;0;901,7;902,3;901,7;;13,7;12,7;13,9;13,7;13,1;12,7;95;94;94;216;4,1;1,8;
2025/09/13;0500 UTC;0;901,2;901,7;901,2;;13,4;12,5;13,7;13,3;12,7;12,4;94;94;94;234;4,6;1,5;
2025/09/13;0600 UTC;0;900,8;901,2;900,8;;13;11,5;13,6;13;12,6;11,4;94;90;90;251;6;3,2;
2025/09/13;0700 UTC;0;900,8;900,8;900,7;;13;11,3;13,1;13;11,6;11,3;91;90;90;213;6;2,5;
2025/09/13;0800 UTC;0;900,8;900,8;900,7;;12,9;11,3;13;12,8;11,4;11,2;90;89;90;216;4,4;2,5;
2025/09/13;0900 UTC;0;901,5;901,5;900,8;0;12,7;11,2;12,9;12,7;11,3;11,1;90;90;90;211;5,3;2,2;
2025/09/13;1000 UTC;0;902;902;901,5;42,5;12,8;11,2;12,8;12,7;11,3;11,1;91;90;90;212;5,2;1,9;
2025/09/13;1100 UTC;0;902,5;902,5;902;230,1;13,2;11,2;13,3;12,8;11,3;11,1;90;88;88;214;3,9;2,5;
2025/09/13;1200 UTC;0;903,2;903,2;902,5;230,4;12,6;11,1;13,2;12,6;11,2;11;90;88;90;228;5;2,8;
2025/09/13;1300 UTC;0;903,2;903,3;903,2;340,6;12,6;11;13;12,6;11,3;10,9;91;89;90;228;5,5;3;
2025/09/13;1400 UTC;0;903;903,2;903;510,4;12,7;10,9;12,8;12,6;11;10,8;90;88;89;209;6;2,9;
2025/09/13;1500 UTC;0;902,6;903,1;902,6;406,3;12,9;11,2;12,9;12,4;11,3;10,6;90;89;90;212;4,8;1,8;
2025/09/13;1600 UTC;0;901,9;902,6;901,9;478,4;13,1;11,3;13,1;12,8;11,4;11;90;88;89;224;4,2;2;
2025/09/13;1700 UTC;0;901,2;901,9;901,2;680,7;14,2;11,2;14,3;13,1;11,6;11;89;81;82;231;3,8;1,4;
2025/09/13;1800 UTC;0;901,2;901,2;901,1;375,4;13,1;11,3;14,5;13,1;11,5;11;89;81;89;235;4,7;1,7;
2025/09/13;1900 UTC;0;901,1;901,2;901;390,2;13,4;11,6;13,4;13;11,6;11,3;90;89;89;212;3,8;1,8;
2025/09/13;2000 UTC;0;901,7;901,7;901,1;94,2;12,4;10,8;13,4;12,4;11,6;10,8;90;88;90;228;4,5;2,3;
2025/09/13;2100 UTC;0;901,8;901,8;901,6;15,2;12,2;10,6;12,4;12,1;10,9;10,6;91;90;90;210;5,1;1,8;
2025/09/13;2200 UTC;0;902,2;902,3;901,8;;12,1;10,6;12,4;12;10,8;10,5;91;89;91;216;4,8;2,4;
2025/09/13;2300 UTC;0;902,7;902,7;902,2;;12;11;12,1;11,9;11,1;10,6;94;91;94;216;4,8;2,2;
2025/09/14;0000 UTC;0;902,8;902,9;902,7;;12,1;10,4;12,1;12;11,1;10,4;94;89;89;204;4,5;1,3;
2025/09/14;0100 UTC;0;903,1;903,1;902,8;0;12,2;10,4;12,3;12,1;10,6;10,4;90;89;89;228;3,3;1,2;
2025/09/14;0200 UTC;0;903;903,3;903;;12,1;10,4;12,3;12,1;10,5;10,3;89;89;89;258;2,1;,7;
2025/09/14;0300 UTC;0;902,9;903;902,9;;12,1;10,3;12,2;12,1;10,5;10,3;89;88;89;201;2,4;1,2;
2025/09/14;0400 UTC;0;902,3;902,9;902,2;;11,9;10,3;12,1;11,9;10,4;10,3;90;89;90;274;2,6;,3;
2025/09/14;0500 UTC;0;901,9;902,3;901,9;;12,2;11;12,2;11,9;11;10,3;92;90;92;285;1;,3;
2025/09/14;0600 UTC;0;901,7;902;901,6;;12,2;11,2;12,2;12,1;11,3;10,9;94;92;94;165;,9;,2;
2025/09/14;0700 UTC;0;901,8;901,9;901,6;;12,2;11,3;12,2;12,1;11,3;11,2;94;94;94;329;,7;,3;
2025/09/14;0800 UTC;0;901,8;901,9;901,8;;12,2;11,4;12,3;12,2;11,4;11,3;94;94;94;43;1,6;,7;
2025/09/14;0900 UTC;0;902,4;902,4;901,8;3,6;11,8;10,9;12,2;11,6;11,4;10,8;95;94;95;245;2;,5;
2025/09/14;1000 UTC;0;903;903;902,4;201,7;12,5;11,7;12,5;11,7;11,7;10,9;95;95;95;216;2,5;,7;
2025/09/14;1100 UTC;0;903,4;903,4;903;370,9;13,8;12,7;13,8;12,5;12,7;11,7;95;94;94;52;1,6;,3;
2025/09/14;1200 UTC;0;903,6;903,6;903,4;914,1;15;11,4;15,3;13,7;12,8;11,3;94;79;79;18;4,5;2;
2025/09/14;1300 UTC;0;903,9;903,9;903,6;939,6;16,9;12,7;16,9;14,8;12,7;11,1;80;73;77;54;5,4;1,6;
2025/09/14;1400 UTC;0;903,4;903,9;903,4;1913,7;17,7;11,9;17,7;16;12,7;10,7;77;68;69;47;6;2,5;
2025/09/14;1500 UTC;0;902,8;903,4;902,7;1739,3;17,3;10,9;19,1;16,5;12,9;10,9;72;63;66;48;5,6;2,6;
2025/09/14;1600 UTC;0;901,9;902,8;901,9;1939,9;17,8;11,5;18,2;16,9;11,9;10,9;70;64;67;43;7,5;2,2;
2025/09/14;1700 UTC;0;901;901,9;901;1687,6;17,6;11,4;18,9;17,4;12;10,8;68;62;67;37;5,6;1,9;
2025/09/14;1800 UTC;0;901;901;900,9;1428,6;18,1;11,6;19,2;17,4;12,4;11,1;68;62;66;24;5;2,2;
2025/09/14;1900 UTC;0;901,2;901,2;901;854;17,3;11,4;18,2;17,3;11,9;11,2;69;65;68;44;5,1;1,4;
2025/09/14;2000 UTC;0;901,1;901,2;901,1;323;16,4;11,4;17,3;16,4;11,7;11,4;73;68;73;26;4,2;1;
2025/09/14;2100 UTC;0;901,5;901,5;901,1;64,2;15,1;11,9;16,4;15,1;11,9;11,3;81;73;81;219;3,3;,7;
2025/09/14;2200 UTC;0;902,1;902,1;901,5;;13,6;11,6;15,1;13,3;12;11,2;88;81;88;280;2;,6;
2025/09/14;2300 UTC;0;902,2;902,3;902,1;;12,4;10,8;13,7;12,4;11,9;10,7;90;87;90;130;1,7;,3;
2025/09/15;0000 UTC;0;902,4;902,4;902,2;;12,4;11,5;12,6;11;11,5;9,6;95;90;95;263;2,3;1,5;
2025/09/15;0100 UTC;0;902,4;902,5;902,4;;10,4;9,6;12,5;10,4;11,7;9,5;95;93;94;353;2,3;,4;
2025/09/15;0200 UTC;0;902,4;902,5;902,4;;9,9;9,1;10,4;9,9;9,6;9,1;95;94;95;284;1,3;,8;
2025/09/15;0300 UTC;0;902,4;902,5;902,3;;9,7;8,9;10,2;9,5;9,4;8,8;95;95;95;265;1,3;,5;
2025/09/15;0400 UTC;0;901,9;902,4;901,9;;10,3;9,6;10,3;9;9,6;8,2;95;95;95;254;1,2;,5;
2025/09/15;0500 UTC;,2;901,7;901,9;901,7;,1;11,2;10,5;11,2;10,3;10,5;9,6;95;95;95;106;1;,4;
2025/09/15;0600 UTC;0;901,4;901,7;901,4;;11,7;11;11,7;11,2;11;10,5;95;95;95;277;1;,4;
2025/09/15;0700 UTC;0;901,2;901,4;901,2;;10,8;10,1;11,7;10,8;11;10,1;95;95;95;287;1,1;,3;
2025/09/15;0800 UTC;0;901,4;901,4;901,2;;11,6;10,9;12,1;10,5;11,4;9,8;95;95;95;28;2,4;,8;
2025/09/15;0900 UTC;0;901,9;901,9;901,4;6,6;11;10,3;12,3;11;11,5;10,3;95;95;95;234;2,1;,5;
2025/09/15;1000 UTC;0;902,4;902,4;901,9;241,4;12,6;11,9;12,6;11;11,9;10,3;95;95;95;215;1,4;,5;
2025/09/15;1100 UTC;0;902,5;902,6;902,4;1077,2;16,3;12,5;16,4;12,6;15,1;12;95;78;78;95;3,9;2,2;
2025/09/15;1200 UTC;0;902,6;902,7;902,5;1091;17,2;11,9;17,8;15,8;12,9;11,4;79;70;71;82;4,6;2,5;
2025/09/15;1300 UTC;0;902,3;902,6;902,3;2747,2;19;12,4;19,6;17,2;13,1;11,6;71;63;65;50;6,4;3,3;
2025/09/15;1400 UTC;0;901,8;902,3;901,8;2865,6;19,9;11;21,6;18,9;12,7;10,4;65;54;56;84;6,8;3,6;
2025/09/15;1500 UTC;0;901,1;901,9;901,1;3600,6;22,8;9,4;23,8;19,9;11,6;8,7;57;39;43;46;6,3;2,6;
2025/09/15;1600 UTC;0;900;901,1;900;3630,2;22,8;10,1;23,9;21,8;11,2;7,4;47;39;45;65;5,6;2,6;
2025/09/15;1700 UTC;0;899,6;900;899,6;3179,3;20,8;13;24,1;20,4;14,5;7,2;64;35;61;239;7,3;3,2;
2025/09/15;1800 UTC;0;899,3;899,6;899,3;2395,3;20,6;13,5;21,4;20;14,1;12,9;66;61;64;229;6,8;3,2;
2025/09/15;1900 UTC;0;899,4;899,5;899,2;1646,8;19,9;14,2;21,1;19,7;14,4;13,4;71;63;70;221;6,4;1,8;
2025/09/15;2000 UTC;0;899,6;899,6;899,4;428,2;18,9;11,7;21,2;18,9;14;10,7;70;53;63;7;4;,7;
2025/09/15;2100 UTC;0;899,9;899,9;899,6;53,6;15,8;11,7;19;15,8;12,5;11,6;77;62;77;352;2,8;1,2;
2025/09/15;2200 UTC;0;900,2;900,2;899,9;;13,7;11;15,8;13,7;11,8;10,9;83;76;83;336;2,8;,8;
2025/09/15;2300 UTC;0;900,6;900,7;900,2;;12,7;10,8;13,7;12,6;11,4;10,6;88;83;88;310;1,4;,4;
2025/09/16;0000 UTC;0;901,1;901,1;900,6;;12,4;10,7;13,2;11,9;11,6;10;90;87;89;17;2,2;1,3;
2025/09/16;0100 UTC;0;901,3;901,4;901,1;;13;10,8;13,3;12;11,4;10,1;90;86;87;354;3,5;1,7;
2025/09/16;0200 UTC;0;901,4;901,4;901,2;;12,6;10,8;13,5;11,8;11,3;9,6;89;84;89;25;3;1,3;
2025/09/16;0300 UTC;0;900,8;901,4;900,8;;11,6;9,6;12,6;11,2;10,5;9,5;90;87;88;346;4;1,7;
2025/09/16;0400 UTC;0;900,2;900,8;900,2;;11,6;9,5;13;11,5;11,2;9,3;89;85;87;16;4;1,3;
2025/09/16;0500 UTC;0;899,7;900,2;899,7;;13;12,1;13;11;12,1;9,1;94;87;94;64;3;1,2;
2025/09/16;0600 UTC;0;899,4;899,7;899,4;,9;14,5;12,2;14,6;13;13,3;12,2;94;86;86;33;5,5;1,3;
2025/09/16;0700 UTC;0;899,3;899,4;899,2;;13,4;10,7;14,7;13,4;12,2;10,7;86;82;84;33;4,8;1,6;
2025/09/16;0800 UTC;0;899,2;899,3;899,1;;11,6;9,6;13,6;11,6;10,9;9,5;88;84;87;36;3,7;1,5;
2025/09/16;0900 UTC;,2;899,7;899,7;899,2;3,8;10,9;8,9;12;10,5;10;8,5;90;85;87;16;3,1;1,7;
2025/09/16;1000 UTC;0;900,2;900,2;899,7;388;14,6;12;14,6;10,6;12;8,7;90;84;84;78;4,1;2,3;
2025/09/16;1100 UTC;0;900,6;900,6;900,2;423,9;15,1;12,9;15,1;14,4;12,9;11,6;87;82;86;59;6,6;2,7;
2025/09/16;1200 UTC;0;901;901,1;900,6;1006;16;13,3;16,1;15,1;13,9;13;88;83;84;78;6,2;3,1;
2025/09/16;1300 UTC;0;900,4;901,1;900,4;2444,7;18,6;13,1;18,7;16;14,1;13;84;70;71;81;8,1;4,3;
2025/09/16;1400 UTC;0;899,9;900,4;899,9;2545,5;18,5;12,2;20;18,5;14;12,2;71;65;67;56;8,6;3,2;
2025/09/16;1500 UTC;0;899,1;900;899,1;2220,1;19,8;12,8;19,9;18;13,2;12;69;64;64;66;8,1;3,7;
2025/09/16;1600 UTC;0;898,1;899,1;898,1;3388,4;21,2;12,4;21,6;19;13,5;12,1;66;56;57;50;9,1;3,5;
2025/09/16;1700 UTC;0;897,2;898,1;897,2;3034;21,8;11,6;22,3;20,9;12,9;11,2;58;51;52;81;8,4;4,2;
2025/09/16;1800 UTC;0;896,8;897,3;896,7;2437,7;22;12;22,8;21,8;12,7;11,4;55;50;53;74;8,3;3,9;
2025/09/16;1900 UTC;0;896,9;896,9;896,6;1157,9;21,6;12;22,5;21,4;12,3;11,1;55;50;54;82;8,3;2,8;
2025/09/16;2000 UTC;0;897;897;896,9;296,4;19,9;12,8;21,6;19,9;12,8;11,2;64;53;64;291;5,1;,5;
2025/09/16;2100 UTC;0;897,6;897,6;897;13,9;18,6;14,1;19,9;18,6;14,1;12,7;75;63;75;225;5,9;2,7;
2025/09/16;2200 UTC;1,4;898,6;898,6;897,6;;16,5;14,6;18,6;16,5;14,6;14,2;89;76;89;217;6,6;3;
2025/09/16;2300 UTC;4,4;899,5;899,5;898,6;;16;14,5;16,5;16;14,6;14,4;91;89;91;207;6,4;2,1;
2025/09/17;0000 UTC;3;899,6;899,8;899,4;;15,7;14,6;16;15,7;14,6;14,4;93;91;93;86;3,5;,5;
2025/09/17;0100 UTC;4;899,5;899,9;899,5;;15,6;14,8;15,8;15,6;14,8;14,6;95;93;95;243;2;,9;
2025/09/17;0200 UTC;2;899,4;899,6;899,2;;15,2;14,3;15,6;15,1;14,7;14,2;95;94;94;6;2,9;,7;
2025/09/17;0300 UTC;1;899;899,5;898,9;;15,2;14,3;15,4;15,1;14,5;14,2;95;94;94;20;2,9;1,1;
2025/09/17;0400 UTC;0;898;899;898;;15;13,1;15,6;15;14,5;13,1;94;88;88;21;4,9;1,5;
2025/09/17;0500 UTC;,2;897,4;898;897,4;;14,6;13,2;15,4;14,5;14,2;13;93;88;91;353;3,6;1,3;
2025/09/17;0600 UTC;0;896,7;897,4;896,7;;13,9;12,3;15,1;13,9;13,8;12,1;93;88;90;24;3,3;2,1;
2025/09/17;0700 UTC;0;896,6;896,9;896,6;;13,6;12,3;14,8;13,5;13,1;12,1;92;88;92;324;3,4;,8;
2025/09/17;0800 UTC;0;896,8;896,8;896,6;;13,2;12,3;13,6;13,1;12,6;12,2;95;92;94;342;1,8;,9;
2025/09/17;0900 UTC;0;897,6;897,6;896,8;2,9;14,2;12;14,3;12,9;13,2;11,8;95;87;87;128;4,6;1,2;
2025/09/17;1000 UTC;0;898,2;898,2;897,6;350,1;15,9;14,2;15,9;13,6;14,2;11,5;93;86;89;87;4,6;,7;
2025/09/17;1100 UTC;0;898,9;898,9;898,2;1211,1;18,3;14;18,4;15,9;14,8;13,2;89;74;76;88;5,9;2,7;
2025/09/17;1200 UTC;0;899,2;899,3;898,9;993;19,3;13,3;19,3;18;14,2;12,9;77;68;68;60;6,5;2,9;
2025/09/17;1300 UTC;0;899,2;899,3;899,1;3072,7;19,8;13;21;18,9;14,9;13;74;63;65;69;6,5;3,1;
2025/09/17;1400 UTC;0;899,5;899,5;899,2;1831;15,8;14,8;20;15,8;15,5;13,1;94;65;94;217;7,2;3,4;
2025/09/17;1500 UTC;,2;899;899,5;898,9;2399,2;16,3;14,9;16,8;15,6;15,8;14,1;94;90;91;214;6,3;3,7;
2025/09/17;1600 UTC;0;898,1;899;898,1;2947;16,9;14,2;17,5;15,9;15,2;13,4;91;81;84;222;7,2;3,7;
2025/09/17;1700 UTC;0;897,3;898,1;897,3;2623,1;17,9;13,9;18;16,4;14,8;13,7;85;78;78;222;7,5;4,5;
2025/09/17;1800 UTC;0;896,9;897,3;896,9;2488,5;18;13,5;19,1;17,8;14,5;13,4;78;72;75;221;7,5;4,6;
2025/09/17;1900 UTC;0;897,7;897,7;896,9;1794,3;17,3;13,6;18,7;17,2;14;13,3;80;73;79;223;8,4;4,8;
2025/09/17;2000 UTC;0;898;898,1;897,7;961,8;16,8;13,8;17,5;16,8;14;13,4;82;79;82;206;8,3;3,8;
2025/09/17;2100 UTC;0;898,5;898,6;897,9;64,9;15,2;13,3;16,8;15,2;13,8;13,2;89;82;89;209;8,9;4,5;
2025/09/17;2200 UTC;0;899,1;899,1;898,5;;15;13,8;15,2;14,9;13,9;13,3;94;89;92;213;8,8;4,3;
2025/09/17;2300 UTC;0;899,7;899,7;899,1;;15,1;13,1;15,3;15;13,8;13,1;92;87;88;203;8,3;3,9;
2025/09/18;0000 UTC;0;900,3;900,3;899,7;;15,1;12,2;15,3;14,9;13,1;12,2;88;83;83;210;7,4;2,8;
2025/09/18;0100 UTC;0;900,6;900,6;900,3;;15,4;11,5;15,4;14,9;12,2;11,1;83;77;78;197;8,1;2,5;
2025/09/18;0200 UTC;0;900,7;900,8;900,5;;14,6;12,2;15,6;14,6;12,2;11,2;85;75;85;151;8,5;1,8;
2025/09/18;0300 UTC;0;900,2;900,8;900,2;;14,5;11,7;14,9;14,5;12,6;11,7;87;82;83;205;7,9;3,1;
2025/09/18;0400 UTC;0;899,6;900,2;899,6;;14,3;11,2;14,6;14,2;11,8;11,2;85;81;82;206;7,6;3;
2025/09/18;0500 UTC;0;899,3;899,6;899,3;;14;11,2;14,4;13,9;11,3;11;84;80;83;205;6,9;3,4;
2025/09/18;0600 UTC;0;898,8;899,4;898,8;;13;10,8;14,1;13;11,2;10,8;87;82;87;252;5,8;1,1;
2025/09/18;0700 UTC;0;898,9;898,9;898,6;;10,7;8,7;13;10,7;10,6;8,7;90;85;87;319;3,4;1;
2025/09/18;0800 UTC;0;899,5;899,5;898,9;;10,8;9;11,2;10,2;9,6;8,2;90;87;89;311;3,5;1,1;
2025/09/18;0900 UTC;0;900,2;900,2;899,4;9,2;10,9;8,7;11,2;10,7;9,4;8,7;89;86;86;314;3,9;2,2;
2025/09/18;1000 UTC;0;900,8;900,8;900,1;478,6;13,4;10,5;13,5;10,8;10,9;8,5;88;82;82;142;3,9;,5;
2025/09/18;1100 UTC;0;901,2;901,3;900,8;1394,5;15,7;10,8;15,7;13,4;11;10,1;82;72;73;71;3,1;1,5;
2025/09/18;1200 UTC;0;901,5;901,5;901,2;2274,1;18,1;10,7;18,7;15,7;11,6;9,7;74;60;62;60;6,7;3,3;
2025/09/18;1300 UTC;0;901,5;901,6;901,5;2748,5;19,6;11,1;20;17,9;12,2;10,3;65;56;58;65;6,4;2,6;
2025/09/18;1400 UTC;0;901,4;901,5;901,4;1928,1;19,8;11,7;20,8;18,9;12,5;9,9;61;52;60;69;7,3;4;
2025/09/18;1500 UTC;0;900,7;901,4;900,7;3245;20,9;11,1;22;19,7;12,6;10,9;60;52;54;92;8,4;4,1;
2025/09/18;1600 UTC;0;900,2;900,8;900,2;3351,6;21,6;11,3;21,8;20,6;12,4;10,9;57;51;52;87;7,3;2,5;
2025/09/18;1700 UTC;0;899,6;900,2;899,6;2551,1;19,8;13;22,4;19,4;13,9;10,4;67;49;65;219;6,3;3,4;
2025/09/18;1800 UTC;0;899,1;899,6;899,1;1564;19;13,3;19,9;18,9;14,2;12,9;71;65;70;239;6,3;2,8;
2025/09/18;1900 UTC;0;899,5;899,5;899,1;559,5;18,4;13,7;19,1;18,4;14,1;13,3;74;70;74;245;5,4;2,3;
2025/09/18;2000 UTC;0;899,7;899,7;899,4;242,6;18,1;14;18,4;18;14;13,6;77;74;77;221;4,6;,5;
2025/09/18;2100 UTC;0;900,2;900,2;899,7;25;17,7;13,4;18,1;17,6;14,1;13,4;79;75;76;67;3,7;1,7;
2025/09/18;2200 UTC;0;900,9;900,9;900,2;;16,2;13,6;17,7;15,8;13,8;13;86;76;85;9;3;1,6;
2025/09/18;2300 UTC;0;901,3;901,3;900,9;;15,2;12,9;16,3;15,2;13,6;12,8;87;83;87;349;3,2;1,4;
2025/09/19;0000 UTC;0;901,6;901,6;901,3;;14,1;12,1;15,3;14,1;13,2;12,1;89;86;88;5;3,3;1;
2025/09/19;0100 UTC;0;901,8;901,9;901,6;;16,5;12,6;16,8;14;13,2;12,2;89;78;78;14;5;2,4;
2025/09/19;0200 UTC;0;901,7;901,8;901,6;;15,7;11,3;17;15,7;12,5;11,3;78;74;75;338;5,6;2,1;
2025/09/19;0300 UTC;0;901,3;901,7;901,3;;14,2;11,3;15,9;13,9;11,9;10,9;83;75;83;39;4,2;1,1;
2025/09/19;0400 UTC;0;901,1;901,3;901;;12,6;10,6;14,2;12,6;11,4;10,5;89;83;88;89;3,1;,8;
2025/09/19;0500 UTC;0;900,8;901,1;900,8;;11,9;10,2;12,7;11,8;10,9;10,2;91;88;90;79;2,4;,6;
2025/09/19;0600 UTC;0;900,5;900,8;900,5;;11,2;10,2;11,9;11,1;10,5;9,8;94;90;94;89;2,1;,7;
2025/09/19;0700 UTC;0;900,6;900,6;900,5;;13,9;11,2;14,3;11,2;12,7;10,3;95;83;83;4;5,2;2,6;
2025/09/19;0800 UTC;0;900,8;900,9;900,6;;11,7;10;14,1;11,7;11,4;9,9;89;83;89;29;4,6;1,1;
2025/09/19;0900 UTC;0;901,3;901,3;900,8;13,5;11,5;10,3;12,1;11,3;10,8;9,8;93;89;92;63;3;,5;
2025/09/19;1000 UTC;0;902,1;902,1;901,3;429;15,8;13,3;15,8;11,5;13,3;10,4;94;85;85;55;4;1,2;
2025/09/19;1100 UTC;0;902,8;902,8;902,1;1009,7;16,9;12,9;17,3;15,8;14;12,5;85;77;77;31;5,7;2,5;
2025/09/19;1200 UTC;0;902,9;903;902,8;2044,8;18,9;13,4;18,9;16,9;13,8;12,4;79;69;70;54;6,3;2,9;
2025/09/19;1300 UTC;0;902,7;903,1;902,7;2201,6;19,7;13;20;18;13,6;12,3;72;64;65;32;7,6;2,5;
2025/09/19;1400 UTC;0;902,3;902,7;902,2;3390;21,3;13,7;22,1;18,9;13,8;12,1;68;55;62;52;8,2;3;
2025/09/19;1500 UTC;0;901,5;902,3;901,5;3431,5;21,4;12,5;22,5;20,6;14;12,3;64;55;57;88;8,1;3,9;
2025/09/19;1600 UTC;0;900,7;901,5;900,7;3321,9;23,4;12,8;23,5;21,2;13,4;12;59;49;51;59;7,8;2,8;
2025/09/19;1700 UTC;0;899,8;900,7;899,8;2896,7;22,8;11,8;23,7;22;13,7;11,4;55;47;50;74;8;3,9;
2025/09/19;1800 UTC;0;899,4;899,8;899,4;2399,2;23,7;12,6;24,1;22,6;12,7;10,8;52;45;50;77;7,4;2,7;
2025/09/19;1900 UTC;0;899,6;899,7;899,4;1506,3;22;11,3;23,8;21,9;12,8;10,7;52;47;51;22;7,6;3;
2025/09/19;2000 UTC;0;899,7;899,7;899,5;556,2;20,9;11,7;22;20,9;12,1;11,1;56;50;56;26;7,6;2,3;
2025/09/19;2100 UTC;0;900;900;899,7;66,7;18,5;13,1;20,9;18,5;13,1;11,8;71;56;71;33;4,7;,7;
2025/09/19;2200 UTC;0;900,3;900,3;899,9;;17,1;12,9;19,3;17,1;13,3;12,8;77;67;77;36;3,9;1;
2025/09/19;2300 UTC;0;900,7;900,7;900,3;;16,4;13,3;17,4;15,8;13,6;12,7;84;76;82;31;2,4;1,3;
2025/09/20;0000 UTC;0;901,1;901,1;900,6;;15,2;12,9;16,5;15,2;13,5;12,8;86;82;86;25;2,6;1,2;
2025/09/20;0100 UTC;0;900,9;901,1;900,9;;15,4;13,3;15,8;14,8;13,6;12,6;88;86;87;14;2,9;1,5;
2025/09/20;0200 UTC;0;900,7;900,9;900,7;;16,1;14,4;16,4;14,6;14,4;12,6;91;84;90;39;3,7;1,8;
2025/09/20;0300 UTC;0;900,5;900,7;900,5;;14,1;12,4;16,2;14,1;14,3;12,4;91;86;89;356;3,7;1,2;
2025/09/20;0400 UTC;0;900,1;900,5;900,1;;15,7;14,5;15,7;14,1;14,5;12,7;94;89;93;48;3,1;,9;
2025/09/20;0500 UTC;0;899,7;900,1;899,7;;15,6;13,9;16,3;15,2;15;13,4;93;89;89;46;4;1,2;
2025/09/20;0600 UTC;0;899,5;899,8;899,4;;16,5;14,6;16,7;15,5;14,9;13,8;91;88;89;11;4,3;2,4;
2025/09/20;0700 UTC;0;899,5;899,6;899,3;;16,8;14,6;16,9;16;14,9;14,1;89;86;86;9;4,3;1,6;
2025/09/20;0800 UTC;0;900,2;900,2;899,5;;17,8;14,2;17,8;16,7;14,6;13,9;86;80;80;98;7,3;3,9;
2025/09/20;0900 UTC;0;900,5;900,5;900,2;9;17,6;14,2;17,8;17,5;14,2;14,1;81;79;81;83;7,3;3,7;
2025/09/20;1000 UTC;0;900,8;900,8;900,4;253,7;17,5;14,1;17,6;17,4;14,2;14,1;81;80;80;83;8,1;4,2;
2025/09/20;1100 UTC;0;901,2;901,2;900,8;878,8;17,9;14,1;18,3;17,5;14,3;14;80;77;79;74;9,4;3,6;
2025/09/20;1200 UTC;0;901,1;901,2;901;574,9;18,6;14,3;18,6;17,8;14,5;14,1;79;76;76;82;8,1;3,7;
2025/09/20;1300 UTC;0;900,5;901,1;900,5;1197,1;21,2;14,8;21,2;18,5;15,4;14,1;77;67;67;70;7,7;3,6;
2025/09/20;1400 UTC;0;899,7;900,5;899,7;3265,5;22,9;13,6;23,3;20,9;15,2;13,6;67;56;56;75;8,5;4;
2025/09/20;1500 UTC;0;898,8;899,7;898,8;3520,6;24,1;14,3;24,4;22,3;14,8;13,3;60;52;54;66;8,8;4,3;
2025/09/20;1600 UTC;0;898;898,8;898;3453,2;24,8;13,7;25,4;23,9;14,5;13,1;54;48;50;83;9;4;
2025/09/20;1700 UTC;0;897,1;898;897,1;2695,6;24,6;13,7;26,1;24,4;15;13,3;52;48;51;89;7,8;2,9;
2025/09/20;1800 UTC;0;896,8;897,2;896,8;1626,6;25,5;13,7;25,9;24,3;14,2;12,8;51;46;48;73;6,6;2,6;
2025/09/20;1900 UTC;0;896,6;896,8;896,6;1579;24,9;13,6;25,6;24,7;14,1;12,8;51;46;50;72;7,3;2,5;
2025/09/20;2000 UTC;0;896,8;896,8;896,5;701,2;22,8;13,9;24,9;22,8;14;13,3;57;49;57;42;4,9;,7;
2025/09/20;2100 UTC;0;897,1;897,1;896,8;53,9;18,9;14,9;22,8;18,9;15,2;13,8;78;57;78;337;2,6;,9;
2025/09/20;2200 UTC;0;897,7;897,7;897,1;;17,9;14,6;18,9;17,5;15;14,1;82;78;81;42;3,1;1;
2025/09/20;2300 UTC;0;898,2;898,2;897,7;;16,4;14;18,3;16,3;14,9;13,8;86;79;85;332;3,2;1,5;
2025/09/21;0000 UTC;0;899;899;898,2;;16,3;14,3;16,8;15,9;14,4;13,6;88;85;88;55;3,2;,5;
2025/09/21;0100 UTC;0;899,1;899,3;899;;15,9;14;16,4;15,6;14,3;13,6;89;87;89;17;2,1;,6;
2025/09/21;0200 UTC;0;899,1;899,3;899;;16,3;14,6;16,3;15,7;14,6;13,9;90;89;90;33;2,2;1,1;
2025/09/21;0300 UTC;0;898,5;899,1;898,5;;16,7;14,2;17,2;16,1;14,9;13,8;90;84;85;44;3,1;1,2;
2025/09/21;0400 UTC;0;898;898,5;898;;16,3;14;17,9;16,1;15,1;13,6;87;81;86;8;3,1;1,7;
2025/09/21;0500 UTC;0;897,1;898;897,1;;18,3;14,6;18,4;16,2;15,5;14;88;79;79;25;3,6;1,5;
2025/09/21;0600 UTC;0;896,7;897,1;896,7;;19,1;14;19,1;17,3;14,9;14;83;73;73;91;4,1;2,2;
2025/09/21;0700 UTC;0;896,7;896,8;896,5;;19,1;13,8;19,4;18,4;14;13,7;74;70;72;80;5,8;2,9;
2025/09/21;0800 UTC;0;896,8;896,9;896,7;;19;13,6;19,2;18,4;13,8;13,4;73;70;71;83;7;2,9;
2025/09/21;0900 UTC;0;897,2;897,3;896,8;16,2;19;13,6;19,3;18,9;13,6;13,5;71;69;71;90;7;3;
2025/09/21;1000 UTC;0;897,3;897,3;897,2;199,3;19,4;14,2;19,4;18,8;14,2;13,6;73;71;72;106;8,3;4,2;
2025/09/21;1100 UTC;0;897,4;897,5;897,3;1310;21;14,3;21,1;19,4;14,5;14;72;64;65;86;8,9;4,8;
2025/09/21;1200 UTC;0;896,9;897,5;896,9;2178;22,4;14,3;22,6;21;15;14;66;59;60;88;9,5;5,3;
2025/09/21;1300 UTC;0;896,2;897;896,2;2826,6;25,3;14,5;25,3;22,4;15;13,4;61;50;51;80;10,1;4,6;
2025/09/21;1400 UTC;0;895,9;896,3;895,8;3281,1;25,6;13,8;25,9;24,6;14,1;12,8;51;46;48;83;9,8;4,8;
2025/09/21;1500 UTC;0;895;895,9;895;3408;26,7;13,5;26,7;25,4;14,1;12,7;48;43;44;80;10,6;4,5;
2025/09/21;1600 UTC;0;894,5;895;894,5;3345,4;26,9;14,2;27,3;26,1;14,3;12,4;46;40;46;76;10,4;3,9;
2025/09/21;1700 UTC;0;893,8;894,5;893,7;2772;27,1;13,7;28;26,3;15,3;13;47;42;44;67;9,1;3,4;
2025/09/21;1800 UTC;0;893,3;893,8;893,2;2308,8;26,9;13,7;27,1;26,4;14,5;13,3;47;43;44;71;9;3,6;
2025/09/21;1900 UTC;0;893,4;893,5;893,2;1675,6;26,9;14,3;27,2;26,4;14,8;13,6;48;43;46;66;7,8;2,2;
2025/09/21;2000 UTC;0;893,8;893,8;893,4;587;24,7;15;26,9;24,7;15,1;14;55;46;55;74;6;2,3;
2025/09/21;2100 UTC;0;894,1;894,1;893,8;58,5;22,6;15,2;24,7;22,6;15,3;15;63;55;63;28;4,4;1,9;
2025/09/21;2200 UTC;0;894,7;894,7;894,1;;21,4;15,1;22,6;20,9;15,3;15;70;63;68;34;3,7;1,5;
2025/09/21;2300 UTC;0;895,3;895,3;894,7;;20;14,9;21,7;19,8;15,1;14,7;73;66;73;62;4,2;1,2;
2025/09/22;0000 UTC;0;895,9;895,9;895,3;;19;14,8;20;18,2;15,4;14,3;80;73;77;29;3,5;2,1;
2025/09/22;0100 UTC;0;896,3;896,4;895,9;;19,2;14,8;19,9;18,2;15,2;14,3;80;74;76;39;4;2;
2025/09/22;0200 UTC;0;896;896,3;896;;18,1;14,7;19,1;18,1;14,9;14,3;80;76;80;31;3,5;1,6;
2025/09/22;0300 UTC;0;895,7;896;895,7;;17,6;14,5;18,2;17,4;15,2;14,4;84;80;82;23;2,9;1,5;
2025/09/22;0400 UTC;0;895,2;895,7;895,2;;17,9;14,5;19;17,4;15,3;14,1;83;76;81;44;4;1,8;
2025/09/22;0500 UTC;0;894,6;895,2;894,6;;18,2;14;19,5;17,8;14,8;13,8;81;72;77;33;5;1,9;
2025/09/22;0600 UTC;0;894,5;894,7;894,5;;18,1;13,9;19,4;17,4;14,3;13,4;80;71;76;21;4;1,9;
2025/09/22;0700 UTC;0;894,1;894,5;894;;19;13,5;19,1;17,2;14,1;13,5;80;71;71;80;5,7;2,7;
2025/09/22;0800 UTC;0;894,3;894,3;894;;19,3;13,5;20,7;19;13,7;13,2;71;62;69;74;9,7;3;
2025/09/22;0900 UTC;0;894,7;894,7;894,3;11,4;19;13,8;19,3;18,6;13,8;13,4;73;69;72;63;6,5;2,6;
2025/09/22;1000 UTC;0;895,2;895,2;894,7;281,9;19,6;14,4;19,6;18,7;14,4;13,7;74;71;72;66;5,1;2,2;
2025/09/22;1100 UTC;0;895,1;895,3;895,1;1123,9;21,6;14,5;21,7;19,6;14,7;14,1;72;64;64;79;8,6;4,5;
2025/09/22;1200 UTC;0;894,4;895,3;894,3;1891,7;22,8;14,6;23,1;21,6;15;14;65;58;60;67;11,6;4,6;
2025/09/22;1300 UTC;0;894,1;894,4;893,8;2183;24,6;13,8;24,7;22,8;15,1;13,1;61;49;51;65;10,5;4,2;
2025/09/22;1400 UTC;0;893,5;894,1;893,5;2531,6;26;14,1;26;24,6;14,7;13,3;52;48;48;79;9,8;4,9;
2025/09/22;1500 UTC;0;892,7;893,5;892,7;3239,7;27,4;14,3;27,4;25,3;14,9;12,8;48;43;45;67;11,4;4,6;
2025/09/22;1600 UTC;0;892,3;892,8;892,3;3064,7;27,5;13,7;27,9;26,6;14,5;12,8;46;41;43;60;11;5,2;
2025/09/22;1700 UTC;0;891,4;892,3;891,4;3189,2;27,9;13,7;28,5;27,3;14,8;12,7;44;39;42;53;12,6;4,2;
2025/09/22;1800 UTC;0;891,5;891,6;891,2;1887,6;27,4;13,6;29,1;27,3;14,5;12,9;43;38;43;80;10,2;3,7;
2025/09/22;1900 UTC;0;892,4;892,4;891,4;454,2;26,3;13,6;27,6;26,3;14,2;13,2;46;42;45;52;7,3;2,7;
2025/09/22;2000 UTC;0;893,7;893,7;892,3;125;22,7;16;26,4;22,7;16,3;13,6;66;45;66;208;9,9;3,4;
2025/09/22;2100 UTC;9,4;895,2;895,3;893,7;6,7;18,2;16,6;22,7;17,9;16,6;15,7;91;66;91;232;15,6;4,2;
2025/09/22;2200 UTC;0;894,8;895,7;894,7;;21,3;14,2;21,3;18,2;17,5;14,2;91;64;64;;;;
2025/09/22;2300 UTC;,2;896,9;897;894,7;;21,9;14,3;22,3;21,3;14,3;13,5;64;58;62;352;16,7;4,8;
2025/09/23;0000 UTC;0;897,2;897,4;896,9;;21,2;14,3;21,9;21;14,5;14,1;66;62;65;322;15;4,1;
2025/09/23;0100 UTC;0;896,8;897,4;896,8;;21,2;14,1;21,9;21;14,4;14;66;61;64;249;17,4;1,8;
2025/09/23;0200 UTC;0;896,7;896,8;896,3;;22,2;13,2;22,4;20,8;14,2;13,1;66;56;57;3;10;2,8;
2025/09/23;0300 UTC;,2;897,1;897,1;896,5;;18;15,4;22,2;18;15,4;13,3;85;57;85;358;7,7;1,1;
2025/09/23;0400 UTC;1;897,7;897,7;897,1;;18;16,1;18,1;17,5;16,1;15,5;90;85;89;113;3,9;1,4;
2025/09/23;0500 UTC;,2;897,7;897,8;897,5;;17,7;15,9;18;17,6;16,1;15,7;90;88;90;211;3,9;1,2;
2025/09/23;0600 UTC;0;897,9;897,9;897,5;;17,7;16,3;17,8;17,4;16,3;15,8;92;89;91;236;3,9;1,8;
2025/09/23;0700 UTC;3,2;898;898;897,6;;17,1;15,1;17,7;17,1;16,5;15,1;94;87;88;225;8,9;4,4;
2025/09/23;0800 UTC;1,8;898,7;898,7;898;;16,6;14,3;17,2;16,4;15,2;14,2;89;86;87;247;;3,2;
2025/09/23;0900 UTC;0;899,2;899,2;898,7;7,2;16;14,3;16,6;15,9;14,3;14,1;90;87;90;223;7,7;2,3;
2025/09/23;1000 UTC;,2;900;900;899,2;280,9;16;14,1;16,3;16;14,5;14;90;87;88;214;8;4,1;
2025/09/23;1100 UTC;,2;900,9;900,9;900;912,6;16;13,9;16,2;15,9;14,2;13,7;88;87;87;215;9,6;4,9;
2025/09/23;1200 UTC;0;901,4;901,4;900,8;1348;15,8;13,4;16,2;15,8;14,1;13,4;88;85;85;218;8,9;4,7;
2025/09/23;1300 UTC;0;901,9;901,9;901,4;1639,7;15,9;13,4;16,5;15,8;14,1;13,3;87;84;85;226;8,9;4,4;
2025/09/23;1400 UTC;0;902,2;902,3;901,9;1088,8;15,3;13;15,9;15,2;13,2;12,8;87;84;86;220;8,6;4,6;
2025/09/23;1500 UTC;0;902;902,2;902;2205,4;15,6;12,9;16,5;15,3;13,5;12,6;86;79;84;226;8,6;4,4;
2025/09/23;1600 UTC;0;902,2;902,3;902;1505,7;15,2;12,4;15,6;15;12,9;12,2;85;82;83;225;8,7;3,8;
2025/09/23;1700 UTC;0;902,1;902,2;902;1175,2;15;12,6;15,7;14,8;12,8;12,3;86;82;86;221;7,2;3,7;
2025/09/23;1800 UTC;0;902,3;902,3;902;717,1;14,5;12;15;14,4;12,5;11,9;86;84;85;228;7,9;4;
2025/09/23;1900 UTC;0;902,7;902,7;902,3;839,7;14,4;12;15,4;14,4;12,5;11,9;87;82;86;236;7,3;3,2;
2025/09/23;2000 UTC;0;903,2;903,2;902,7;464,7;13,7;11,7;14,4;13,5;12;11,6;88;84;87;234;8,2;3,6;
2025/09/23;2100 UTC;0;903,8;903,8;903,2;63,4;13,2;11,5;13,7;13,2;11,7;11,4;89;87;89;241;6,6;3;
2025/09/23;2200 UTC;0;903,7;904;903,7;;13,4;11,6;13,5;13,2;11,6;11,3;89;87;89;246;5,8;2,5;
2025/09/23;2300 UTC;0;904,4;904,5;903,7;;13,3;11,3;13,5;13,2;11,6;11,2;89;87;88;237;6,4;2,6;
2025/09/24;0000 UTC;0;905,1;905,1;904,4;;13;11,5;13,3;13;11,5;11,3;90;88;90;238;5,7;2,6;
2025/09/24;0100 UTC;0;905,5;905,6;905,1;;13,2;11,7;13,2;13;11,7;11,5;91;90;91;233;5,5;1,9;
2025/09/24;0200 UTC;0;905,6;905,7;905,4;;13,2;11,4;13,5;13,2;11,8;11,3;91;87;89;219;4,8;2,4;
2025/09/24;0300 UTC;0;905,3;905,7;905,3;;12,8;11,4;13,2;12,8;11,5;11,3;91;89;91;216;4,8;2,2;
2025/09/24;0400 UTC;0;904,7;905,4;904,7;;12,9;11,7;13;12,8;11,8;11,4;92;91;92;205;4;,5;
2025/09/24;0500 UTC;0;904,5;904,7;904,4;;12,9;11,9;12,9;12,6;11,9;11,4;94;92;94;229;2,5;,7;
2025/09/24;0600 UTC;0;904,2;904,5;904,2;;12,9;12;13;12,9;12,1;11,9;94;94;94;205;1,7;,6;
2025/09/24;0700 UTC;,2;904,2;904,3;904;;13,3;12,4;13,3;12,9;12,4;12;94;94;94;81;1,8;1,1;
2025/09/24;0800 UTC;0;904,6;904,6;904,1;,1;13,3;11,8;13,4;13,2;12,4;11,8;94;91;91;337;2,4;,5;
2025/09/24;0900 UTC;0;905,3;905,3;904,5;13,5;12,7;11,7;13,3;12,6;11,8;11,4;94;91;94;201;1,3;,4;
2025/09/24;1000 UTC;0;906,3;906,3;905,3;187,5;13,4;11,5;13,4;12,7;12,2;11,5;94;88;88;204;2,5;1,7;
2025/09/24;1100 UTC;0;907,2;907,2;906,3;532,7;15,1;12,4;15,1;13,4;12,4;11,4;88;84;84;148;3,3;,4;
2025/09/24;1200 UTC;0;907,5;907,5;907,2;945,7;16,5;11,8;16,5;15;12,4;10,8;84;72;74;25;3,3;1,4;
2025/09/24;1300 UTC;0;907,5;907,6;907,5;1593,8;18,3;13;18,5;16,5;13;11,2;75;67;71;49;3,5;1,1;
2025/09/24;1400 UTC;0;907,8;907,8;907,5;925,6;15,5;13,1;18,8;15,3;13,4;12,2;85;68;85;219;5,2;2,8;
2025/09/24;1500 UTC;0;907,2;907,8;907,1;1880,7;17,4;13,5;18,1;15,4;14,5;12,9;85;75;78;239;5;2,7;
2025/09/24;1600 UTC;0;906,9;907,2;906,8;885,7;14,8;12,6;17,4;14,8;13,5;12,5;87;77;87;234;7,1;3,5;
2025/09/24;1700 UTC;0;907,1;907,1;906,9;295,5;14,3;12,1;14,9;14,2;12,7;12;87;86;87;222;7,1;3,1;
2025/09/24;1800 UTC;0;906,8;907;906,7;288,9;14,8;12,3;14,8;14,2;12,4;11,9;87;85;85;214;5,8;2,5;
2025/09/24;1900 UTC;0;906,7;906,8;906,6;290,9;15,1;12,5;15,1;14,7;12,7;12,3;87;85;85;216;5,5;2;
2025/09/24;2000 UTC;0;906,9;906,9;906,7;185,9;14,7;12,6;15,2;14,7;12,7;12,4;87;84;87;250;5,6;2,7;
2025/09/24;2100 UTC;0;907,4;907,4;906,9;43,1;14,1;12,3;14,7;14,1;12,7;12,3;89;87;89;218;6,1;3,3;
2025/09/24;2200 UTC;0;907,5;907,6;907,4;;14;12,3;14,1;14;12,4;12,3;90;89;90;239;6,4;2,4;
2025/09/24;2300 UTC;0;907,7;907,8;907,5;;13,8;12,1;14,1;13,8;12,3;12,1;90;89;89;228;6,5;2,9;
2025/09/25;0000 UTC;0;908,3;908,3;907,7;;13,6;11,9;13,9;13,6;12,1;11,9;90;89;90;237;7,1;2,8;
2025/09/25;0100 UTC;,2;908,4;908,5;908,2;;13,5;11,9;13,7;13,5;12;11,8;90;89;90;241;6,9;2,9;
2025/09/25;0200 UTC;,4;908,5;908,5;908,2;;13,3;11,6;13,6;13,3;12;11,6;90;89;90;246;7,6;3,1;
2025/09/25;0300 UTC;0;908;908,5;908;;12,9;11;13,3;12,9;11,6;10,9;90;88;88;249;7,1;3,2;
2025/09/25;0400 UTC;,2;907,5;908;907,5;;11,9;10,1;12,9;11,9;11;10,1;90;88;89;235;8,3;4,6;
2025/09/25;0500 UTC;,2;907;907,5;907;;11,3;8,8;11,9;11,3;10;8,6;89;82;85;254;9,2;3;
2025/09/25;0600 UTC;0;906,3;907;906,3;;11,8;9,8;11,9;11,3;9,9;8,8;87;84;87;256;8,6;2,5;
2025/09/25;0700 UTC;0;906,1;906,3;906,1;;12,6;10;12,6;11,8;10,2;9,8;87;85;85;269;7;3,2;
2025/09/25;0800 UTC;0;906,1;906,1;905,9;;12,9;10,1;13,1;12,5;10,3;10;85;83;83;266;6,5;3;
2025/09/25;0900 UTC;0;906,5;906,5;906,1;12,7;12,2;10,2;13;12,2;10,3;10,1;87;83;87;243;5,8;3,3;
2025/09/25;1000 UTC;0;907;907;906,5;167,4;12,4;10,4;12,4;12,2;10,4;10,2;88;87;88;249;5,9;3,2;
2025/09/25;1100 UTC;0;907,6;907,6;907;377,5;12,8;10,3;13;12,2;10,6;10,3;88;84;84;254;6,5;2,9;
2025/09/25;1200 UTC;0;907,8;907,9;907,6;668,9;12,9;10,6;13;12,4;11;10,3;88;85;86;216;7,2;3,8;
2025/09/25;1300 UTC;0;908,1;908,2;907,8;980,4;12,5;10,2;12,9;12,4;11;10,1;88;86;86;253;7,6;3,2;
2025/09/25;1400 UTC;0;908,1;908,3;908,1;1289,4;12,7;9,8;13,3;12,5;10,6;9,8;86;81;83;247;7;2,9;
2025/09/25;1500 UTC;0;907,8;908,2;907,8;1038,4;12,6;9,9;12,7;12,1;10,5;9,8;87;83;84;257;;3,1;
2025/09/25;1600 UTC;,2;907,1;907,8;907,1;1115,8;12,8;10,4;13,3;12,5;10,5;9,6;86;81;85;240;8,3;2,5;
2025/09/25;1700 UTC;0;906,5;907,2;906,5;909;12,5;10,3;12,8;12,3;10,7;9,8;87;84;87;234;7,4;3,4;
2025/09/25;1800 UTC;,6;906,8;906,8;906,3;725;10,9;8,7;12,6;10,9;10,4;8,6;88;84;86;243;9,6;3,4;
2025/09/25;1900 UTC;,2;907;907;906,8;329,3;10,6;8,2;10,9;10,5;8,8;8,2;88;85;85;249;7,3;3,2;
2025/09/25;2000 UTC;,2;907;907,1;906,9;203,6;11;8,4;11;10,4;8,5;8;87;84;84;241;7,3;2,1;
2025/09/25;2100 UTC;0;907,1;907,2;907;26,8;11;8,3;11;10,8;8,5;8,3;85;83;83;225;5,3;2,7;
2025/09/25;2200 UTC;,2;907,5;907,5;907,1;;10,7;8,6;11;10,7;8,6;8,3;87;83;87;260;5,9;2,6;
2025/09/25;2300 UTC;,2;907,8;907,8;907,5;;10,8;9,1;10,9;10,6;9,2;8,6;89;87;89;241;5,9;2,8;
2025/09/26;0000 UTC;,2;908;908;907,7;;11,1;9,5;11,1;10,8;9,5;9,1;90;89;90;243;7,3;3,2;
2025/09/26;0100 UTC;,2;907,9;908,2;907,9;;11,2;9,1;11,3;11,1;9,5;9,1;90;87;87;256;6,5;2,6;
2025/09/26;0200 UTC;0;907,7;907,9;907,6;;11;9,2;11,3;11;9,2;9;88;87;88;228;4,8;2;
2025/09/26;0300 UTC;,4;907,1;907,7;907,1;;10,9;9,4;11;10,8;9,5;9,2;91;88;90;200;4,1;1,7;
2025/09/26;0400 UTC;0;906,6;907,1;906,6;;11;9;11,1;10,9;9,5;9;91;87;87;259;5,2;2,4;
2025/09/26;0500 UTC;0;906,2;906,7;906,2;;10,7;8,9;11;10,7;9;8,8;88;87;88;215;5,2;1;
2025/09/26;0600 UTC;,2;905,5;906,2;905,4;;10,7;9,1;10,8;10,6;9,2;8,8;90;88;90;243;2,5;1,4;
2025/09/26;0700 UTC;,2;905,3;905,5;905,3;;10,4;8,2;10,8;10,3;9,2;8,1;90;86;86;270;5,4;2,7;
2025/09/26;0800 UTC;0;905,7;905,7;905,3;;10,3;8,1;10,6;10,3;8,2;7,9;87;84;87;269;5,6;2,1;
2025/09/26;0900 UTC;,2;906,2;906,3;905,7;13,3;10,2;8,1;10,3;10,1;8,3;8,1;88;87;87;251;4,4;2,1;
2025/09/26;1000 UTC;,2;906,7;906,7;906,3;407;10,9;7,7;11;10,2;8,3;7,7;87;80;80;270;4,6;2,3;
2025/09/26;1100 UTC;0;907,3;907,3;906,7;688,9;10,4;7,9;11,2;10,4;8,5;7,5;84;79;84;238;5,2;2;
2025/09/26;1200 UTC;,4;907,3;907,4;907,3;1294,4;12,2;7,2;12,2;10,3;9,3;6,3;88;68;72;222;4,4;2,1;
2025/09/26;1300 UTC;0;907,4;907,4;907,3;2746,8;13,1;5,9;13,5;12;7,7;5,7;72;61;62;229;6;3,3;
2025/09/26;1400 UTC;0;907;907,4;907;3577,9;14;7,5;14;13;8,3;6;70;61;65;236;6,7;3,6;
2025/09/26;1500 UTC;0;906,1;907;906,1;3618,6;14;7,5;15,3;13,4;8,9;6;69;59;65;227;8,2;4;
2025/09/26;1600 UTC;0;905,2;906,1;905,2;3664,3;14,9;7,7;15,2;13,8;8,7;6,6;69;60;62;237;7,8;3,3;
2025/09/26;1700 UTC;0;904,5;905,2;904,5;3453,4;14,5;8,1;15,2;14;8,7;6,9;67;60;66;224;8,9;4,3;
2025/09/26;1800 UTC;0;904,2;904,6;904,2;2540,3;13,9;7,8;14,7;13,5;8,8;7,4;70;65;67;221;7,4;3,9;
2025/09/26;1900 UTC;0;904,1;904,2;904,1;1711,4;12,9;7,8;14,1;12,9;8;7,4;71;66;71;230;7,7;3,9;
2025/09/26;2000 UTC;0;904;904,1;903,9;914,8;12,6;8,1;13,3;12,6;8,2;7,7;74;71;74;234;7,3;3,6;
2025/09/26;2100 UTC;0;904,2;904,2;903,9;99,8;11,8;8,7;12,6;11,8;8,8;8,1;81;74;81;250;6,3;2,5;
2025/09/26;2200 UTC;0;904,5;904,5;904,2;;11,4;8,6;11,8;11,3;8,8;8,6;84;81;83;242;5,5;2,4;
2025/09/26;2300 UTC;0;904,7;904,7;904,5;;10,9;8,8;11,4;10,9;8,8;8,6;87;83;87;249;4,6;2,1;
2025/09/27;0000 UTC;0;905;905,1;904,7;;10,7;8,7;11;10,7;8,8;8,7;88;86;88;224;4,6;2,5;
2025/09/27;0100 UTC;0;905;905,1;904,9;;10,4;8,6;10,7;10,4;8,8;8,6;89;88;88;231;5,1;1,6;
2025/09/27;0200 UTC;0;905,1;905,1;904,9;;10,3;8,2;10,4;10,2;8,6;8,2;88;87;87;258;4,4;2,6;
2025/09/27;0300 UTC;0;904,9;905,1;904,9;;10,1;7,5;10,3;10,1;8,1;7,5;87;84;84;234;4,3;2;
2025/09/27;0400 UTC;0;904,4;904,9;904,4;;9,6;7,2;10,1;9,6;7,4;7;85;82;85;244;5,1;1,6;
2025/09/27;0500 UTC;0;904;904,4;904;;8,8;6,8;9,6;8,8;7,4;6,7;87;85;87;164;3,8;1;
2025/09/27;0600 UTC;0;903,7;904;903,7;;7,8;6,1;8,8;7,8;6,9;6,1;89;87;89;198;2,8;,9;
2025/09/27;0700 UTC;0;903,7;903,8;903,6;;7,2;5,9;7,8;7,2;6,1;5,9;91;89;91;298;2,2;,8;
2025/09/27;0800 UTC;0;904,1;904,1;903,7;;7,2;6,4;7,3;6,7;6,5;5,3;95;91;95;232;2,4;1;
2025/09/27;0900 UTC;0;904,5;904,5;904;14,9;7,7;6,9;7,7;7,2;6,9;6,5;95;95;95;71;1,6;,3;
2025/09/27;1000 UTC;0;905;905;904,5;282,9;8,8;7,7;8,8;7,7;7,7;6,9;95;93;93;274;1,1;,2;
2025/09/27;1100 UTC;0;905,4;905,4;905;969,1;11,4;6,1;11,5;8,8;8,2;6,1;93;70;70;40;1,5;,6;
2025/09/27;1200 UTC;0;905,5;905,5;905,4;2567,4;13,8;4,2;14,2;11,4;7,3;4,2;71;52;52;77;4,6;2,4;
2025/09/27;1300 UTC;0;905;905,5;905;3314;15,8;4,2;16,1;13,7;5,6;3,7;56;45;46;5;5,2;1,8;
2025/09/27;1400 UTC;0;904,7;905,1;904,7;3700,7;16,7;4,3;17,7;14,9;5,1;3;50;40;44;349;6,2;1,9;
2025/09/27;1500 UTC;0;904,1;904,7;904,1;3565,4;16,4;8,3;18,1;15,5;8,8;3;62;39;59;242;7,3;3,6;
2025/09/27;1600 UTC;0;903,5;904,2;903,5;3785;16,4;8,3;17,2;15,7;9,2;7,7;62;56;59;242;7,3;3,9;
2025/09/27;1700 UTC;0;903,3;903,5;903,2;3043,2;16,4;8,1;17,2;15,7;8,9;7,3;60;55;58;251;8,1;4,1;
2025/09/27;1800 UTC;0;902,9;903,3;902,9;2596,6;16,1;7,9;16,9;15,7;8,9;7,6;60;56;58;232;8,6;3,2;
2025/09/27;1900 UTC;0;902,5;902,9;902,5;1387;15,8;8,6;16,2;15,6;8,6;7,9;62;58;62;238;6,7;2,8;
2025/09/27;2000 UTC;0;902,5;902,5;902,3;621,2;14;8,4;15,8;14;8,8;8,2;69;61;69;232;5,6;2,1;
2025/09/27;2100 UTC;0;902,6;902,6;902,5;49,4;11,5;8,9;14;11,5;9,1;8,5;84;69;84;284;4,3;,9;
2025/09/27;2200 UTC;0;902,8;902,8;902,5;;9,9;7,7;11,6;9,8;9;7,6;87;84;87;352;2,8;1;
2025/09/27;2300 UTC;0;904;904;902,8;;9;7,5;9,8;8,7;7,9;7,1;90;86;90;279;2,4;,7;
2025/09/28;0000 UTC;0;904,4;904,4;903,9;;7,5;6;9,6;7,5;8,3;6;92;87;90;346;2,6;,4;
2025/09/28;0100 UTC;0;904,6;904,6;904,4;;6,9;5,8;7,8;6,8;6,4;5,5;93;90;93;349;1,5;,4;
2025/09/28;0200 UTC;0;904;904,6;904;;6,2;5,5;6,9;6,1;6;5,4;95;93;95;312;1;,4;
2025/09/28;0300 UTC;0;903,8;904,1;903,8;;5,7;5,1;6,5;5,4;5,8;4,8;96;95;96;352;1,1;,5;
2025/09/28;0400 UTC;0;903,1;903,8;903,1;;5,7;5,2;6;5,2;5,4;4,7;96;96;96;81;1,6;,3;
2025/09/28;0500 UTC;,2;902,4;903,1;902,4;;5;4,5;5,7;5;5,1;4,5;97;96;97;61;1,6;,5;
2025/09/28;0600 UTC;0;902;902,4;902;;5,2;4,7;5,4;4,8;4,9;4,3;97;97;97;90;1,5;,4;
2025/09/28;0700 UTC;0;902;902,1;902;;4,8;4,4;5,2;4,6;4,8;4,1;97;97;97;46;1,4;,7;
2025/09/28;0800 UTC;0;902,7;902,7;902;;4,6;4,2;5,1;4,5;4,6;4;97;97;97;41;1,3;,4;
2025/09/28;0900 UTC;0;903,3;903,3;902,7;16,9;4,8;4,3;4,9;4,3;4,4;3,9;97;97;97;45;2;1;
2025/09/28;1000 UTC;0;904,1;904,1;903,3;638,7;9,2;8,6;9,3;4,8;8,6;4,4;97;96;96;65;3,1;1,6;
2025/09/28;1100 UTC;0;904,5;904,5;904,1;1466,4;11,6;7,1;11,9;9,3;9,6;6,9;96;73;74;60;6;2,8;
2025/09/28;1200 UTC;0;904,2;904,5;904,2;2113,6;13,9;8;13,9;11,6;8,5;7,2;76;67;68;80;7,7;4;
2025/09/28;1300 UTC;0;903,8;904,2;903,6;3140,7;16,5;8,4;16,5;13,4;8,8;7,3;69;58;59;56;8,7;3,7;
2025/09/28;1400 UTC;0;903;903,8;903;3582,3;16,7;8;17,2;15,6;8,9;7,4;60;55;56;88;9,1;4,3;
2025/09/28;1500 UTC;0;901,9;903;901,9;3772;18,8;8,5;19;16,5;9,1;7,7;58;51;51;80;9,2;4;
2025/09/28;1600 UTC;0;901,1;902;901,1;3415,7;19,7;7,6;20,3;18;9,1;7,2;54;45;46;82;9,2;4,4;
2025/09/28;1700 UTC;0;900,2;901,1;900,2;3344,6;20,3;6,7;21,2;19,2;9,1;6,4;47;40;41;83;8,5;3,7;
2025/09/28;1800 UTC;0;899,8;900,2;899,8;2609;20,5;6,4;21,2;19,9;7,4;5,4;42;37;40;77;7,3;3,5;
2025/09/28;1900 UTC;0;900,3;900,3;899,8;1759,4;19,8;7,4;21,3;19,6;7,9;6,5;45;40;45;40;8,3;2,1;
2025/09/28;2000 UTC;0;900,7;900,8;900,3;698,2;18,3;7,8;19,9;18,3;8;6,9;50;44;50;85;6;2,9;
2025/09/28;2100 UTC;0;901,2;901,2;900,6;108,5;16;8,5;18,3;15,2;9;7,9;66;50;61;36;6;1,9;
2025/09/28;2200 UTC;0;901,6;901,6;901,2;;13,9;9;16;13,8;9,2;8,4;72;60;72;46;4,9;1,8;
2025/09/28;2300 UTC;0;902,3;902,3;901,6;;13,3;8,8;14,6;12,5;9,3;8,7;78;69;74;327;4,2;3;
2025/09/29;0000 UTC;0;902,8;902,8;902,2;;11,1;8,5;13,4;11,1;9,2;8,3;85;74;84;294;4,2;,5;
2025/09/29;0100 UTC;0;902,8;902,9;902,8;;9,9;8,2;11,2;9,9;8,8;8,1;89;84;89;35;1,2;,4;
2025/09/29;0200 UTC;0;902,1;902,8;902,1;;9;7,5;10;9;8,5;7,5;90;89;90;284;1,3;,4;
2025/09/29;0300 UTC;0;901,8;902,2;901,8;;8,7;7,8;9,1;8,7;8;7,4;94;90;94;357;,9;,5;
2025/09/29;0400 UTC;0;901,5;902;901,5;;8,5;7,7;9,2;8,5;8,3;7,7;95;94;94;30;1,5;,9;
2025/09/29;0500 UTC;0;901;901,5;900,9;;9,2;8,4;9,6;8,5;8,8;7,7;95;94;95;339;2,4;,6;
2025/09/29;0600 UTC;0;900,5;901;900,5;;9,2;8,3;9,8;9;8,9;8,2;95;94;94;3;3,5;2;
2025/09/29;0700 UTC;0;900,5;900,6;900,4;;9,5;8,6;10;9,1;9,1;8,2;95;94;94;7;3,5;2,2;
2025/09/29;0800 UTC;0;900,9;900,9;900,5;;10,1;8,1;11,4;9,3;9,6;7,5;94;85;87;355;4,1;1,9;
2025/09/29;0900 UTC;0;901,4;901,4;900,9;29,3;11,7;8,3;12,2;10;8,8;7,7;87;79;79;343;4,4;2,1;
2025/09/29;1000 UTC;0;901,9;901,9;901,4;387,6;14,2;10,1;14,2;11,1;10,4;8;85;76;76;5;4,1;1,3;
2025/09/29;1100 UTC;,2;902,6;902,6;901,9;963,7;17,4;9,3;17,4;14,2;10,4;7,8;76;55;59;51;4,1;1,6;
2025/09/29;1200 UTC;0;902,7;902,7;902,6;2213,1;19,5;8,4;19,8;17,5;9,2;7,8;59;48;49;88;4,8;2,5;
2025/09/29;1300 UTC;0;902,6;902,8;902,6;2746,8;22,1;9,3;22,4;19,5;10;8,3;51;43;44;81;5,1;2,1;
2025/09/29;1400 UTC;0;902,2;902,6;902,2;2920,4;23,2;7,9;24,3;22,1;10,2;7,9;45;36;38;65;4,5;2,4;
2025/09/29;1500 UTC;0;901,6;902,2;901,6;3086,2;25,1;6;25,7;23,2;9;4,3;40;26;29;236;4,3;1,5;
2025/09/29;1600 UTC;0;900,9;901,6;900,9;3155,4;25,1;10,3;26,2;24,8;10,8;5,1;41;27;39;225;5,7;3;
2025/09/29;1700 UTC;0;900,3;900,9;900,3;2881,6;24,7;10,6;25,8;24,3;13;9,3;48;36;41;232;6,7;2,7;
2025/09/29;1800 UTC;0;900,2;900,3;900,2;1692,2;22,7;14;24,7;22,6;14,1;11;58;41;58;239;7,2;4,1;
2025/09/29;1900 UTC;0;900,5;900,5;900,2;1184;22,8;14;22,8;22,1;14,5;13,2;61;55;57;222;7,2;2,2;
2025/09/29;2000 UTC;0;900,7;900,7;900,4;627,1;21,1;12,5;22,8;21,1;14,2;12,5;60;54;58;222;4,2;2,2;
2025/09/29;2100 UTC;0;901,6;901,6;900,7;105,2;19,1;13,5;21,1;19,1;14,1;12,1;72;57;70;241;6,4;2,8;
2025/09/29;2200 UTC;0;901,9;902;901,6;;15,8;12;19,1;15,7;13,5;11,6;79;70;78;268;5,5;,9;
2025/09/29;2300 UTC;0;902,6;902,6;901,9;;14,6;11,9;16,8;14,6;13,7;11,9;86;78;84;233;3,6;,8;
2025/09/30;0000 UTC;0;902,9;903;902,6;;14,5;12,3;15,1;13,8;12,8;11,2;88;84;87;244;3;1,1;
2025/09/30;0100 UTC;0;903,1;903,1;902,9;;14,1;11,9;14,5;14;12,4;11,9;88;87;87;292;2,6;1,2;
2025/09/30;0200 UTC;0;903;903,2;903;;12;10,1;14,2;12;12,4;10;90;85;88;298;2,2;,7;
2025/09/30;0300 UTC;0;902,8;903;902,8;;11,4;9,8;13;11,4;12,1;9,8;94;88;89;270;2,1;,9;
2025/09/30;0400 UTC;0;902,6;902,8;902,5;;10,4;9,5;12,1;10,4;11,2;9,4;94;89;94;137;2;,3;
2025/09/30;0500 UTC;0;902,5;902,6;902,5;;9,5;8,6;10,7;9,5;9,8;8,6;95;94;95;316;1,7;,7;
2025/09/30;0600 UTC;0;902,4;902,5;902,3;;8,8;8,1;9,4;8,6;8,6;7,9;95;95;95;300;1,7;,2;
2025/09/30;0700 UTC;0;902,4;902,4;902,3;;7,8;7,1;8,9;7,8;8,1;7,1;96;95;96;350;1,4;,7;
2025/09/30;0800 UTC;0;902,7;902,7;902,4;;7,6;7;8,3;7,4;7,6;6,8;96;96;96;325;1,4;,4;
2025/09/30;0900 UTC;,2;903,2;903,2;902,7;19;7;6,4;7,7;7;7,1;6,4;96;96;96;53;1;,2;
2025/09/30;1000 UTC;0;903,6;903,6;903,2;592;10,6;9,9;10,6;7;9,9;6,4;96;96;96;128;1,1;,5;
2025/09/30;1100 UTC;0;903,5;903,7;903,5;1603;16,8;12,2;16,8;10,6;13,2;10,1;96;74;74;138;1,5;,8;
2025/09/30;1200 UTC;0;903,2;903,5;903,1;2441,1;22;8,3;22,5;16,4;12,4;8,2;74;41;41;71;3,9;2;
2025/09/30;1300 UTC;0;902,7;903,2;902,6;3105,3;23,7;6;24;21,8;9,5;5,9;44;32;32;18;5,4;2,5;
2025/09/30;1400 UTC;0;902;902,7;902;3521;24,2;8,3;25,4;23,2;9,7;5,8;39;31;36;53;5,4;2,5;
2025/09/30;1500 UTC;0;901,2;902;901,2;3669;24,8;10,1;25,3;23,9;10,6;7,3;41;34;39;86;6,1;2,6;
2025/09/30;1600 UTC;0;901;901,3;900,9;3660;25,3;11,7;26,5;24,4;12,3;9,2;43;37;43;301;7,4;1,8;
2025/09/30;1700 UTC;0;900,4;901;900,4;3130,8;23,4;13,1;25,2;22,8;14,1;11,8;55;43;52;227;8,1;3,2;
2025/09/30;1800 UTC;0;900,4;900,4;900,2;2441,1;24;14,2;24,4;22,7;14,6;12,8;59;50;54;232;6,2;2,8;
2025/09/30;1900 UTC;0;900,7;900,8;900,4;1238,8;21,4;13,5;24;21,4;14,2;13,3;61;53;61;239;6,6;2,3;
2025/09/30;2000 UTC;0;900,6;900,7;900,5;515,1;20,2;14,5;21,4;20,2;14,9;13,5;70;61;70;253;4,7;1,1;
2025/09/30;2100 UTC;0;901,1;901,1;900,6;59,3;17,7;14;20,1;17,7;14,9;14;79;70;79;352;1,9;,6;
2025/09/30;2200 UTC;0;901,8;901,8;901,1;;15,6;12,5;17,7;15,5;14;12,4;82;79;82;14;2,4;,9;
2025/09/30;2300 UTC;0;902,5;902,5;901,8;;14;11,3;15,8;14;12,7;11,3;85;79;84;17;2,9;1,3;
2025/10/01;0000 UTC;0;902,7;902,7;902,5;;14,2;11,8;14,7;13,7;12,3;11,2;87;83;85;7;3,5;1,3;
2025/10/01;0100 UTC;0;902,6;902,8;902,6;;12,8;10,6;15;12,8;12,1;10,5;87;82;86;42;3,8;,8;
2025/10/01;0200 UTC;0;902,6;902,7;902,6;;11,6;10,1;12,8;11,6;10,9;10;90;86;90;4;2;,9;
2025/10/01;0300 UTC;0;902,2;902,7;902,2;;11;9,8;11,9;11;10,9;9,6;94;90;92;38;2;,6;
2025/10/01;0400 UTC;0;902;902,2;902;;10,5;9,6;11,7;10,2;10,7;9;94;92;94;21;2;1;
2025/10/01;0500 UTC;0;901,7;902;901,7;;10,2;8,6;11,6;10;10,8;8,3;95;89;90;7;3,4;1,4;
2025/10/01;0600 UTC;0;901,1;901,7;901;;10,5;8,8;11,3;10,1;10;8,4;93;88;89;357;3,5;1,5;
2025/10/01;0700 UTC;0;901,1;901,1;901;;11,2;9,7;11,4;10,1;10;8,4;93;88;91;2;4,7;1,8;
2025/10/01;0800 UTC;,2;901,5;901,5;901;;10,5;9;11,4;10,2;9,9;8,4;91;88;90;16;3,6;1,4;
2025/10/01;0900 UTC;0;901,6;901,6;901,5;25;13,2;10,9;13,5;10,5;11,3;9,4;94;85;86;77;4,9;2;
2025/10/01;1000 UTC;0;902,5;902,5;901,6;341,6;15,2;12,1;15,2;13,2;12,1;10,8;86;82;82;89;7,3;3,9;
2025/10/01;1100 UTC;0;902,9;902,9;902,5;1602,5;17,3;12,3;17,4;15,2;12,4;11,9;81;71;72;86;7,8;3,8;
2025/10/01;1200 UTC;0;902,9;903;902,9;2453;18,9;12;19,3;17,2;12,9;11,9;72;64;65;87;8;4;
2025/10/01;1300 UTC;0;902,9;903;902,9;3113,2;20,7;12,6;21;18,8;13,2;11,7;67;58;60;74;7,7;3,5;
2025/10/01;1400 UTC;0;902,7;902,9;902,7;3406,5;22,1;13,1;22,1;20,5;13,2;12;60;56;57;81;7,7;3,2;
2025/10/01;1500 UTC;0;902,1;902,8;902,1;3716,5;23,6;12;23,7;21,5;13,5;11,4;57;48;48;108;7,2;2,4;
2025/10/01;1600 UTC;0;901,4;902,1;901,3;3495;23,5;13,4;24,6;23;13,4;11,1;53;44;53;141;6;2;
2025/10/01;1700 UTC;0;900,9;901,4;900,9;3265,6;23,7;13,8;24,1;22,7;15,1;13,7;61;53;54;234;6,9;3,4;
2025/10/01;1800 UTC;0;900,9;901;900,8;2469,6;23,4;13,7;23,8;22,7;14,7;13;59;53;54;255;7,2;3,6;
2025/10/01;1900 UTC;0;901,2;901,3;900,8;1637,6;21,7;14,1;23,6;21,7;14,2;13,5;62;54;62;238;6,9;3;
2025/10/01;2000 UTC;0;901,8;901,8;901,2;308,1;19,8;14,4;21,8;19,8;14,5;13,9;71;61;71;229;7;2,8;
2025/10/01;2100 UTC;0;902,6;902,6;901,8;59;18,1;14,2;19,8;18,1;14,4;14,1;78;71;78;233;6,2;1,8;
2025/10/01;2200 UTC;0;902,9;902,9;902,6;;16,4;13,8;18,1;16,2;14,2;13,4;85;78;84;302;3,5;1,8;
2025/10/01;2300 UTC;0;903,4;903,4;902,9;;15,4;13,5;16,4;14,9;13,9;12,9;89;84;88;281;3,1;,8;
2025/10/02;0000 UTC;0;903,9;903,9;903,4;;13,4;11,9;15,4;13,4;13,2;11,8;90;88;90;5;1,6;,6;
2025/10/02;0100 UTC;0;904;904,1;903,9;;13;12;13,6;13;12,5;11,7;94;90;94;349;1,3;,4;
2025/10/02;0200 UTC;0;903,8;904;903,8;;12,6;11,7;13,2;12,5;12,3;11,6;95;94;94;282;,9;,3;
2025/10/02;0300 UTC;0;903,4;903,8;903,4;;12;11,2;12,7;11,6;11,9;10,8;95;94;95;244;,8;,3;
2025/10/02;0400 UTC;0;902,6;903,4;902,6;;12;11,2;12,1;11,6;11,3;10,8;95;95;95;255;1,3;,9;
2025/10/02;0500 UTC;0;902,3;902,7;902,3;;11,3;10,5;11,9;11,3;11;10,5;95;95;95;219;1,3;,3;
2025/10/02;0600 UTC;0;902,3;902,4;902,3;;11,5;10,8;11,5;11,2;10,8;10,4;95;95;95;265;,9;,4;
2025/10/02;0700 UTC;,2;902,4;902,4;902,1;;11,4;10,7;11,6;11,4;10,9;10,7;96;95;96;339;,9;,5;
2025/10/02;0800 UTC;0;902,9;903;902,3;,9;11,5;10,8;11,7;11,2;11;10,5;96;96;96;335;1,6;1;
2025/10/02;0900 UTC;0;903,3;903,3;902,9;16,5;12,9;12,2;12,9;11,5;12,2;10,8;96;96;96;60;2,5;,8;
2025/10/02;1000 UTC;0;903,9;903,9;903,3;212,3;14,3;13,6;14,3;12,9;13,6;12,2;96;95;96;23;2,9;1,2;
2025/10/02;1100 UTC;0;904,4;904,4;903,9;548,8;15,7;12,9;15,7;14,3;14,4;12,9;96;84;84;14;4,4;2,5;
2025/10/02;1200 UTC;0;904,5;904,5;904,4;686,3;16,6;13,2;16,6;15,7;13,2;12,6;84;79;80;25;5;2,1;
2025/10/02;1300 UTC;0;904,5;904,5;904,4;1080,6;17,8;12,5;18;16,2;13,2;12,2;80;70;71;15;5;2,7;
2025/10/02;1400 UTC;0;904,2;904,6;904,2;2242,1;20,3;11,4;20,5;17,7;12,7;10,9;72;56;57;71;6,1;1,9;
2025/10/02;1500 UTC;0;903,5;904,2;903,5;3580,4;21,2;10,2;21,9;19,6;12,6;10,2;59;49;50;56;5,7;2,6;
2025/10/02;1600 UTC;0;902,7;903,5;902,7;3220,9;21,2;9,9;22,8;21,1;12,2;9,6;53;46;49;338;5,8;1,9;
2025/10/02;1700 UTC;0;901,9;902,7;901,9;2792,6;21,9;14,3;24,6;21,1;14,3;9,4;63;41;62;226;6,5;2,9;
2025/10/02;1800 UTC;0;901,7;901,9;901,5;2240;21,1;14,5;22,7;20,9;15;13,6;66;58;66;222;6,5;3,1;
2025/10/02;1900 UTC;0;901,9;901,9;901,7;1391,3;19,8;15,1;21,3;19,8;15,2;14,2;75;65;74;228;6;3,1;
2025/10/02;2000 UTC;0;902,4;902,4;901,9;303,1;18,7;15,3;19,9;18,7;15,4;15,1;80;74;80;198;5,5;2;
2025/10/02;2100 UTC;0;902,8;902,8;902,4;74,7;18;15,3;18,8;18;15,4;15,3;85;80;85;202;3,4;1,3;
2025/10/02;2200 UTC;0;903,5;903,6;902,8;;17,2;14,9;18;17,2;15,4;14,9;87;84;87;100;3;,4;
2025/10/02;2300 UTC;0;904,2;904,2;903,5;;16,4;12,5;17,6;16,3;14,9;12,4;87;75;78;54;4,6;1,8;
2025/10/03;0000 UTC;0;904,8;904,8;904,2;;15,9;12,3;16,9;15,8;12,7;12,1;79;75;79;59;4,9;1,5;
2025/10/03;0100 UTC;0;904,8;904,9;904,8;;15,5;11,6;16;15,4;12,5;11,5;81;77;78;52;4,2;2,1;
2025/10/03;0200 UTC;0;904,7;904,9;904,7;;15,4;11,3;15,7;15,3;11,8;11,3;79;76;76;56;6,1;1,7;
2025/10/03;0300 UTC;0;904,3;904,9;904,3;;14,9;11,3;15,4;14,8;11,4;11,2;80;76;79;37;5,4;1,2;
2025/10/03;0400 UTC;0;904;904,4;904;;14,7;10,8;14,9;14,3;11,3;10,8;80;78;78;18;4,3;2,1;
2025/10/03;0500 UTC;0;903,3;904;903,3;;14,9;11;14,9;14,6;11,1;10,8;79;78;78;15;5,9;2,4;
2025/10/03;0600 UTC;0;902,8;903,3;902,8;;14,7;10,7;14,9;14,5;11,2;10,7;79;77;77;14;4,9;2,3;
2025/10/03;0700 UTC;0;903;903,1;902,7;;14,4;10,9;14,7;14,4;10,9;10,4;79;76;79;48;4,7;1,8;
2025/10/03;0800 UTC;0;903,3;903,3;902,9;;14,4;10,9;14,5;14,3;10,9;10,8;80;78;80;18;5,2;1,9;
2025/10/03;0900 UTC;0;903,6;903,6;903,2;24,3;14,4;10,6;14,5;14,2;11;10,6;80;78;78;17;6,1;3;
2025/10/03;1000 UTC;0;904,2;904,2;903,6;220,8;14,9;11,2;15;14,4;11,2;10,6;79;77;78;36;6,1;1,6;
2025/10/03;1100 UTC;0;904,7;904,8;904,2;599,6;14,8;11,9;15,1;14,6;12;11,1;83;78;83;30;5,9;2,2;
2025/10/03;1200 UTC;0;904,9;904,9;904,7;976,9;16;11,4;16,3;14,8;12,6;11,4;84;74;74;19;6,4;3,2;
2025/10/03;1300 UTC;0;904,5;904,9;904,5;1291,8;17,5;11;18,1;15,8;12,6;11;75;66;66;17;6,8;3;
2025/10/03;1400 UTC;0;903,8;904,5;903,8;2863,3;20,6;10;20,7;17,4;12,2;10;68;51;51;45;7,8;2,8;
2025/10/03;1500 UTC;0;903,1;903,8;903,1;3759,4;20,7;9,5;21,8;19,9;10,7;9,1;53;46;49;35;8,9;3,8;
2025/10/03;1600 UTC;0;902,3;903,1;902,3;3664,2;21,8;9,8;22,8;20,6;11,1;8,3;51;44;46;68;8,9;2,9;
2025/10/03;1700 UTC;0;901,7;902,3;901,7;2336,3;21;8,9;22,9;20,7;10,4;8,7;48;42;46;80;7,3;3,7;
2025/10/03;1800 UTC;0;901,3;901,7;901,3;2192,2;21,8;8,6;22,8;20,7;9,3;8,1;46;40;43;48;7,9;2,9;
2025/10/03;1900 UTC;0;901,3;901,3;901,1;1466,3;20,9;9;22,1;20,9;9,8;8,2;48;43;46;51;7,6;2,8;
2025/10/03;2000 UTC;0;901,4;901,5;901,2;729,8;19,7;9,8;21;19,7;9,8;8,8;53;46;53;26;8,2;2,9;
2025/10/03;2100 UTC;0;901,9;901,9;901,4;85,7;18,4;11,7;19,7;18,2;11,7;9,8;65;53;65;66;7,5;2,9;
2025/10/03;2200 UTC;0;902,4;902,4;901,9;;17,4;12,2;18,4;17,2;12,3;11,6;72;65;72;31;6,3;2,4;
2025/10/03;2300 UTC;0;903;903;902,4;;16,8;12,3;17,4;16,8;12,4;12,2;75;72;75;38;5,8;1,8;
2025/10/04;0000 UTC;0;903,6;903,6;903;;16,4;12,1;16,8;16,3;12,3;12,1;76;75;76;20;8,6;2,7;
2025/10/04;0100 UTC;0;903,7;903,8;903,6;;16,4;12,4;16,4;16,3;12,4;12,1;78;76;77;45;6,3;2,1;
2025/10/04;0200 UTC;0;903,7;903,8;903,7;;16,2;12,2;16,4;16,1;12,4;12,2;78;77;77;27;5,6;2,4;
2025/10/04;0300 UTC;0;903,5;903,7;903,5;;16;12,3;16,2;15,9;12,3;12,2;79;77;79;36;6,7;2,6;
2025/10/04;0400 UTC;0;903,1;903,5;903,1;;15,8;12,1;16;15,8;12,3;12,1;80;78;78;22;6,8;2,7;
2025/10/04;0500 UTC;0;902,6;903,1;902,6;;15,7;12,2;15,9;15,6;12,2;12,1;80;78;80;46;7;1,9;
2025/10/04;0600 UTC;0;902,5;902,6;902,5;;15,5;12,1;15,7;15,5;12,2;12;80;79;80;45;8,5;1,9;
2025/10/04;0700 UTC;0;902,3;902,5;902,3;;15,5;12,2;15,6;15,5;12,2;12,1;81;80;81;57;6,1;2,4;
2025/10/04;0800 UTC;0;902,9;902,9;902,3;;15,4;12,2;15,5;15,4;12,2;12,2;82;81;82;48;5,6;2,2;
2025/10/04;0900 UTC;0;903,4;903,4;902,8;30,2;15,6;12,2;15,6;15,4;12,2;12,2;82;80;80;46;6,8;2,4;
2025/10/04;1000 UTC;0;904;904;903,4;237,5;16;12,2;16;15,6;12,3;12,1;81;78;78;28;5,8;2,9;
2025/10/04;1100 UTC;0;904,7;904,7;904;459,9;16,4;12,5;16,5;15,9;12,7;12,2;80;77;78;38;6,8;2,2;
2025/10/04;1200 UTC;0;905,1;905,1;904,7;919;17;12,8;17,1;15,8;13,4;12,3;83;77;77;46;7,2;2,2;
2025/10/04;1300 UTC;0;905;905,1;904,9;1595;16,9;13,6;18;16,7;14,1;12,6;84;73;81;24;9,1;2,9;
2025/10/04;1400 UTC;,4;904,7;905;904,7;2117,4;18,5;14,4;18,7;16,5;15,1;13,5;87;76;77;43;8;3,1;
2025/10/04;1500 UTC;0;904;904,7;904;2534,6;18,9;13;20,3;18;15,3;13;78;68;69;78;8,6;3,6;
2025/10/04;1600 UTC;0;903,4;904;903,4;1964;19;13,3;20,2;18;14,1;12,7;75;65;69;47;8,6;3,1;
2025/10/04;1700 UTC;0;902,6;903,4;902,6;2465,3;19,8;12,7;20,8;19;14,3;11,9;71;59;64;72;7,9;3,1;
2025/10/04;1800 UTC;0;902,3;902,7;902,3;1126,8;20,4;12,9;20,5;19,1;13,6;12,5;69;62;62;21;7,2;2,9;
2025/10/04;1900 UTC;0;902,4;902,5;902,3;609,3;19,7;12,6;20,4;19,5;13,4;12,4;66;61;64;55;7,2;1,7;
2025/10/04;2000 UTC;0;902,3;902,4;902,2;410,4;19,2;12,7;19,7;19,2;12,8;11,9;66;61;66;41;6,9;1,3;
2025/10/04;2100 UTC;0;902,6;902,6;902,3;111,2;17,7;12,6;19,2;17,7;12,9;12,5;72;66;72;15;4,3;2,2;
2025/10/04;2200 UTC;0;903,1;903,1;902,6;;17,5;12,9;17,7;16,6;13,1;12,5;78;72;74;39;4,2;1,1;
2025/10/04;2300 UTC;0;903,7;903,7;903,1;;17,1;13,2;17,6;17,1;13,3;12,9;78;74;78;35;4,5;1,6;
2025/10/05;0000 UTC;0;904,2;904,2;903,7;;16,6;13;17,1;16,6;13,2;13;79;78;79;62;5,9;2,9;
2025/10/05;0100 UTC;0;904,3;904,5;904,2;;16;12,7;16,6;16;13;12,7;81;79;81;58;5,9;2,4;
2025/10/05;0200 UTC;0;904;904,3;904;;15,7;12,6;16;15,7;12,8;12,5;83;81;82;48;5,7;1,8;
2025/10/05;0300 UTC;0;903,2;904;903,2;;15,4;12,9;15,7;15,3;12,9;12,6;85;82;85;35;7,1;2,2;
2025/10/05;0400 UTC;0;902,5;903,3;902,5;;15,1;12,8;15,6;15,1;12,9;12,6;86;83;86;22;7,6;3,3;
2025/10/05;0500 UTC;0;901,9;902,6;901,9;;15;13;15,1;14,9;13;12,8;88;86;88;38;7,6;2;
2025/10/05;0600 UTC;,2;901,7;901,9;901,7;;14,8;12,9;15;14,8;13;12,9;88;88;88;29;5;1,9;
2025/10/05;0700 UTC;0;901,9;901,9;901,7;;15;12,5;15,1;14,8;12,9;12,5;88;85;85;20;5,6;2,6;
2025/10/05;0800 UTC;0;902;902,2;901,9;;15,1;12,6;15,1;14,9;12,7;12,4;86;84;85;17;5,6;2,4;
2025/10/05;0900 UTC;0;902,2;902,2;901,9;17,5;15,4;12,5;15,5;15,1;12,6;12,4;85;82;83;38;5,6;1,7;
2025/10/05;1000 UTC;0;902,8;902,8;902,2;132,5;15,3;12,9;15,4;15,3;12,9;12,5;86;83;86;30;7,1;2,3;
2025/10/05;1100 UTC;0;903,3;903,3;902,8;191,9;15,3;13,1;15,4;15,2;13,2;12,9;87;86;87;29;6;2,2;
2025/10/05;1200 UTC;0;903,4;903,4;903,3;466,6;15,9;13,3;16;15,3;13,5;13,1;87;84;85;56;6;2,5;
2025/10/05;1300 UTC;0;903,3;903,5;903,3;1205,8;16,9;13,6;17,5;15,8;14,4;13,3;86;79;81;51;5,5;2,2;
2025/10/05;1400 UTC;0;902,9;903,4;902,9;1400,3;17,6;14,4;17,7;16,3;14,8;13,2;86;80;81;81;6,1;3;
2025/10/05;1500 UTC;0;902;902,9;902;2198,7;19,5;12,6;19,9;17,2;14,5;12,1;81;63;64;66;7,9;3,5;
2025/10/05;1600 UTC;0;901,1;902,1;901,1;2282,7;20,2;12,1;21,8;19,2;14,1;12;67;57;60;51;7,6;3,1;
2025/10/05;1700 UTC;0;900,1;901,1;900,1;2519,8;22;12,7;22,1;19,8;13,2;11,7;62;55;56;69;7,6;3,2;
2025/10/05;1800 UTC;,2;899,7;900,2;899,7;2280,9;22;12,1;22,9;20,9;13,2;11,3;58;52;54;56;7,9;3,4;
2025/10/05;1900 UTC;0;899,6;899,7;899,5;1948,5;21,6;11,7;22,5;21,3;12,4;10,8;55;50;53;21;7,8;3,4;
2025/10/05;2000 UTC;0;899,4;899,6;899,3;730,1;19,9;11,6;21,8;19,9;11,9;11,1;59;52;59;24;7,3;2,9;
2025/10/05;2100 UTC;0;899,6;899,6;899,3;56,6;18,8;12,1;19,9;18,8;12,3;11,7;65;59;65;46;6,5;1,5;
2025/10/05;2200 UTC;0;899,8;899,8;899,5;;17,3;12,5;18,9;17,1;12,6;12;74;65;73;59;4,9;1,7;
2025/10/05;2300 UTC;0;900,3;900,3;899,8;;15;12,2;17,4;15;12,6;12,1;84;73;83;11;3,3;,9;
2025/10/06;0000 UTC;0;900,7;900,7;900,3;;15,7;12,6;15,7;15;13;12,1;84;81;81;68;3,8;1,2;
2025/10/06;0100 UTC;0;900,9;900,9;900,7;;13,8;11,7;15,7;13,7;12,6;11,5;88;81;87;13;2,3;1,4;
2025/10/06;0200 UTC;0;900,5;900,9;900,5;;13,6;11,8;14,6;13,2;12,7;11,2;89;86;89;11;3,2;1,8;
2025/10/06;0300 UTC;0;899,9;900,5;899,9;;14,1;12,5;14,3;13;12,7;11;91;87;90;3;3,8;2,2;
2025/10/06;0400 UTC;0;899,1;899,9;899,1;;13,4;12,1;14,4;12,5;12,8;10,6;93;88;92;343;4,4;1,6;
2025/10/06;0500 UTC;0;898,3;899,1;898,3;;13,4;12,3;13,9;12,5;13;11;94;90;93;9;3,5;1,3;
2025/10/06;0600 UTC;0;897,7;898,3;897,7;;14,5;12,9;14,6;13,2;13,4;12;94;90;90;61;4,7;1,7;
2025/10/06;0700 UTC;0;897,8;897,9;897,7;;15,4;13,7;15,4;14,5;13,8;12,9;91;89;90;72;7,5;3;
2025/10/06;0800 UTC;0;897,9;897,9;897,7;;16,2;13,6;16,2;15,4;14;13,6;90;84;85;89;8;3,6;
2025/10/06;0900 UTC;0;898,1;898,1;897,9;19;16,5;13,4;16,7;16,2;13,6;13,4;85;81;82;89;7,6;4;
2025/10/06;1000 UTC;0;898,7;898,7;898,1;205,3;16,7;13,6;16,7;16,5;13,7;13,4;83;82;82;87;8,8;3,7;
2025/10/06;1100 UTC;0;898,7;898,9;898,6;883,5;17,5;13,8;17,6;16,6;14,1;13,6;82;79;79;83;7,7;3,8;
2025/10/06;1200 UTC;,2;898,7;898,8;898,6;2131,5;18,8;13,7;19;17,3;14,1;13,5;80;72;72;89;8,4;4,5;
2025/10/06;1300 UTC;0;898,5;898,8;898,5;3210,5;20,4;13,7;20,9;18,8;14,5;13,4;73;64;65;92;9;4,2;
2025/10/06;1400 UTC;0;897,9;898,6;897,9;3530,8;22,3;13,8;23,3;20,4;14,9;13,5;67;57;58;79;8,2;3,6;
2025/10/06;1500 UTC;0;897;897,9;897;3675,8;24,4;13,8;25;22,3;14,8;13,5;60;50;52;88;8;3,5;
2025/10/06;1600 UTC;0;896,1;897;896,1;3572,8;26,2;13,4;27,2;24,2;14,7;13,4;53;44;45;59;6,5;2,5;
2025/10/06;1700 UTC;0;895,4;896,1;895,3;3211,7;27,4;13,8;27,4;25,8;14,7;13,2;47;43;43;81;6;2,6;
2025/10/06;1800 UTC;0;894,9;895,4;894,9;2329,2;26,9;13,5;28;26,4;14,1;12,8;46;40;44;25;4,9;1,3;
2025/10/06;1900 UTC;0;895;895;894,9;1272,3;26;14,2;27,1;25,8;14,5;12,5;49;41;48;353;3,4;1;
2025/10/06;2000 UTC;0;895,5;895,5;895;771,4;23,1;15,2;26,7;23;16,2;14,1;63;46;61;346;2;,7;
2025/10/06;2100 UTC;0;896,2;896,2;895,5;50;20,5;14,9;23,2;20,5;15,7;14,9;71;61;70;342;4;1,5;
2025/10/06;2200 UTC;0;896,7;896,7;896,2;;19,6;14,5;20,6;19;15,1;14,2;74;70;73;349;3,2;1,8;
2025/10/06;2300 UTC;0;897,2;897,2;896,7;;17,3;13,9;19,7;17,3;14,6;13,7;81;72;80;358;3,2;,7;
2025/10/07;0000 UTC;0;897,5;897,5;897,2;;16;13,4;17,3;16;14,3;13,4;86;80;85;359;2,3;,6;
2025/10/07;0100 UTC;0;897,7;897,7;897,5;;14,6;12,8;16;14,5;13,6;12,6;89;85;89;256;1,3;,4;
2025/10/07;0200 UTC;0;897,7;897,7;897,6;;13,7;12,1;14,7;13,7;13;12,1;90;89;90;317;,9;,2;
2025/10/07;0300 UTC;0;897,4;897,7;897,4;;13,1;12;13,8;13;12,5;11,7;94;90;93;285;,8;,4;
2025/10/07;0400 UTC;0;896,8;897,4;896,8;;12,8;11,9;13,1;12,6;12,2;11,7;94;93;94;346;,8;,2;
2025/10/07;0500 UTC;0;896,3;896,8;896,3;;12,2;11,4;12,9;12,2;12;11,4;95;94;95;244;1;,3;
2025/10/07;0600 UTC;0;896,1;896,3;895,9;;12;11,2;12,2;11,6;11,3;10,8;95;95;95;48;1,1;,4;
2025/10/07;0700 UTC;0;896,2;896,3;896;;11,7;10,9;12,4;11,2;11,6;10,5;95;95;95;61;1,3;,2;
2025/10/07;0800 UTC;0;896,9;896,9;896,2;;10,8;10;11,7;10,7;10,9;9,9;95;95;95;265;1,3;,5;
2025/10/07;0900 UTC;0;897,5;897,5;896,9;36,5;10,7;10;10,8;10,1;10,1;9,4;95;95;95;172;,8;,2;
2025/10/07;1000 UTC;0;897,9;897,9;897,5;683,5;15,1;14,4;15,1;10,4;14,4;9,7;96;95;95;163;1;,4;
2025/10/07;1100 UTC;0;898,1;898,1;897,9;1646,2;20,9;14,9;20,9;15,1;16,1;14,4;95;68;69;117;1,8;,8;
2025/10/07;1200 UTC;0;898,1;898,1;898,1;2384,2;25,1;13,6;25,4;20,9;15,8;13,4;70;49;49;104;3,7;1,6;
2025/10/07;1300 UTC;0;897,9;898,1;897,8;3301,2;27,6;11,5;28,4;24,9;14,7;9,4;52;32;37;61;4,9;1,9;
2025/10/07;1400 UTC;0;897,4;897,9;897,4;2640,9;28,7;10,7;28,8;27,2;12,8;9,5;40;31;33;58;4,8;2,1;
2025/10/07;1500 UTC;0;897,1;897,4;897;2787,1;24,5;17,3;29,5;24,5;17,8;7,5;64;26;64;237;7,8;4,1;
2025/10/07;1600 UTC;0;897,2;897,2;896,8;3407,7;22,3;18;24,8;21,8;18,3;17,1;77;64;76;230;9,9;4,5;
2025/10/07;1700 UTC;0;897,5;897,5;897,1;1789,9;19,2;16,9;22,4;19,2;17,8;16,9;86;75;86;230;9,7;5,1;
2025/10/07;1800 UTC;0;897,7;897,7;897,3;671,8;17,5;16,5;19,2;17,5;16,9;16,3;94;86;94;253;;4;
2025/10/07;1900 UTC;0;897,8;897,8;897,6;389,9;17,3;16,4;17,7;17,2;16,7;16,3;95;94;95;223;;4,5;
2025/10/07;2000 UTC;0;898,1;898,1;897,8;154,7;17,2;16,1;17,3;17,1;16,4;16,1;95;93;93;213;;4,5;
2025/10/07;2100 UTC;,2;898,5;898,5;898,1;46,4;17,4;16;17,4;17,1;16,4;16;94;91;91;199;10;5,4;
2025/10/07;2200 UTC;0;898,9;898,9;898,5;;17,1;15,3;17,4;17;15,9;15,1;91;88;89;199;11,8;4,8;
2025/10/07;2300 UTC;,4;899,5;899,5;898,8;;17,2;15,4;17,2;17,1;15,5;15,3;90;89;90;207;10,3;4,5;
2025/10/08;0000 UTC;,2;900,1;900,1;899,5;;17,1;15,5;17,3;17,1;15,5;15,3;90;89;90;211;8,6;3,8;
2025/10/08;0100 UTC;,2;900;900,1;899,9;;17,1;15,5;17,2;17;15,8;15,5;92;90;90;204;8,7;4,7;
2025/10/08;0200 UTC;0;900,1;900,2;899,9;;16,7;15,2;17,2;16,7;15,4;15,1;91;89;91;206;10,2;4,6;
2025/10/08;0300 UTC;,4;899,8;900,1;899,7;;16,5;15,1;16,8;16,5;15,3;15;91;90;91;202;8,8;4,1;
2025/10/08;0400 UTC;0;899,4;899,8;899,4;,3;16;14,5;16,6;16;15,1;14,5;91;90;91;205;9,5;4;
2025/10/08;0500 UTC;0;899,3;899,4;899,3;0;15,7;14,5;16;15,7;14,6;14,4;92;91;92;216;8,4;2,9;
2025/10/08;0600 UTC;0;899,2;899,3;899,2;;15,8;14,7;15,8;15,7;14,7;14,5;93;92;93;216;5,4;3;
2025/10/08;0700 UTC;0;899,2;899,2;899,1;;15,9;14,6;15,9;15,8;14,7;14,5;93;92;92;212;6,2;2,7;
2025/10/08;0800 UTC;0;899,6;899,6;899,2;;15,8;14,6;15,9;15,7;14,7;14,4;93;91;92;213;6,7;3,1;
2025/10/08;0900 UTC;0;900,2;900,2;899,6;21,3;15,8;14,6;15,9;15,8;14,6;14,5;93;92;93;211;6,6;3,5;
2025/10/08;1000 UTC;0;900,8;900,8;900,2;189,7;16;14,6;16;15,8;14,6;14,5;93;91;91;213;7,8;2,7;
2025/10/08;1100 UTC;0;901,2;901,2;900,8;401,8;16,5;14,4;16,6;16;14,7;14,4;91;88;88;224;4,9;2,3;
2025/10/08;1200 UTC;0;901,3;901,3;901,2;1341,8;17,4;14,3;17,7;16,5;15;14,3;88;82;82;232;6,3;3,3;
2025/10/08;1300 UTC;0;901,6;901,6;901,3;1833,8;17,6;14,6;17,8;17,2;14,9;14,3;85;82;83;226;6,6;4,1;
2025/10/08;1400 UTC;0;901,6;901,6;901,5;1370;16,9;14,3;17,8;16,7;14,9;14,3;87;82;85;220;7,1;3,9;
2025/10/08;1500 UTC;0;901,3;901,6;901,3;710,9;16,4;14,2;17,1;16,3;14,7;14,2;87;84;87;220;6,9;3,7;
2025/10/08;1600 UTC;0;901;901,3;901;542,2;16,4;14,3;16,5;16,3;14,5;14,3;88;87;88;211;7,2;3,8;
2025/10/08;1700 UTC;0;900,5;901;900,5;860,1;16,5;14,3;16,7;16,4;14,5;14,2;88;86;87;212;10;3,9;
2025/10/08;1800 UTC;0;900,5;900,5;900,3;609,5;15,7;13,7;16,5;15,7;14,3;13,7;88;86;88;219;8,7;4,6;
2025/10/08;1900 UTC;,2;900,5;900,5;900,4;536,1;15,7;13,7;15,9;15,6;13,9;13,6;89;87;88;220;8;4,1;
2025/10/08;2000 UTC;0;900,8;900,9;900,5;313,9;14,9;12,9;15,7;14,9;13,8;12,9;89;87;88;215;9,3;4,3;
2025/10/08;2100 UTC;0;901,3;901,3;900,8;53,7;14,3;12,6;14,9;14,3;13;12,6;90;88;89;226;8,8;3,7;
2025/10/08;2200 UTC;0;902,1;902,1;901,3;;14,1;12,4;14,3;14;12,6;12,3;90;89;89;233;8,8;3,7;
2025/10/08;2300 UTC;,2;902,6;902,6;902,1;;13,9;12,3;14,1;13,9;12,3;12,2;90;89;90;243;8,9;3,6;
2025/10/09;0000 UTC;,2;903,1;903,1;902,6;;13,9;12,3;14,1;13,9;12,4;12,2;90;89;90;238;8,6;3,3;
2025/10/09;0100 UTC;,4;903,6;903,6;903,1;;13,9;12,3;14;13,9;12,4;12,3;90;90;90;242;7,9;3;
2025/10/09;0200 UTC;,2;903,6;903,7;903,5;;14;12,2;14,1;13,8;12,4;12,2;91;89;89;216;9;4,1;
2025/10/09;0300 UTC;,2;903,2;903,6;903,2;;13,9;12,3;14;13,8;12,3;12,2;90;89;90;246;8,5;3,1;
2025/10/09;0400 UTC;,4;902,4;903,2;902,3;;14;12,3;14,2;13,7;12,5;12,2;91;89;89;249;6;2,7;
2025/10/09;0500 UTC;,2;902,1;902,5;902,1;;13,8;12,1;14,2;13,8;12,3;12;90;88;90;227;7,4;2,8;
2025/10/09;0600 UTC;0;901,7;902,1;901,7;;14,2;12;14,4;13,8;12,3;11,8;90;86;87;229;6,6;2,3;
2025/10/09;0700 UTC;0;902;902;901,7;;13,9;12;14,2;13,9;12,2;11,9;89;87;89;242;6,1;3;
2025/10/09;0800 UTC;0;902,5;902,5;902;;13,7;12;14,1;13,7;12,3;12;90;88;89;249;5,6;2,3;
2025/10/09;0900 UTC;,2;902,8;902,8;902,5;8,3;13,8;12,2;13,8;13,7;12,3;12,1;91;90;90;222;6,5;3,1;
2025/10/09;1000 UTC;,6;903,1;903,1;902,8;85,4;14;12,5;14;13,7;12,5;12,2;91;90;91;233;6,5;1,5;
2025/10/09;1100 UTC;1,6;903,6;903,6;903,1;266,8;14,2;12,6;14,2;14;12,6;12,3;91;89;90;232;5;2;
2025/10/09;1200 UTC;0;903,8;903,8;903,5;915,9;14,6;12,5;14,8;14,2;12,8;12,5;90;87;87;234;6,3;3,4;
2025/10/09;1300 UTC;,2;904;904,1;903,7;901,4;14,6;12,5;14,6;14,4;12,7;12,3;88;87;87;216;6,4;3,2;
2025/10/09;1400 UTC;0;903,8;904,1;903,8;1528,8;16,3;12,3;16,4;14,6;13,4;12,3;88;77;77;257;6,5;2,1;
2025/10/09;1500 UTC;0;903,2;903,8;903,2;1869;17,8;12;17,9;16,1;12,9;11,6;78;68;69;249;4;1,8;
2025/10/09;1600 UTC;0;902,6;903,2;902,6;1130,6;17,3;13,5;18,2;17;13,6;11,4;79;66;78;192;4;,9;
2025/10/09;1700 UTC;0;901,8;902,6;901,8;600,4;17,2;12,8;17,5;17;13,8;12,5;79;75;75;72;3,3;1,6;
2025/10/09;1800 UTC;0;901,8;901,8;901,7;768,5;16,1;13,5;17,9;16,1;13,5;12,5;84;72;84;230;4,6;2,3;
2025/10/09;1900 UTC;,4;901,9;902;901,8;263,7;15;13,2;16,1;15;13,4;12,9;89;84;89;235;5,3;1,8;
2025/10/09;2000 UTC;,4;902,3;902,3;901,9;184,6;15;13,1;15,1;15;13,4;13,1;90;88;88;215;3,5;1,5;
2025/10/09;2100 UTC;0;902,8;902,8;902,3;49,2;14,4;12,8;15;14,4;13,1;12,8;90;88;90;217;3,8;1,3;
2025/10/09;2200 UTC;0;903,2;903,2;902,8;;14,5;12,9;14,5;14,4;13;12,8;91;90;90;226;2,7;1,5;
2025/10/09;2300 UTC;0;903,5;903,5;903,1;;14,1;12,6;14,5;14,1;12,9;12,6;91;90;91;266;2,7;,7;
2025/10/10;0000 UTC;0;904;904;903,5;;14,2;12,9;14,3;14,1;13,1;12,7;93;91;92;212;2,2;1,3;
2025/10/10;0100 UTC;0;904,2;904,3;904;;14;12,5;14,2;14;12,9;12,5;92;90;91;78;2,2;,5;
2025/10/10;0200 UTC;0;903,8;904,2;903,8;;13,7;12,7;14;13,6;12,8;12,4;94;91;94;121;1,1;,5;
2025/10/10;0300 UTC;0;902,7;903,8;902,7;;13,2;11,5;13,8;13,1;12,8;11,4;94;89;89;35;4,5;1;
2025/10/10;0400 UTC;0;902;902,7;902;;13,7;11,1;13,8;12,7;11,8;10,8;90;84;84;359;5,2;2,7;
2025/10/10;0500 UTC;0;901,8;902,1;901,8;;12,7;11,3;13,8;12,4;11,3;10,2;91;83;91;2;5,2;,9;
2025/10/10;0600 UTC;0;901,6;901,9;901,6;;12,9;11,9;13;12,7;11,9;11,3;94;90;94;1;1,7;,6;
2025/10/10;0700 UTC;0;901,5;901,6;901,4;;13,6;12,1;13,6;12,9;12,4;11,9;94;91;91;77;3,2;,9;
2025/10/10;0800 UTC;0;901,8;901,8;901,4;;14;11,3;14,2;13,4;12,1;11,3;91;84;84;33;4,3;2;
2025/10/10;0900 UTC;0;902,1;902,1;901,7;67,9;13,9;11,7;14,3;13,3;11,8;10,9;88;82;87;50;4,3;1,3;
2025/10/10;1000 UTC;0;902,8;902,8;902,1;198,4;14,9;12,4;14,9;13,9;12,4;11,7;87;84;85;6;2,3;,8;
2025/10/10;1100 UTC;0;902,9;903;902,7;550,7;15,8;12;15,8;14,9;12,4;11,8;85;78;78;51;4,8;1,8;
2025/10/10;1200 UTC;0;902,9;903,1;902,7;659,1;15,9;12,3;16,1;15,6;12,4;11,8;80;78;79;23;6,7;2,4;
2025/10/10;1300 UTC;0;902,5;903;902,4;1033,8;16,8;12,6;16,9;15,9;12,9;12,1;80;76;77;34;6,7;2,4;
2025/10/10;1400 UTC;0;901,6;902,5;901,6;1805,4;18;12,9;18,4;16,8;13,8;12,6;78;72;72;72;8;3,7;
2025/10/10;1500 UTC;0;901;901,6;901;826,5;17,8;13;18,3;17,6;13,3;12,5;74;71;74;72;7,9;2,3;
2025/10/10;1600 UTC;0;901;901;900,8;251,1;17,2;12,8;17,8;17,2;13,2;12,7;76;73;75;21;7;3,2;
2025/10/10;1700 UTC;0;901;901,1;900,9;407,4;17,6;13,5;17,6;17,1;13,6;12,8;78;75;77;92;6,1;2,3;
2025/10/10;1800 UTC;0;900,9;901;900,7;736,9;18,2;13,4;18,4;17,6;14;13,4;77;73;74;85;4,3;2,2;
2025/10/10;1900 UTC;0;900,8;901;900,8;363,5;17,7;13,4;18,2;17,7;13,6;13,1;76;73;76;68;4,5;2,3;
2025/10/10;2000 UTC;0;900,9;901,1;900,8;131,4;17,4;13,6;17,7;17,4;13,7;13,3;79;75;78;14;4,2;1;
2025/10/10;2100 UTC;0;900,7;901;900,7;34,8;16,5;14;17,5;16,5;14,1;13,5;85;78;85;46;1,8;,4;
2025/10/10;2200 UTC;0;900,7;900,7;900,6;;15,8;13,9;16,5;15,7;14;13,7;88;85;88;2;2;1,2;
2025/10/10;2300 UTC;0;901,1;901,1;900,7;;16,6;14;16,6;15,8;14,2;13,8;88;85;85;45;2,8;1;
2025/10/11;0000 UTC;0;901,6;901,6;901,1;;16,9;13,6;17;16,5;14;13,4;85;80;81;29;4,6;1,8;
2025/10/11;0100 UTC;3,2;901,4;901,7;901,4;;16,1;14,1;17;15,8;14,1;13,6;89;81;88;12;4,3;1,5;
2025/10/11;0200 UTC;0;901;901,4;901;;16;14;16,4;15,9;14,3;13,8;89;86;88;28;4,3;1,1;
2025/10/11;0300 UTC;0;900,5;901;900,5;;16,1;14,2;16,2;15,9;14,2;14;89;88;88;24;3,6;1,6;
2025/10/11;0400 UTC;1,6;899,7;900,5;899,7;;15,7;14,1;16,2;15,7;14,2;13,9;90;88;90;70;4,2;1;
2025/10/11;0500 UTC;5,2;899,3;899,7;899,3;;15,7;14,3;16;15,6;14,6;14,1;92;90;92;200;3,5;1,2;
2025/10/11;0600 UTC;6,6;898,9;899,3;898,9;;15,3;14,4;15,7;15,3;14,5;14,3;94;92;94;350;3,5;,6;
2025/10/11;0700 UTC;5;898,3;898,9;898,3;;15,4;14,6;15,4;15,3;14,6;14,3;95;94;95;68;4,2;1,8;
2025/10/11;0800 UTC;1,2;898,5;898,6;898,1;;15,3;14,4;15,5;15,3;14,6;14,4;95;94;94;51;4,4;1,3;
2025/10/11;0900 UTC;0;898,7;898,8;898,5;37,8;15,3;14,4;15,4;15,1;14,5;14,2;95;94;94;9;3;1,2;
2025/10/11;1000 UTC;0;899,1;899,1;898,7;270,1;16,2;15,3;16,2;15,3;15,3;14,4;94;94;94;60;3;1,6;
2025/10/11;1100 UTC;0;899,6;899,6;899,1;407,7;17;14,9;17;16,2;15,6;14,7;94;87;87;78;4;2;
2025/10/11;1200 UTC;0;899,5;899,6;899,4;1311,8;19,3;15,8;19,3;17;16,3;14,9;87;80;80;81;6,4;3,6;
2025/10/11;1300 UTC;0;899,3;899,5;899,2;2942,7;20,7;15,5;20,7;19,2;16,5;15;82;72;72;83;6,8;3,5;
2025/10/11;1400 UTC;0;899,3;899,5;899,2;2389,4;20,5;15,2;21,1;20,1;16,2;14,6;75;69;71;80;7,2;3,7;
2025/10/11;1500 UTC;,2;898,9;899,4;898,8;2547,9;22;15;22,2;20,4;15,8;14,6;72;64;65;70;6,7;3,4;
2025/10/11;1600 UTC;0;898,1;898,9;898,1;3403,4;22,4;14,2;23,6;21,6;15,9;14,2;67;59;60;64;7,1;3;
2025/10/11;1700 UTC;0;897,3;898,1;897,3;2322;22,4;14,9;23;22,1;15,6;14;65;59;63;86;6,6;3;
2025/10/11;1800 UTC;0;896,6;897,3;896,6;1779,3;22,3;14,5;23,4;22,3;15,8;14,4;64;59;61;83;6,6;2,9;
2025/10/11;1900 UTC;0;896,8;896,8;896,6;1075,3;21,8;15;22,8;21,8;15,4;14,5;66;60;66;143;6,3;1,7;
2025/10/11;2000 UTC;0;897,5;897,5;896,8;400,7;18,2;15,6;21,7;18,2;15,8;14,9;85;66;85;213;5,2;3;
2025/10/11;2100 UTC;0;898,3;898,3;897,5;60,8;17,5;15,7;18,2;17,5;15,8;15,6;89;85;89;218;4,7;2,1;
2025/10/11;2200 UTC;0;898,4;898,5;898,3;;17,5;15,7;17,6;17,5;15,8;15,7;89;89;89;225;3,9;1,1;
2025/10/11;2300 UTC;0;898,9;898,9;898,4;;17,4;15,7;17,7;17,4;15,9;15,6;90;89;90;217;2,5;1,1;
2025/10/12;0000 UTC;0;899,3;899,3;898,9;;17,3;16,2;17,4;17,2;16,2;15,7;94;90;94;252;2,3;1,2;
2025/10/12;0100 UTC;0;899,3;899,4;899,3;;17,2;16,2;17,3;17,2;16,3;16,2;94;93;94;283;1,9;,7;
2025/10/12;0200 UTC;0;899,1;899,4;899,1;;17,1;16,2;17,2;17;16,2;16;94;94;94;112;1,1;,6;
2025/10/12;0300 UTC;0;898,7;899,1;898,7;;16,7;15,8;17,1;16,7;16,2;15,8;94;94;94;335;1,4;,4;
2025/10/12;0400 UTC;0;898,4;898,7;898,3;;16,1;15,3;16,7;16,1;15,8;15,3;95;94;95;297;1,9;,4;
2025/10/12;0500 UTC;0;897,8;898,4;897,8;;15,8;15;16,2;15,8;15,4;15;95;95;95;345;1,8;,7;
2025/10/12;0600 UTC;0;898;898;897,8;;15,2;14,4;15,8;15;15;14,2;95;95;95;340;1,4;,6;
2025/10/12;0700 UTC;0;897,9;898;897,9;;15,5;14,7;15,7;15,1;14,9;14,4;95;95;95;100;1,3;,2;
2025/10/12;0800 UTC;0;898,3;898,3;897,9;;15,7;14,9;15,7;15,2;14,9;14,5;95;95;95;259;1,1;,3;
2025/10/12;0900 UTC;0;898,6;898,6;898,3;30,5;16;15,3;16,1;15,4;15,3;14,7;95;95;95;168;1,1;,5;
2025/10/12;1000 UTC;0;898,5;898,7;898,4;362,8;17,5;16,7;17,5;16;16,7;15,3;95;95;95;97;2,1;1,2;
2025/10/12;1100 UTC;0;898,7;898,9;898,4;700,3;19,4;15,8;19,6;17,5;17,7;15,7;95;79;80;46;4,8;2;
2025/10/12;1200 UTC;0;899;899;898,5;1427,4;20,8;15,2;20,9;19,5;16,4;15,2;80;70;70;39;5;2;
2025/10/12;1300 UTC;0;899,1;899,2;898,8;1019,7;21,1;15,1;21,4;20,7;15,6;14,8;71;67;69;34;5,6;2,5;
2025/10/12;1400 UTC;0;898,3;899,1;898,3;1649,5;21,8;15,6;22,3;21,1;15,9;14,8;69;64;68;42;5,6;2,4;
2025/10/12;1500 UTC;0;897;898,3;897;2579;23,6;15,8;24;21,4;16,8;15;70;60;62;67;6,6;2,8;
2025/10/12;1600 UTC;0;895,5;897;895,5;2908,7;23,8;14,7;24,2;22,4;16,1;13,8;64;54;57;46;8,1;3,3;
2025/10/12;1700 UTC;0;894,6;895,5;894,6;1683,1;23,6;14,5;24,1;23,1;14,9;13,9;59;55;57;61;7,9;3;
2025/10/12;1800 UTC;0;894,3;894,7;894,3;1494,3;23,9;13,6;24,4;23;15,1;13,5;58;52;52;53;8;2,8;
2025/10/12;1900 UTC;0;894,2;894,5;894,2;789,8;23,4;14,3;23,9;23,1;14,3;13;57;52;57;62;6,9;2,7;
2025/10/12;2000 UTC;0;894,4;894,4;894,2;727,7;23,2;14,3;23,8;23,1;14,7;13,9;58;55;57;54;6;1,6;
2025/10/12;2100 UTC;0;895,1;895,1;894,4;66,8;20,2;14,9;23,2;20,2;15,1;14,2;72;57;72;11;4,2;,4;
2025/10/12;2200 UTC;0;895,7;895,7;895,1;;19,7;15,5;20,2;18;15,7;14,8;83;72;77;337;4,1;1,9;
2025/10/12;2300 UTC;0;896,2;896,2;895,6;;18,1;15;19,7;17,9;15,3;14,5;82;75;82;79;4,1;,7;
2025/10/13;0000 UTC;0;897;897,2;896,2;;20,7;15,5;20,7;18,1;15,9;14,9;83;72;72;9;6,2;2,3;
2025/10/13;0100 UTC;6,8;897,4;897,6;897;;17,4;15,3;21;17,1;15,5;13,8;88;66;88;11;8,7;1,3;
2025/10/13;0200 UTC;,2;896,3;897,4;896,3;;17;15,1;17,4;17;15,4;15,1;89;88;89;97;5,1;,9;
2025/10/13;0300 UTC;0;895,9;896,4;895,8;;16,3;15,1;17,2;16,2;15,6;14,9;93;89;93;42;3;,2;
2025/10/13;0400 UTC;0;895,9;896;895,9;;16,3;15,4;16,4;15,9;15,5;14,9;95;93;94;13;2,7;,8;
2025/10/13;0500 UTC;0;895,5;895,9;895,5;;16,7;15,8;16,7;15,5;15,9;14,6;95;94;95;10;3;1,4;
2025/10/13;0600 UTC;,2;895,5;895,5;895,3;;17,7;15,9;17,7;16,7;16,4;15,1;95;89;89;32;4,4;1,3;
2025/10/13;0700 UTC;1,4;895,6;895,7;895,3;;17,7;15,9;18;17,3;16;15,4;89;87;89;58;5,1;2,3;
2025/10/13;0800 UTC;0;895,6;895,8;895,5;,6;18;15,8;18,1;17,7;16;15,8;89;87;87;72;6;2,5;
2025/10/13;0900 UTC;0;896;896;895,5;24,2;18;15,7;18,1;17,9;15,9;15,7;87;86;86;80;6,2;2,8;
2025/10/13;1000 UTC;,2;896,2;896,3;896;145,1;18;15,2;18;17,8;15,7;15,2;87;84;84;83;8,4;4,7;
2025/10/13;1100 UTC;0;896,3;896,3;895,9;237,2;18,2;15;18,3;17,9;15,2;14,8;84;81;81;72;8,7;4,2;
2025/10/13;1200 UTC;0;896,6;896,7;896,3;539,8;19,6;15;19,6;18,2;15,3;14,7;82;74;74;64;9,9;3,9;
2025/10/13;1300 UTC;0;896,5;896,6;896,2;2363,1;21,1;14,6;21,8;19,6;15,7;14;74;63;66;47;12,8;5;
2025/10/13;1400 UTC;0;895,9;896,5;895,9;1721,4;21,4;15;22,3;20,8;15,7;14,3;70;64;67;58;12,1;4,7;
2025/10/13;1500 UTC;0;895,2;895,9;895,1;2559,9;22,5;14,8;23,3;21,4;16,1;14,4;68;60;62;68;12,8;5,4;
2025/10/13;1600 UTC;0;894,9;895,3;894,7;1720;22,3;14,8;23,1;22,2;15,7;14,4;64;61;63;56;13,3;4,6;
2025/10/13;1700 UTC;0;894,2;894,9;894,2;749,8;21,2;15,4;22,3;21,2;15,4;14,6;69;62;69;76;13,3;4,5;
2025/10/13;1800 UTC;0;893,9;894,3;893,9;674,6;21,1;15,1;21,3;21;15,7;15;72;68;69;73;10;3,8;
2025/10/13;1900 UTC;0;894,5;894,5;893,9;229,5;20,3;15,4;21,1;20,3;15,4;14,9;73;68;73;60;9,6;2,9;
2025/10/13;2000 UTC;0;894,8;894,8;894,5;109,1;20,2;15,1;20,4;20,1;15,4;15;74;72;72;85;7,1;3,2;
2025/10/13;2100 UTC;0;895,5;895,5;894,8;21,9;19,5;15,1;20,2;19,5;15,1;14,9;75;72;75;40;6,1;1,6;
2025/10/13;2200 UTC;0;896;896;895,4;;19,6;15,1;20;19,5;15,1;14,9;76;73;75;23;6,9;1,8;
2025/10/13;2300 UTC;0;896,3;896,3;896;;20,2;15;20,3;19,6;15,1;14,8;75;71;72;95;7,5;3,1;
2025/10/14;0000 UTC;0;896,7;896,7;896,2;;20;15,5;20,3;19,9;15,6;15,1;76;72;76;88;5,9;2,4;
2025/10/14;0100 UTC;0;896,8;896,9;896,7;;20;15,6;20,3;19,7;15,6;15,5;77;74;76;86;5,2;2,1;
2025/10/14;0200 UTC;0;896,4;896,8;896,4;;19,8;15,6;20,2;19,4;15,7;15,4;78;75;77;76;4,8;2,1;
2025/10/14;0300 UTC;0;896;896,4;896;;20;15,6;20;19,3;15,7;15,5;79;75;75;63;6,2;2,6;
2025/10/14;0400 UTC;,2;895,4;896;895,4;;19,3;15,8;20,1;19,3;15,8;15,5;80;75;80;78;9,4;4,2;
2025/10/14;0500 UTC;,2;895,1;895,5;895,1;;18,7;16,1;19,3;18,5;16,2;15,8;86;80;85;38;9,4;2,3;
2025/10/14;0600 UTC;0;894,9;895,2;894,9;;18,7;16,1;19;18,6;16,2;16;85;84;85;52;7,2;2,2;
2025/10/14;0700 UTC;,2;895,7;895,7;894,9;;19,5;15,6;19,9;18,5;16,2;15,4;85;76;78;77;10;3,3;
2025/10/14;0800 UTC;0;896,3;896,3;895,7;;18,6;15,2;19,5;18,5;15,8;15;82;78;81;89;7;2,2;
2025/10/14;0900 UTC;,2;896,7;896,7;896,3;9,5;18,1;14,7;18,7;18;15,2;14,6;82;78;80;81;7,1;3,1;
2025/10/14;1000 UTC;,6;897,1;897,2;896,7;203,9;18,4;15,6;18,4;17,6;15,7;14,7;86;80;84;178;7,1;1,1;
2025/10/14;1100 UTC;0;898;898;897,1;410,2;19,7;15,8;19,9;18,3;15,8;15,1;84;75;78;52;4,9;1,9;
2025/10/14;1200 UTC;0;898,1;898,1;897,9;1488,3;21;15,1;21,8;19,7;15,9;15;78;66;69;92;8;3,8;
2025/10/14;1300 UTC;0;898,5;898,5;898,1;902,5;21,6;15,6;21,6;20,6;16;14,8;71;68;69;83;7,4;2,4;
2025/10/14;1400 UTC;0;898,4;898,5;898,4;1000,1;22,8;15,5;22,9;21,6;16,6;15,1;70;64;64;138;5,2;1,8;
2025/10/14;1500 UTC;0;898,3;898,4;898,2;1469,8;21,5;16,8;23,4;21,5;16,8;14,4;75;58;75;237;7,5;3,2;
2025/10/14;1600 UTC;0;898,1;898,3;898;1154,2;20,4;16,2;21,5;20,3;17,1;16;79;74;77;218;7,5;3,1;
2025/10/14;1700 UTC;0;897,9;898,1;897,9;1393,7;19,1;16,1;21,3;19,1;17,1;15,8;83;76;83;216;8,8;3,4;
2025/10/14;1800 UTC;0;898,3;898,3;897,9;744,2;19;15,9;19,7;19;16,6;15,8;84;80;82;243;7;3,6;
2025/10/14;1900 UTC;0;898,6;898,6;898,2;586,5;18,4;14,1;19;18,3;16,1;14,1;84;76;76;243;8,7;3,5;
2025/10/14;2000 UTC;0;898,7;898,8;898,5;402,4;17,8;12,9;18,5;17,8;14;12,6;76;71;73;222;9,3;3,6;
2025/10/14;2100 UTC;0;899,4;899,4;898,7;78,6;17,4;13,8;17,8;17,3;13,8;13;80;73;80;205;7,7;4,1;
2025/10/14;2200 UTC;0;899,8;899,8;899,4;;17,1;13,2;17,4;17;13,9;13,2;81;78;78;207;7,3;3,7;
2025/10/14;2300 UTC;0;900,6;900,6;899,8;;17;13,9;17,2;16,9;13,9;13,1;82;77;82;213;7,2;3,7;
2025/10/15;0000 UTC;0;901,3;901,3;900,6;;17,3;13,6;17,4;17;14;13,5;82;78;79;245;6,4;2,2;
2025/10/15;0100 UTC;0;901,3;901,5;901,3;;16,9;14,2;17,4;16,9;14,2;13,6;84;79;84;218;8,3;4,1;
2025/10/15;0200 UTC;0;901,4;901,5;901,1;;16,9;14,2;17,1;16,8;14,3;14,1;85;83;84;217;8,1;2,4;
2025/10/15;0300 UTC;,4;901,2;901,4;901;;16,3;14;16,9;16,3;14,4;14;87;84;86;255;7,8;3,1;
2025/10/15;0400 UTC;,8;900,5;901,2;900,5;;16,2;14,3;16,4;16,1;14,3;14;88;86;88;211;6,6;2,4;
2025/10/15;0500 UTC;,2;900,1;900,6;900,1;;15,9;13,8;16,3;15,8;14,3;13,7;88;87;87;210;6,8;3;
2025/10/15;0600 UTC;0;900;900,1;899,9;;15,8;13,7;16;15,6;13,9;13,5;88;86;87;215;7,4;3,4;
2025/10/15;0700 UTC;0;900;900;899,9;;15,4;13,4;15,9;15,4;13,7;13,4;88;87;88;228;7,4;2;
2025/10/15;0800 UTC;0;900,5;900,5;900;;15,3;13,3;15,6;15,3;13,5;13,2;88;87;88;217;4,9;2,5;
2025/10/15;0900 UTC;0;900,9;900,9;900,5;60,6;15,3;13,3;15,4;14,9;13,4;13,1;89;87;88;214;4,9;2,6;
2025/10/15;1000 UTC;0;901,3;901,3;900,9;466,1;15,7;13,4;15,9;15,3;13,5;13,2;88;85;86;249;5,5;1,8;
2025/10/15;1100 UTC;0;901,9;901,9;901,3;735,9;16,3;14,1;16,4;15,7;14,1;13,3;87;83;87;199;4,4;2,6;
2025/10/15;1200 UTC;0;902,1;902,2;901,9;1582,3;17,4;14,1;17,5;16,2;14,5;14;88;81;81;218;4,8;3,1;
2025/10/15;1300 UTC;0;902,3;902,3;902,1;2820,1;19;14,4;19,2;17,4;15,2;13,6;82;74;75;229;5,8;3;
2025/10/15;1400 UTC;0;902;902,3;902;3712,7;18,5;14,4;20;18,2;15,7;13,8;78;72;77;229;6,7;3,9;
2025/10/15;1500 UTC;0;901,5;902;901,5;3589;19;14,5;19,8;18,2;15,2;13,8;78;71;75;220;7,9;4,1;
2025/10/15;1600 UTC;0;901,1;901,5;901,1;1933,3;17,5;13,8;19,1;17,5;14,6;13,7;80;74;79;227;7,2;3,9;
2025/10/15;1700 UTC;0;900,7;901,1;900,6;943;16,2;14,3;18;16;14,4;13,6;89;78;89;234;7,5;3,3;
2025/10/15;1800 UTC;0;900,3;900,7;900,3;1161,1;17,1;14,1;17,5;16,2;14,9;14;89;82;82;220;6,4;3,1;
2025/10/15;1900 UTC;0;900,3;900,3;900,2;458,9;16,7;14,3;17,2;16,5;14,3;13,9;87;82;86;211;6,2;2,7;
2025/10/15;2000 UTC;0;900,3;900,3;900,1;268,8;16;14,1;16,7;16;14,4;14,1;89;86;89;234;5,4;2,1;
2025/10/15;2100 UTC;0;900,5;900,5;900,2;53,6;15,8;14,1;16;15,8;14,3;14,1;90;89;90;231;4,8;2,3;
2025/10/15;2200 UTC;0;900,7;900,7;900,5;;15,8;13,9;15,9;15,7;14,3;13,9;90;88;89;240;4,3;1,8;
2025/10/15;2300 UTC;0;901,2;901,2;900,7;;15,5;13,9;15,8;15,5;13,9;13,8;91;89;91;220;3,6;1,4;
2025/10/16;0000 UTC;0;901,3;901,3;901,1;;15,6;14,1;15,6;15,4;14,2;13,9;91;91;91;199;2,8;,9;
2025/10/16;0100 UTC;0;901,2;901,4;901,2;;15,2;13,6;15,7;15,2;14,1;13,6;91;90;90;14;2,4;,6;
2025/10/16;0200 UTC;0;901,1;901,3;901,1;;14,6;13,7;15,2;14,2;13,7;12,8;94;90;94;14;1,7;,8;
2025/10/16;0300 UTC;0;901;901,1;900,9;;15,6;14,6;15,7;14,6;14,7;13,7;95;94;94;9;2,8;,4;
2025/10/16;0400 UTC;0;900,5;901;900,5;;16;14,6;16;15,6;14,9;14,5;94;91;91;10;2;,8;
2025/10/16;0500 UTC;0;899,9;900,5;899,9;;15,6;13,4;16,3;15,6;14,6;13,4;91;86;86;13;2,5;1,4;
2025/10/16;0600 UTC;0;899,8;899,9;899,7;;13,6;12,1;15,6;13,6;13,4;12;92;86;90;358;3,1;,9;
2025/10/16;0700 UTC;0;899,9;899,9;899,7;;12,1;11,2;13,6;12,1;12;11,2;94;90;94;354;1,9;1;
2025/10/16;0800 UTC;0;900,1;900,1;899,9;;11,4;10,3;13;11,4;12,1;10,2;95;91;93;6;3;1,7;
2025/10/16;0900 UTC;0;900,5;900,5;900;49,7;11,9;11;12,7;11;11,8;9,9;95;92;94;24;3,8;1,4;
2025/10/16;1000 UTC;0;900,9;900,9;900,5;908,9;17;13,2;17;11,9;13,5;11;95;78;78;80;5,3;2,6;
2025/10/16;1100 UTC;0;901,2;901,3;900,9;1079,7;16,6;13,1;17,5;16,4;13,3;12,6;80;75;79;75;6,3;3,2;
2025/10/16;1200 UTC;0;901;901,4;901;1623,5;18,4;13,3;18,4;16,6;13,6;12,5;79;72;72;76;6,4;2,9;
2025/10/16;1300 UTC;0;900,6;901;900,6;2499,6;19,4;13,9;19,7;18,3;14,4;13,1;74;70;71;95;8,2;3,9;
2025/10/16;1400 UTC;0;900;900,6;900;2941,3;22;14,2;22,2;19,3;15,2;13,8;72;61;61;70;7,5;3,5;
2025/10/16;1500 UTC;0;899;900;899;3542,7;21,8;14,1;22,5;20,9;15,1;13,6;67;60;62;71;8,2;3,1;
2025/10/16;1600 UTC;0;898,4;899;898,4;3865,7;23,2;14,4;23,6;21,7;15;13,3;63;56;58;73;8,2;3,1;
2025/10/16;1700 UTC;0;897,8;898,4;897,8;3346,9;23,6;13,9;24;22,5;15,1;13,4;59;52;55;97;7,9;2,5;
2025/10/16;1800 UTC;0;897,3;897,9;897,3;2455,3;24,1;13,4;24,5;22,7;14,2;13;57;50;51;103;6,5;2,1;
2025/10/16;1900 UTC;0;897,4;897,4;897,2;1903,3;24,1;14,8;24,8;23,7;14,8;12,1;56;46;56;169;6;1,9;
2025/10/16;2000 UTC;0;897,6;897,6;897,4;972;20,6;15,8;24,1;20,6;16,4;15,1;74;57;74;236;4,5;1,9;
2025/10/16;2100 UTC;0;898,1;898,1;897,5;66,1;18,3;15;20,5;18,3;15,9;15;81;74;81;262;3,1;,9;
2025/10/16;2200 UTC;0;898,3;898,3;898,1;;16,2;13,7;18,3;16,2;15,3;13,6;86;81;85;336;2,2;,9;
2025/10/16;2300 UTC;0;898,4;898,5;898,2;;15,2;13,6;16,2;15,1;13,8;13,3;90;85;90;271;1,9;,6;
2025/10/17;0000 UTC;0;898,8;898,8;898,4;;14,2;13;15,2;14,2;13,5;13;93;89;93;285;1,1;,6;
2025/10/17;0100 UTC;0;898,9;899;898,8;;13,7;12,8;14,7;13,7;13,8;12,7;94;93;94;295;1,3;,5;
2025/10/17;0200 UTC;0;899;899,1;898,9;;13,3;12,4;13,8;13,1;12,9;12,3;95;94;95;262;1,1;,3;
2025/10/17;0300 UTC;0;898,7;899;898,7;;13,3;12,5;13,4;12,9;12,7;12,1;95;95;95;356;2,3;1,2;
2025/10/17;0400 UTC;0;898,4;898,7;898,4;;13,2;12,5;13,4;12,8;12,6;12;95;95;95;31;1,9;,7;
2025/10/17;0500 UTC;0;898;898,4;898;,8;15,3;14,6;15,3;13,2;14,6;12,5;95;95;95;22;2,5;1,2;
2025/10/17;0600 UTC;,2;897,7;898;897,7;,8;15,4;14,6;15,5;15,2;14,7;14,4;95;95;95;9;3,1;1;
2025/10/17;0700 UTC;0;897,5;897,7;897,5;,6;15,1;14,2;15,5;15,1;14,6;14,2;95;94;94;10;2,5;,6;
2025/10/17;0800 UTC;0;897,6;897,7;897,5;;14,1;13,3;15,1;14,1;14,1;13,2;95;94;95;360;1,5;,7;
2025/10/17;0900 UTC;0;897,9;897,9;897,6;55,9;14,4;13,6;14,4;13,5;13,6;12,6;95;95;95;15;2;1;
2025/10/17;1000 UTC;0;898,3;898,3;897,9;672;17,3;16;17,3;14;16,3;13,2;95;92;92;65;4,6;2,1;
2025/10/17;1100 UTC;0;898,3;898,4;898,2;1640,5;19,7;15,5;19,8;17,3;16,1;15,2;92;76;77;87;6,7;3,3;
2025/10/17;1200 UTC;0;898,5;898,6;898,3;1506,2;19,8;15,2;20,8;19,7;16;15,1;77;72;75;78;7,2;3,3;
2025/10/17;1300 UTC;0;898,3;898,6;898,3;2656,9;21,2;16;21,2;19,8;16;15,2;75;71;72;81;8;4,3;
2025/10/17;1400 UTC;0;897,5;898,4;897,5;3726,5;22,2;15,5;22,7;21,1;16,4;15,3;72;65;66;94;9,3;4,9;
2025/10/17;1500 UTC;0;896,7;897,5;896,7;3822,8;24,1;15,9;24,4;22,1;16,5;15,4;67;58;60;90;8,2;4,1;
2025/10/17;1600 UTC;0;896;896,7;896;3694,2;25,1;14;25,8;24,2;16,5;13,8;61;47;50;53;7,8;3,2;
2025/10/17;1700 UTC;0;895,6;896;895,5;3062,5;25,5;13,7;26;24,9;15,6;12,9;54;46;48;81;7,5;3,7;
2025/10/17;1800 UTC;0;895,6;895,7;895,6;1316,1;25,8;14,7;26,1;24,7;14,7;13,4;53;47;50;81;7;1,7;
2025/10/17;1900 UTC;0;895,4;895,7;895,4;1226,3;26;14,6;26,1;25;15,2;13,7;53;48;50;59;3,9;1,4;
2025/10/17;2000 UTC;0;895,4;895,4;895,3;893,4;23,3;14,9;26;23,2;15,4;13,5;62;48;59;4;3,9;1,3;
2025/10/17;2100 UTC;0;895,4;895,4;895,3;80,1;20,7;15,2;23,3;20,7;15,9;15,2;71;59;71;359;4;1;
2025/10/17;2200 UTC;0;896;896;895,3;;18,1;14,9;20,8;18,1;15,4;14,7;82;71;82;360;2,5;,9;
2025/10/17;2300 UTC;0;896,6;896,6;896;;17,8;14,8;18,6;17,5;15,2;14,3;84;80;82;9;2,2;1,1;
2025/10/18;0000 UTC;0;897;897;896,6;;17,2;14,6;18;17,1;15,4;14,3;85;82;85;2;2,3;1,3;
2025/10/18;0100 UTC;0;897;897,2;897;;17,7;14,7;18,7;17;15,6;14,5;86;80;83;8;3,6;1,9;
2025/10/18;0200 UTC;0;896,4;897;896,4;;17,2;14,8;18,1;17,1;15,9;14,7;88;83;86;5;3,2;1,6;
2025/10/18;0300 UTC;0;895,8;896,4;895,8;;17,5;15,3;18;17,1;15,6;14,7;88;85;87;57;2,8;1,1;
2025/10/18;0400 UTC;0;895,3;895,8;895,3;;16,9;15,1;17,6;16,7;15,6;14,7;89;87;89;17;3,1;1,6;
2025/10/18;0500 UTC;0;894,8;895,3;894,8;;17,5;15;18,5;16,5;16,1;14,2;90;81;85;4;4,2;2,1;
2025/10/18;0600 UTC;0;894,3;894,8;894,2;;18,1;15,6;18,8;16,5;16;14,2;89;81;85;19;4,9;2,6;
2025/10/18;0700 UTC;0;894,4;894,5;894,1;;16,8;14,1;18,5;16,8;15,9;14,1;87;81;84;28;4,2;1,7;
2025/10/18;0800 UTC;0;894,9;894,9;894,4;;16,8;14,3;18;16,7;15,4;14;87;82;85;41;4;1,2;
2025/10/18;0900 UTC;0;895,2;895,2;894,9;52,1;19,5;14,1;19,5;16,7;15,2;14,1;87;71;71;23;4,4;2,7;
2025/10/18;1000 UTC;0;895,3;895,5;895,2;267,7;20,7;13,3;20,9;18,9;14,3;13;75;60;63;103;5,8;2,9;
2025/10/18;1100 UTC;0;895,4;895,5;895,3;935,3;22,1;13,2;22,1;20,7;13,9;12,6;63;55;57;88;7,2;3,4;
2025/10/18;1200 UTC;0;894,9;895,4;894,8;2030;23,4;13,7;23,7;22,1;14,3;12,5;58;52;55;77;10,3;4,8;
2025/10/18;1300 UTC;0;894,5;895;894,4;3038;23,2;14,5;23,9;22,9;14,7;13,5;59;53;58;67;10,3;4,4;
2025/10/18;1400 UTC;0;894,3;894,6;894,3;1350,3;22,6;14,9;23,2;22,3;15,1;14,2;63;58;62;78;9,3;4,5;
2025/10/18;1500 UTC;0;893,5;894,4;893,5;1167,3;22,8;15,3;23,3;22,6;15,3;14,9;63;60;63;85;8,6;4,3;
2025/10/18;1600 UTC;0;893,1;893,5;893,1;1033,8;23,2;15,7;23,5;22,8;15,7;15,1;63;60;63;71;9;3,1;
2025/10/18;1700 UTC;0;892,5;893,1;892,4;848,1;24,1;15,8;24,1;23,2;16,2;15,6;63;59;60;52;7,6;2,9;
2025/10/18;1800 UTC;0;893,4;893,4;892,4;510,9;23,1;14,5;24,6;23,1;15,9;12,8;60;49;58;351;8,9;1,5;
2025/10/18;1900 UTC;0;892,8;893,4;892,7;563,3;23;14;23,4;22,8;14,5;13,7;58;55;57;13;11,3;3;
2025/10/18;2000 UTC;0;893,3;893,3;892,6;226,5;22,3;14,3;23;22,3;14,4;14;61;57;61;214;10,1;2,2;
2025/10/18;2100 UTC;,8;894;894;893,3;8,2;19,5;17,5;22,3;19,5;17,5;14,4;88;61;88;207;6,1;1,9;
2025/10/18;2200 UTC;4,6;894,7;894,7;894;;18,4;17,2;19,6;18,4;17,5;16,8;93;88;93;241;6,2;3,6;
2025/10/18;2300 UTC;,4;894,8;894,9;894,7;;18,3;16,1;18,5;18,3;17,3;16,1;94;87;87;209;6,3;3,5;
2025/10/19;0000 UTC;0;895,2;895,3;894,8;,2;18,1;16,1;18,3;18;16,1;16;88;87;88;214;7,8;3,5;
2025/10/19;0100 UTC;,2;895,2;895,3;895,2;;17,8;16,3;18,1;17,8;16,3;16;91;87;91;218;7,8;2,5;
2025/10/19;0200 UTC;,6;894,8;895,2;894,8;;17;15,2;17,8;17;16,2;15,2;91;89;89;218;6,5;3,6;
2025/10/19;0300 UTC;,8;894,3;894,8;894,3;;16,9;15,2;17,1;16,9;15,3;15;90;88;90;230;6,3;2,3;
2025/10/19;0400 UTC;2,2;893,7;894,4;893,6;;17,1;15,7;17,2;16,8;15,7;15,2;92;90;92;207;6,1;2,7;
2025/10/19;0500 UTC;4,2;893,4;893,8;893,4;;17;15,8;17,1;17;16;15,7;94;92;92;220;6,1;2,5;
2025/10/19;0600 UTC;2,6;893,4;893,4;893,1;;17;15,4;17,1;16,9;15,9;15,4;93;90;90;218;6,8;3,3;
2025/10/19;0700 UTC;4,4;894,2;894,2;893,3;,8;15;13,4;17;14,9;15,3;13,3;91;88;90;230;11,8;3,5;
2025/10/19;0800 UTC;3,4;894,6;894,6;894,2;;15,2;13,3;15,3;14,9;13,6;13,3;91;88;88;232;9,9;4,5;
2025/10/19;0900 UTC;3,8;895,4;895,4;894,6;37,5;15,2;13,5;15,2;14,9;13,5;13;90;88;90;220;10,3;4,8;
2025/10/19;1000 UTC;4,2;896,1;896,1;895,3;233,3;14,8;13;15,6;14,8;13,9;13;90;87;89;221;14,5;5,6;
2025/10/19;1100 UTC;7;897;897,1;896;511,5;14,1;12,7;14,8;14,1;13,3;12,7;93;89;92;209;16,6;8,5;
2025/10/19;1200 UTC;6;897,7;897,8;897;1344,2;13,9;12,9;14,4;13,8;13,1;12,5;94;91;94;216;18,3;8,7;
2025/10/19;1300 UTC;5,6;898,3;898,5;897,5;1987,7;13,3;12,1;14,1;13,3;13,1;11,7;94;90;92;229;18,7;7;
2025/10/19;1400 UTC;3,4;898,4;898,6;898,2;1130,7;13,7;12,2;13,7;13;12,7;11,7;94;90;91;216;15;7,7;
2025/10/19;1500 UTC;4,6;898,6;898,7;898,3;1405;12,8;11;13,7;12,8;12,1;11;91;88;89;222;15,8;7,2;
2025/10/19;1600 UTC;3,6;898,2;898,6;898,1;1752,5;13,1;11,4;13,6;12,7;11,9;10,8;90;88;89;222;15,4;7;
2025/10/19;1700 UTC;3;898,4;898,5;897,9;1707,5;12,1;10,6;13,5;12,1;11,7;10,2;90;87;90;212;14,9;7,5;
2025/10/19;1800 UTC;3,6;898,4;898,6;898,2;795,2;12,2;10,5;12,6;11,8;11,7;9,8;94;87;89;215;15,8;5,9;
2025/10/19;1900 UTC;3,6;898,7;898,7;898,4;780,3;12,4;10,9;12,4;11,8;11;10,2;92;89;90;221;14,1;4,6;
2025/10/19;2000 UTC;3,4;899,2;899,3;898,6;500,6;11,7;10;12,6;11,7;11;10;91;89;89;226;12,9;4,8;
2025/10/19;2100 UTC;3;899,8;899,8;899,1;82,3;11,2;9,4;12;11,1;10,3;9,3;91;89;89;219;14,5;7,1;
2025/10/19;2200 UTC;1,8;900,1;900,2;899,7;,2;11,5;9,7;11,6;11,1;9,9;9,4;90;89;89;228;13,8;5,9;
2025/10/19;2300 UTC;3,4;900,7;900,8;900,1;;11,1;9,2;11,7;11,1;10;9,2;90;88;88;229;13,6;6;
2025/10/20;0000 UTC;2;901,4;901,4;900,7;,2;10,4;8,4;11;10,3;9,1;8,4;89;87;87;243;13,1;5,4;
2025/10/20;0100 UTC;1,2;901,6;901,6;901,2;;10,7;8,7;11;10,4;9,4;8,4;90;87;87;228;11,9;5,8;
2025/10/20;0200 UTC;1,4;901,8;901,9;901,5;;10,4;7,9;10,7;10;8,5;7,5;87;83;85;227;13,3;5,7;
2025/10/20;0300 UTC;1,4;901,1;901,8;901,1;;10,5;8,1;10,6;10,1;8,1;7,6;86;84;85;211;11,4;4;
2025/10/20;0400 UTC;,8;901;901,1;900,7;0;9,8;7,7;10,6;9,8;8,8;7,7;88;84;86;233;11,2;5,8;
2025/10/20;0500 UTC;,8;900,5;901;900,4;;10,4;8,3;10,4;9,7;8,4;7,6;88;84;87;228;11,2;4,6;
2025/10/20;0600 UTC;1;900,6;900,6;900,1;;9,8;7,8;10,4;9,8;8,6;7,8;89;87;87;226;10,9;5,3;
2025/10/20;0700 UTC;,6;901,2;901,2;900,5;;9,7;7,5;10;9,5;7,8;7,3;87;85;86;227;10,7;4,5;
2025/10/20;0800 UTC;0;901,8;901,8;901,2;;9,7;7,5;9,8;9,4;7,7;6,9;87;83;86;223;10,6;4,3;
2025/10/20;0900 UTC;0;902,6;902,6;901,8;71,5;9,9;7;9,9;9,5;7,5;7;86;82;83;219;7,4;3,7;
2025/10/20;1000 UTC;0;903,1;903,1;902,6;283,3;10,1;6,8;10,2;9,8;7,1;6,1;83;76;80;227;7,2;2,8;
2025/10/20;1100 UTC;1,2;903,9;903,9;903;444,7;10;8,1;10,4;9,9;8,1;6,8;88;80;88;236;8,5;3;
2025/10/20;1200 UTC;,8;904,6;904,6;903,9;848,9;10,6;7,9;10,7;9,7;8,2;7,4;88;83;83;234;9,9;3,1;
2025/10/20;1300 UTC;0;904,5;904,7;904,5;1129,2;10,8;8,5;11,3;10,4;8,5;7,5;86;80;86;224;7;3,1;
2025/10/20;1400 UTC;,2;904,6;904,8;904,5;1792,2;12,2;8,5;12,8;10,6;9,9;7,8;86;78;78;241;7,3;2,5;
2025/10/20;1500 UTC;,6;904,6;904,7;904,5;1593,5;10,8;8,3;12,2;10,8;9,1;7,4;85;76;84;215;6,7;3,3;
2025/10/20;1600 UTC;,2;904,6;904,6;904,4;2621,9;10,7;8,2;12,1;10,6;9,7;7,8;87;80;84;214;10,2;5;
2025/10/20;1700 UTC;0;904,1;904,6;904,1;2983,2;11,9;9,1;12,3;10,7;10,1;8;87;81;83;239;9,4;3,2;
2025/10/20;1800 UTC;0;903,8;904,1;903,8;2092,2;10,7;7,9;12;10,7;9,4;7,9;86;81;82;225;8,8;3,9;
2025/10/20;1900 UTC;,2;904,1;904,1;903,7;1035,1;9,8;7,7;11,1;9,7;8,5;7,1;86;82;86;233;11;3;
2025/10/20;2000 UTC;0;904,4;904,4;904,1;477,7;10;7,9;10,1;9,8;8;7,7;87;86;87;243;7,4;3,4;
2025/10/20;2100 UTC;,4;904,8;904,8;904,4;62,6;9,5;7,6;10;9,2;7,9;6,9;88;85;88;243;9,1;2,5;
2025/10/20;2200 UTC;,2;905,4;905,4;904,8;;9,8;7,4;9,9;9,5;7,7;7,4;88;85;85;232;7,8;3,4;
2025/10/20;2300 UTC;0;906,2;906,2;905,4;;9,8;7,5;9,9;9,7;7,6;7,2;86;84;85;225;8;2,5;
2025/10/21;0000 UTC;,2;906,6;906,6;906,2;;9,7;7,2;9,9;9,6;7,6;7,2;87;83;84;245;6,9;3,1;
2025/10/21;0100 UTC;0;906,6;906,7;906,5;;8,9;5,7;9,9;8,8;7,2;5,4;85;75;80;266;6,6;2,8;
2025/10/21;0200 UTC;0;906,6;906,7;906,5;;9;6,2;9,1;8,4;6,5;5,7;86;80;83;279;4,9;2,2;
2025/10/21;0300 UTC;0;906,1;906,7;906,1;;7,6;5,8;9,3;7,6;6,3;5,4;89;80;89;251;4,1;1,4;
2025/10/21;0400 UTC;0;905,6;906,1;905,6;;6,5;5,4;7,6;6,3;6,2;5;93;89;93;264;4;1,6;
2025/10/21;0500 UTC;0;904,9;905,6;904,9;;6,1;5,5;6,7;6,1;5,9;5,4;96;93;96;241;3,2;1,7;
2025/10/21;0600 UTC;0;904,7;905;904,7;;7;6,3;7;6;6,4;5,4;96;95;95;225;5,5;1,5;
2025/10/21;0700 UTC;0;904,6;904,7;904,4;;7,8;6,4;8,1;6,8;7,3;6;95;90;90;246;3,8;1,6;
2025/10/21;0800 UTC;0;905,1;905,2;904,6;;9,3;6,6;9,4;7,9;6,8;6,2;91;81;83;218;6,5;2,5;
2025/10/21;0900 UTC;,4;905,8;905,8;905,1;58,7;8;5,8;9,5;7,9;6,6;5,2;86;76;86;248;7;1,2;
2025/10/21;1000 UTC;0;906,5;906,5;905,7;740,6;11;6;11,2;8;6,7;5,7;86;71;71;236;6,1;2,4;
2025/10/21;1100 UTC;0;907;907;906,5;2013,9;12,4;5,8;12,5;10,9;6,3;4,7;71;61;64;236;6,9;2,8;
2025/10/21;1200 UTC;0;907,5;907,5;907;1299,4;12;6,6;12,4;11,7;6,6;4,9;71;62;70;162;6,3;1,9;
2025/10/21;1300 UTC;0;907,7;907,8;907,5;1791,5;12;7,7;12,7;11,5;8,1;6,3;76;69;75;225;4,8;2,2;
2025/10/21;1400 UTC;0;907,1;907,8;907,1;1863,1;14;7,1;14,7;11,7;8,2;6,6;78;61;63;240;6,1;2,1;
2025/10/21;1500 UTC;0;906,5;907,1;906,5;1815,2;14,5;8,8;15,5;13,8;9;6,9;71;61;69;257;6,9;3,1;
2025/10/21;1600 UTC;0;906,1;906,5;906,1;2101,3;12,3;9,2;15,3;12,3;9,9;8,2;81;64;81;226;7,1;4,5;
2025/10/21;1700 UTC;0;905,6;906,1;905,6;2270,7;13,5;9,6;14,4;11,8;11,4;9,2;89;74;78;232;7,1;4,2;
2025/10/21;1800 UTC;0;905,5;905,6;905,3;1825,4;12,2;9,6;15;12,2;10,3;8,9;85;70;84;223;7;3,4;
2025/10/21;1900 UTC;0;905,4;905,5;905,2;868,8;12,3;9,7;12,9;12,1;10,4;9,7;87;83;85;240;5,6;2,4;
2025/10/21;2000 UTC;,2;905,8;905,8;905,4;455,5;11,9;9;12,3;11,8;10;8,9;86;82;83;235;5,8;2;
2025/10/21;2100 UTC;0;905,9;905,9;905,8;66,3;11,1;8,1;11,9;11,1;8,9;8,1;83;81;81;246;4,6;2;
2025/10/21;2200 UTC;0;906,2;906,2;905,9;;9,6;7,1;11,1;9,6;8;7,1;85;81;84;250;4,7;1,3;
2025/10/21;2300 UTC;0;907;907;906,2;;8,7;6,4;9,7;8,7;7,1;6,2;86;83;85;199;4,1;1,1;
2025/10/22;0000 UTC;0;907,4;907,4;906,9;;7,6;6;8,7;7,5;6,4;5,8;90;85;90;251;3,2;,6;
2025/10/22;0100 UTC;0;907,4;907,5;907,3;;7,4;6,2;8,1;7,4;6,8;6;92;90;92;292;2,2;,8;
2025/10/22;0200 UTC;0;906,9;907,4;906,9;;6,9;6,1;7,5;6,9;6,7;6;95;92;95;234;2,4;,8;
2025/10/22;0300 UTC;,2;906,5;906,9;906,5;;5,6;5;7;5,6;6,3;5;96;95;96;213;2,3;,9;
2025/10/22;0400 UTC;0;905,9;906,5;905,9;;5,9;5,4;6,4;5,3;5,8;4,8;96;96;96;254;3,7;2;
2025/10/22;0500 UTC;0;905,4;905,9;905,4;;5,4;4,9;6;4,7;5,4;4,2;97;96;97;235;3,7;1,6;
2025/10/22;0600 UTC;0;905,2;905,4;905,2;;4,8;4,3;5,9;4,7;5,4;4,2;97;97;97;249;3,2;,3;
2025/10/22;0700 UTC;0;905,6;905,6;905,2;;4,7;4,2;5,1;4,6;4,6;4,2;97;97;97;315;1,8;1;
2025/10/22;0800 UTC;0;905,9;905,9;905,6;;4,3;3,8;5,6;4,3;5,2;3,8;97;97;97;188;3,4;,6;
2025/10/22;0900 UTC;0;906,3;906,4;905,8;106,7;5,9;5,4;5,9;4;5,4;3,6;97;97;97;357;2,3;,9;
2025/10/22;1000 UTC;0;906,9;906,9;906,3;651,3;8,6;8;8,6;5,8;8;5,4;97;96;96;214;2,6;1,1;
2025/10/22;1100 UTC;0;907,5;907,5;906,9;1395,8;12,7;8;12,9;8,6;10,2;8;96;73;73;258;2,5;,6;
2025/10/22;1200 UTC;0;907,6;907,6;907,4;1890,5;14,7;4,3;15,3;12,7;8,7;4;74;48;50;19;3,3;1,3;
2025/10/22;1300 UTC;,2;907,6;907,7;907,6;1774,7;15,2;5,3;15,6;14,6;6,2;4,1;55;48;52;98;5,2;1,7;
2025/10/22;1400 UTC;0;907,2;907,6;907,2;1900,4;15,4;8,3;16,5;15,1;8,3;4,8;63;49;63;165;4,6;1,7;
2025/10/22;1500 UTC;0;907;907,3;907;1770,5;14,8;9,4;16,2;14,4;9,7;6,8;72;56;70;235;6,2;3,4;
2025/10/22;1600 UTC;0;906,7;907;906,7;1467,4;15;10,5;15,7;14,3;10,8;8,8;77;65;75;232;5,9;2,4;
2025/10/22;1700 UTC;0;905,9;906,7;905,9;2445,3;16,6;10,1;17,2;15;10,9;9,1;76;62;66;229;5;2,5;
2025/10/22;1800 UTC;0;905,8;905,9;905,7;1430,8;15,8;9,5;16,6;15,4;10,3;9,3;71;64;66;236;5,9;2,4;
2025/10/22;1900 UTC;0;905,5;905,8;905,3;1551,7;15,7;9,4;17,6;15,7;10,1;6,7;67;49;66;221;4,9;2;
2025/10/22;2000 UTC;;;;;;;;;;;;;;;;;;
2025/10/22;2100 UTC;;;;;;;;;;;;;;;;;;
2025/10/22;2200 UTC;;;;;;;;;;;;;;;;;;
2025/10/22;2300 UTC;;;;;;;;;;;;;;;;;;
2025/10/23;0000 UTC;0;907,3;907,3;907;;10;9;10,7;9,6;9,4;8,5;94;90;94;253;1,5;,9;
2025/10/23;0100 UTC;0;907,3;907,5;907,3;;9,6;8,3;10,6;9,4;9,6;8,1;94;90;92;50;2,5;1;
2025/10/23;0200 UTC;0;907,1;907,5;907,1;;10,1;9,2;10,1;9,5;9,3;8,4;94;92;94;147;1,9;,6;
2025/10/23;0300 UTC;0;906,7;907,1;906,7;;10,4;9;11;10;10,1;9;95;91;91;256;3,5;,8;
2025/10/23;0400 UTC;0;906,2;906,7;906,2;;10,4;8,9;10,9;10,3;9,5;8,7;92;89;90;255;2,8;,7;
2025/10/23;0500 UTC;0;905,6;906,2;905,5;;10,2;9,1;10,4;10,1;9,1;8,8;93;90;93;231;1,8;,9;
2025/10/23;0600 UTC;0;905,3;905,6;905,3;;9,1;7,9;10,2;9,1;9,1;7,9;94;92;92;11;3,2;1,5;
2025/10/23;0700 UTC;0;905,4;905,4;905,2;;8,1;7,3;9,3;8;8,3;7,1;95;92;95;267;3,2;,8;
2025/10/23;0800 UTC;0;905,7;905,7;905,4;;8,6;7,9;8,6;8;7,9;7,2;95;95;95;32;2;,4;
2025/10/23;0900 UTC;,2;906,1;906,1;905,6;82,5;9,7;9;9,7;8,6;9;7,9;95;95;95;201;1,5;1;
2025/10/23;1000 UTC;0;906,5;906,5;906,1;710,8;13;9,2;13;9,7;10,3;8,6;95;76;78;20;3,5;1,4;
2025/10/23;1100 UTC;0;906,9;906,9;906,5;1948,7;14,4;5,8;14,9;12,8;9,3;5,5;78;56;56;25;4,6;1,2;
2025/10/23;1200 UTC;0;906,9;907;906,8;2836,4;16;3,4;17;14,1;7,7;2,5;60;40;43;98;5;2,1;
2025/10/23;1300 UTC;0;906,6;906,9;906,6;3488,9;17,4;3,7;17,7;15,9;5,3;1,7;46;35;40;133;5,9;2,5;
2025/10/23;1400 UTC;0;906,2;906,6;906,1;3865,4;18,4;1,7;19,1;17,1;4,5;1;42;31;33;43;6,2;3;
2025/10/23;1500 UTC;0;905,5;906,1;905,5;4118,7;19,1;1,3;19,8;18,3;4,4;,6;37;28;30;114;6,7;1,6;
2025/10/23;1600 UTC;0;904,7;905,5;904,7;2968;20,8;1,8;20,8;18,2;4,2;,6;39;27;28;113;6,3;2;
2025/10/23;1700 UTC;0;903,7;904,7;903,7;3464,2;20,4;1,3;21,1;19,4;4,3;,2;35;26;28;99;6,1;2,4;
2025/10/23;1800 UTC;0;903,3;903,7;903,2;2956,2;18,6;10,5;20,8;18,5;10,8;,3;59;27;59;215;7,4;3,7;
2025/10/23;1900 UTC;0;903,4;903,5;903,2;1533,6;16,5;11;18,8;16,5;11,3;10,4;70;58;70;232;7,2;3,2;
2025/10/23;2000 UTC;0;904,1;904,1;903,4;597,3;16;11,2;16,8;16;11,4;10,9;73;69;73;212;7,3;2,7;
2025/10/23;2100 UTC;0;904,7;904,7;904,1;120,8;14,8;11,5;16;14,8;11,6;11,2;80;73;80;197;4,9;1,6;
2025/10/23;2200 UTC;0;905,1;905,1;904,7;;13,4;10,8;14,9;13,4;11,6;10,8;85;80;84;21;3,4;,8;
2025/10/23;2300 UTC;0;905,6;905,6;905,1;;11,9;9,8;13,8;11,7;10,9;9,4;87;78;87;356;2,5;1,4;
2025/10/24;0000 UTC;0;906;906,1;905,6;;11,9;9,4;12,4;11,7;10,2;9,1;87;83;85;347;3,7;2,1;
2025/10/24;0100 UTC;0;906,3;906,3;906;;11,1;8,4;11,9;10,4;9,3;8,2;87;83;84;22;6,2;2,6;
2025/10/24;0200 UTC;0;905,9;906,3;905,9;;11,2;8,2;11,7;10,3;8,9;7,8;86;81;82;349;6,2;2,1;
2025/10/24;0300 UTC;0;906;906,1;905,9;;9,7;7,5;11,2;9,4;8;7,1;86;81;86;359;5,8;1,7;
2025/10/24;0400 UTC;0;905,2;906;905,2;;11;7,8;11,4;9,7;8,3;7,4;86;79;80;2;4,5;2,2;
2025/10/24;0500 UTC;0;904,8;905,2;904,8;;11;7,9;11,3;10,2;8,2;7,4;83;79;81;358;4,6;2,2;
2025/10/24;0600 UTC;0;904,6;904,8;904,5;;9,1;6,9;11;9,1;7,8;6,9;86;81;86;357;4,5;1,2;
2025/10/24;0700 UTC;0;904,6;904,6;904,5;;8,3;6;9,7;8,3;7,7;6;89;84;85;19;3,9;1,1;
2025/10/24;0800 UTC;0;904,9;904,9;904,6;;7,8;6,3;8,6;7,4;6,9;5,6;91;85;91;79;2,9;1;
2025/10/24;0900 UTC;0;905,4;905,4;904,9;117,6;7,6;6,8;7,8;6,6;6,8;5,4;95;90;95;220;2,6;,7;
2025/10/24;1000 UTC;0;905,8;905,8;905,4;1015,1;12;8,7;12,1;7,4;9;6,7;95;79;80;104;1,6;,7;
2025/10/24;1100 UTC;0;906;906;905,8;1945,4;16,2;7,4;16,3;11,9;9,6;6,2;81;54;56;59;4,6;2,1;
2025/10/24;1200 UTC;0;906,3;906,3;906;2788,7;17,8;5;17,8;15,8;7,7;2,3;58;37;43;56;6,1;2,8;
2025/10/24;1300 UTC;0;905,6;906,3;905,6;3429,3;18,5;4,5;19,1;17;6;2,6;46;37;40;33;7,5;2,7;
2025/10/24;1400 UTC;0;905,1;905,7;905,1;3711,8;19,9;3,7;20,5;18,4;6,4;2,1;42;31;34;47;6,8;3;
2025/10/24;1500 UTC;0;904,2;905,1;904,2;3840,6;19,8;3,8;20,9;19,7;4,8;0;36;25;35;81;7,7;2,9;
2025/10/24;1600 UTC;0;903,3;904,2;903,3;3868;20,9;4,3;21,8;19,8;6,4;3,9;39;32;34;65;8,2;2,2;
2025/10/24;1700 UTC;0;902,6;903,3;902,6;2802,7;20,5;5,8;21,7;20,3;6,2;3,8;38;32;38;44;6,9;2,8;
2025/10/24;1800 UTC;0;902,2;902,6;902,2;2639,6;20,3;6,4;21,9;20,1;6,8;4,4;42;33;40;69;7,4;3,1;
2025/10/24;1900 UTC;0;901,8;902,2;901,8;1074,8;19,5;7,3;20,7;19,5;7,5;6;46;39;45;70;7,9;2,9;
2025/10/24;2000 UTC;0;901,8;901,8;901,6;333,9;17,8;8;19,5;17,8;8;7,2;53;45;53;44;5,5;1,8;
2025/10/24;2100 UTC;0;902,2;902,2;901,8;93,7;17;9,6;17,8;16,4;9,6;7,9;63;53;62;79;5;1,3;
2025/10/24;2200 UTC;0;902,6;902,6;902,2;;15,7;10,9;17,1;15,6;10,9;9,9;73;62;73;57;5,2;1,6;
2025/10/24;2300 UTC;0;903,2;903,2;902,6;;15,3;11,1;15,7;15,3;11,2;10,9;76;73;76;40;6,2;1,5;
2025/10/25;0000 UTC;0;903,6;903,7;903,2;;14,9;11;15,4;14,9;11,1;11;78;75;78;21;4,9;2,2;
2025/10/25;0100 UTC;0;903,8;903,8;903,6;;14,5;11;14,9;14,4;11;10,9;80;78;79;15;5;2,4;
2025/10/25;0200 UTC;0;903,3;903,8;903,2;;14,4;10,8;14,6;14,4;11;10,8;79;78;79;26;5;1,8;
2025/10/25;0300 UTC;0;903,1;903,3;903;;14,2;10,6;14,4;14,2;10,8;10,6;79;78;79;21;5,4;1,7;
2025/10/25;0400 UTC;0;902,9;903,1;902,8;;14,3;10,7;14,4;14,2;10,7;10,5;79;78;79;21;4;1,5;
2025/10/25;0500 UTC;0;902,3;903;902,3;;13,9;11;14,3;13,9;11;10,7;83;79;83;82;3,1;1,5;
2025/10/25;0600 UTC;0;901,8;902,4;901,8;;13,7;10,8;13,9;13,5;11,1;10,8;85;82;83;2;3,3;1,1;
2025/10/25;0700 UTC;0;901,5;901,8;901,4;;13,5;10,9;13,8;13,5;10,9;10,7;84;82;84;360;3,2;1,4;
2025/10/25;0800 UTC;0;901,5;901,5;901;;13,7;11,3;13,8;13,4;11,3;10,9;86;84;85;357;3,8;1,3;
2025/10/25;0900 UTC;0;901,7;901,7;901;46,4;14,1;11,4;14,1;13,7;11,4;11,2;85;84;84;12;4,4;2,4;
2025/10/25;1000 UTC;0;901,6;901,9;901,6;293,1;14,5;11,4;14,5;14,1;11,6;11,3;84;81;82;24;6,1;2,8;
2025/10/25;1100 UTC;0;902,5;902,5;901,6;551;15,1;11,6;15,2;14,5;11,8;11,4;83;79;79;31;8,8;2,4;
2025/10/25;1200 UTC;0;903,2;903,2;902,5;1002,6;16,3;11,7;16,6;14,8;12,6;11,5;82;74;74;45;7;2,2;
2025/10/25;1300 UTC;0;903,2;903,4;903,1;659,1;16,4;12,6;16,4;15,9;12,6;11,5;80;74;78;11;6,2;2,9;
2025/10/25;1400 UTC;0;903;903,3;903;785,8;17,5;12,7;17,5;15,9;12,7;12;79;71;73;48;6,9;2,6;
2025/10/25;1500 UTC;0;902,8;903,1;902,8;1122,7;18,1;12,1;18,2;16,6;13,4;11,9;77;68;68;56;8,5;2,3;
2025/10/25;1600 UTC;0;901,7;902,8;901,7;1289,2;18,8;11,9;19,3;17,8;13;11,9;71;64;65;75;8,1;3,2;
2025/10/25;1700 UTC;0;900,8;901,8;900,8;1265,4;20;12,4;20;18,8;12,5;11,8;67;61;62;72;6,8;2,6;
2025/10/25;1800 UTC;0;900,1;900,8;900,1;1168,6;20,1;12;20,8;19,9;12,6;10,9;62;54;59;65;7,6;3;
2025/10/25;1900 UTC;0;899,7;900,1;899,7;2018,2;21,2;11,3;21,9;20,1;13;10,8;61;51;53;50;7,1;2;
2025/10/25;2000 UTC;0;899,5;899,7;899,5;1165,1;19,9;10,7;21,7;19,9;11,6;10,5;55;50;55;41;6,4;2,1;
2025/10/25;2100 UTC;0;899,8;899,8;899,5;145,1;18,5;12,2;19,9;18,3;12,2;10,8;68;55;67;43;5,4;1,1;
2025/10/25;2200 UTC;0;900,3;900,3;899,8;;17,9;12,8;18,5;17,7;12,8;12,1;72;67;72;91;4,1;1,6;
2025/10/25;2300 UTC;0;901;901;900,3;;17,6;13,6;18;17,3;13,6;12,8;77;72;77;21;3,6;2,3;
2025/10/26;0000 UTC;0;901,7;901,7;900,9;;17;13,7;17,6;16,9;13,8;13,4;81;77;81;20;6,5;2,3;
2025/10/26;0100 UTC;0;901,6;901,7;901,6;;16,2;12,8;17;16,2;13,7;12,8;82;80;80;28;4,9;2,2;
2025/10/26;0200 UTC;0;901,2;901,7;901,2;;14,7;11,8;16,2;14,7;12,8;11,8;84;80;82;50;4,5;1,5;
2025/10/26;0300 UTC;0;900,6;901,2;900,6;;15,7;12,2;16,3;14,6;13,1;11,8;85;78;79;24;5;2,1;
2025/10/26;0400 UTC;0;899,6;900,6;899,6;;15,1;12,4;16,2;14,8;12,6;11,7;84;78;84;62;5;1,5;
2025/10/26;0500 UTC;0;898,9;899,6;898,9;;14,1;11,5;17,1;14,1;12,8;11,5;84;73;84;19;5,5;1,1;
2025/10/26;0600 UTC;0;898,7;898,9;898,7;;14,2;12,2;14,4;13,4;12,4;11,4;89;85;87;70;3,1;1,6;
2025/10/26;0700 UTC;0;898,6;898,8;898,5;;14,4;12,5;14,6;13,6;12,8;11,7;90;87;88;352;4,2;2,6;
2025/10/26;0800 UTC;0;899,1;899,1;898,5;;14,6;12,8;14,9;13,4;13,5;11,3;92;87;89;15;4,8;1,9;
2025/10/26;0900 UTC;0;899,7;899,7;899,1;66,9;14,6;12,5;15,1;13,8;13,4;11,9;92;87;87;38;5,2;1,6;
2025/10/26;1000 UTC;0;899,9;899,9;899,7;817,9;17,7;13,1;17,7;14,6;13,7;12,5;88;74;74;87;6,4;3,6;
2025/10/26;1100 UTC;0;899,8;899,9;899,8;1887,6;19,7;13;19,8;17,7;13,7;12,9;75;65;66;81;7,6;4,2;
2025/10/26;1200 UTC;0;899,7;899,9;899,6;2707,2;21,4;13,3;21,8;19,7;14;12,9;66;59;60;80;7,7;4,1;
2025/10/26;1300 UTC;0;899;899,7;898,9;3393,3;23,6;13,4;23,6;21,4;14,5;12,4;61;51;53;86;8,5;3,8;
2025/10/26;1400 UTC;0;898,2;899;898,2;3871,1;24,3;11;24,9;23,1;13,6;11;53;43;43;82;8,5;4,2;
2025/10/26;1500 UTC;0;897,5;898,2;897,5;3276,5;24,6;11,4;25,4;23,8;12,7;10;47;42;44;79;8,5;3,5;
2025/10/26;1600 UTC;0;896,8;897,5;896,8;2780,2;24,6;11,5;26,1;24,1;12,2;9,4;44;38;44;35;7,4;2,2;
2025/10/26;1700 UTC;0;895,8;896,8;895,8;2035,1;26,6;8,5;26,7;24,7;12,2;6;45;27;32;55;5,5;2,2;
2025/10/26;1800 UTC;0;895,7;895,8;895,7;1466,2;25,7;8;26,9;25,2;10,1;6;38;27;33;264;5,2;1,3;
2025/10/26;1900 UTC;0;895,6;895,7;895,6;1014,3;25,8;7,2;26,3;24,7;10,4;5,7;40;27;31;249;4,1;1,7;
2025/10/26;2000 UTC;0;895,9;895,9;895,6;966,6;23,6;10,8;26;23,6;12,7;6,6;50;29;44;251;4,3;1,5;
2025/10/26;2100 UTC;0;896,6;896,6;895,9;126,6;19,4;13,8;23,7;19,3;14,1;11,2;72;44;70;313;2,6;,9;
2025/10/26;2200 UTC;0;897,2;897,2;896,6;;17,7;12,7;20,3;17,5;13,8;12,7;75;65;72;326;3,9;1,7;
2025/10/26;2300 UTC;0;897,9;897,9;897,2;;16,5;13,2;18,3;16,2;13,8;12,5;82;71;81;264;3,7;1;
2025/10/27;0000 UTC;0;898,7;898,7;897,9;;14,8;12,6;16,5;14,7;13,2;12,3;88;80;86;77;2,1;,8;
2025/10/27;0100 UTC;0;899,1;899,1;898,7;;14,3;12,4;15;14,2;12,9;12,3;89;86;88;65;2,1;,3;
2025/10/27;0200 UTC;0;899;899,1;898,9;;14,1;12,6;14,6;13,8;12,9;12,1;91;88;91;91;1,3;,4;
2025/10/27;0300 UTC;0;898,7;899;898,7;;13,8;12,7;14,1;13,7;13;12,2;93;90;93;67;1,2;,6;
2025/10/27;0400 UTC;0;898,4;898,8;898,4;;14,3;13,4;14,3;13,6;13,4;12,4;94;92;94;260;1;,5;
2025/10/27;0500 UTC;0;898,1;898,4;898,1;;13,6;12,7;14,4;13,3;13,4;12,4;95;93;95;317;1,2;,6;
2025/10/27;0600 UTC;0;898,3;898,3;898;;13,3;12,5;13,7;12,9;12,8;12;95;94;95;27;1,5;,5;
2025/10/27;0700 UTC;0;898,4;898,4;898,3;;13,6;12,9;14,4;13,1;13,6;12,3;95;95;95;24;3,1;,9;
2025/10/27;0800 UTC;0;898,8;898,8;898,4;;13,8;13;14,2;13,4;13,4;12,6;95;95;95;22;2,6;,9;
2025/10/27;0900 UTC;0;899,2;899,2;898,8;107,8;15,8;13,9;16,1;13,8;14,8;13;95;88;88;2;4,2;1,8;
2025/10/27;1000 UTC;0;899,6;899,6;899,2;927,7;19,8;14,1;19,8;15,8;15,1;14;89;70;70;84;6,5;3,7;
2025/10/27;1100 UTC;0;900;900;899,6;1881,2;21,6;13,5;21,9;19,8;14,5;13,5;70;59;60;78;7,7;3,6;
2025/10/27;1200 UTC;0;900;900,1;899,9;2702,1;23,4;14,8;23,8;21,4;15;13,3;61;55;58;61;8,8;3,4;
2025/10/27;1300 UTC;0;899,9;900,1;899,9;3320,3;24,1;13,5;24,9;23;15,3;13,2;58;50;52;66;8,2;3,5;
2025/10/27;1400 UTC;0;899,7;899,9;899,7;3654;25,3;13,8;26,2;23,7;15,2;12,4;55;45;49;85;7,8;3,2;
2025/10/27;1500 UTC;0;899,1;899,7;899,1;4020,5;26;11,7;26,7;25,3;13,5;11,4;49;39;41;99;8,6;4,5;
2025/10/27;1600 UTC;0;898,6;899,1;898,5;3199,1;25,7;12;27,5;25,7;13,5;10,8;44;38;43;79;8,5;3;
2025/10/27;1700 UTC;0;897,9;898,6;897,9;1368,5;25,9;11,8;26,7;25,4;12,7;10,8;44;37;41;100;5,8;2,1;
2025/10/27;1800 UTC;0;897,8;898;897,8;543,7;22,4;18,4;25,9;22,4;18,4;11,1;78;40;78;224;7;2,6;
2025/10/27;1900 UTC;0;898,2;898,2;897,8;1076,5;21,2;17,4;22,4;20,5;18;15,9;84;67;79;211;6,4;3,1;
2025/10/27;2000 UTC;0;899;899;898,2;474,6;18,6;16,5;21,1;18,6;17,5;16,5;88;79;88;207;6,9;3,6;
2025/10/27;2100 UTC;0;899,8;899,8;899;72,6;16,7;15,9;18,6;16,7;16,8;15,9;95;88;95;224;7,1;4,1;
2025/10/27;2200 UTC;0;900,4;900,4;899,8;,5;16,5;15,7;16,7;16,2;15,9;15,4;95;95;95;215;8,3;3,9;
2025/10/27;2300 UTC;,2;901,1;901,2;900,4;;16,4;15,5;16,8;16,3;16;15,5;95;95;95;210;7,7;3,8;
2025/10/28;0000 UTC;3,2;901,3;901,3;901,1;;16,6;15,2;16,7;16,4;15,6;15,2;95;91;91;221;7,7;3,4;
2025/10/28;0100 UTC;,8;901,5;901,6;901,2;;16,1;15,2;16,7;16,1;15,2;14,9;94;90;94;215;6,9;3,1;
2025/10/28;0200 UTC;0;901,3;901,6;901,3;;16,1;15,3;16,1;15,9;15,3;15;95;94;95;213;5,9;2,6;
2025/10/28;0300 UTC;,2;901;901,3;901;;16,3;15,4;16,3;16,1;15,4;15,2;95;94;94;207;4,6;2,3;
2025/10/28;0400 UTC;2;900,7;901,2;900,7;;16,3;15,3;16,4;16,2;15,4;15,3;94;94;94;219;4,1;2;
2025/10/28;0500 UTC;,4;899,9;900,7;899,9;;16,2;15,1;16,4;16,2;15,4;15,1;94;93;94;260;3,8;,7;
2025/10/28;0600 UTC;,2;899,5;899,9;899,4;;15,9;15;16,2;15,8;15,2;14,9;94;94;94;45;2,3;,7;
2025/10/28;0700 UTC;,2;899,7;899,8;899,5;;15,9;15,1;16;15,8;15,2;15;95;94;95;233;1,1;,3;
2025/10/28;0800 UTC;,2;900;900;899,7;;16,1;15,3;16,1;15,8;15,3;15;95;95;95;19;2,2;1,3;
2025/10/28;0900 UTC;,8;900,7;900,7;900;26;16,5;15,6;16,5;16,1;15,6;15,3;95;95;95;347;2,6;1,4;
2025/10/28;1000 UTC;0;901,4;901,4;900,7;122,2;16,7;15,7;16,7;16,1;15,7;15,2;95;94;94;15;3,4;,7;
2025/10/28;1100 UTC;0;901,7;901,7;901,4;454,1;18,5;16,4;18,5;16,7;16,8;15,8;94;88;88;75;3,9;1,6;
2025/10/28;1200 UTC;0;901,5;901,8;901,5;1703,3;19,1;16,2;19,3;18,5;16,6;15,9;88;82;83;85;7,2;3,4;
2025/10/28;1300 UTC;0;901,3;901,6;901,3;2102,3;20,5;16,2;20,6;19,1;16,7;15,9;84;76;76;80;7,4;3,9;
2025/10/28;1400 UTC;0;901;901,3;901;3002,4;21,9;16;22;20,5;16,7;15,4;77;68;70;83;7,9;3,8;
2025/10/28;1500 UTC;0;900,7;901,1;900,7;2887,7;22,3;15,2;22,9;21,7;16,9;14,8;70;62;64;78;7,5;3;
2025/10/28;1600 UTC;0;900,2;900,7;900,2;1660,4;22,3;15,1;22,9;22;16;14,5;66;60;64;51;5,6;1,8;
2025/10/28;1700 UTC;0;899,9;900,2;899,9;1299,5;22;13,6;22,5;22;15,3;12,9;65;56;59;65;4,3;2,1;
2025/10/28;1800 UTC;0;899,6;899,9;899,6;1734,9;23;14;23;22;14,7;13,4;62;55;57;101;6;2,8;
2025/10/28;1900 UTC;0;899,8;899,8;899,5;1097,4;22,5;12,7;23,1;22,5;14,2;12,7;59;53;54;61;5,5;1,4;
2025/10/28;2000 UTC;0;900,1;900,1;899,8;456,3;21,1;15;22,6;21,1;15,4;12,6;70;54;68;330;3,4;,3;
2025/10/28;2100 UTC;0;900,3;900,3;900;91,2;18,9;15,5;21,1;18,8;15,9;15,1;81;68;81;292;2,4;,9;
2025/10/28;2200 UTC;0;900,4;900,4;900,2;;17,8;14,9;19,1;17,8;15,6;14,9;84;77;83;269;2,6;1,1;
2025/10/28;2300 UTC;0;900,8;900,8;900,4;;17,5;14,8;18,4;17,5;15,3;14,7;85;80;84;264;2,3;,8;
2025/10/29;0000 UTC;,2;901;901;900,8;;16,9;15,1;17,5;16,9;15,3;14,8;89;84;89;328;1,4;,5;
2025/10/29;0100 UTC;0;901;901,1;900,9;;16,6;15,5;16,9;16,6;15,7;15,1;93;89;93;59;2,3;,6;
2025/10/29;0200 UTC;0;900,4;901;900,3;;16,4;15,4;16,7;16,3;15,6;15,4;94;93;94;7;1,9;,9;
2025/10/29;0300 UTC;0;899,7;900,4;899,7;;16,3;15,2;16,8;16,2;15,9;15,2;94;93;93;17;2,4;1,6;
2025/10/29;0400 UTC;0;899,1;899,7;899,1;;16,4;15,5;16,5;15,7;15,6;14,5;95;92;94;9;2,6;1,1;
2025/10/29;0500 UTC;0;898,7;899,1;898,7;;16,8;15,9;16,8;15,9;15,9;15;95;94;95;358;2,6;1,3;
2025/10/29;0600 UTC;0;898,2;898,7;898,2;;17,1;15,3;17,8;16,8;16,9;14,8;95;88;89;39;4,4;1,7;
2025/10/29;0700 UTC;0;898,5;898,6;898,2;;17;14,8;17,4;16,8;15,6;14,7;89;87;87;33;3,7;1,1;
2025/10/29;0800 UTC;0;899;899;898,4;;17;14,6;17,5;16,6;15,3;14,4;89;86;86;94;2,9;1,1;
2025/10/29;0900 UTC;0;899,1;899,1;899;132,7;18,1;14,7;18,1;17;14,8;14,4;86;81;81;90;5,8;2,9;
2025/10/29;1000 UTC;0;899,4;899,4;899,1;248,6;18,6;14,7;18,6;18,1;14,9;14,7;81;78;78;64;7,1;2,6;
2025/10/29;1100 UTC;0;899,8;899,8;899,4;792;19,7;15;19,8;18,6;15,2;14,7;78;74;74;72;7,5;3,5;
2025/10/29;1200 UTC;0;899,9;900,2;899,8;836,2;19,1;14,8;20;19,1;15,3;14,6;76;73;76;77;8;3,5;
2025/10/29;1300 UTC;0;899,9;900,1;899,9;376,5;19,2;15,1;19,2;19,1;15,1;14,8;77;76;77;86;6,7;3,4;
2025/10/29;1400 UTC;0;899,3;899,9;899,3;488,4;19,4;15,3;19,7;19,2;15,5;15;78;76;77;80;7,3;3,4;
2025/10/29;1500 UTC;0;898,6;899,3;898,6;927,3;20,6;15,7;20,7;19,3;15,9;15,3;78;73;74;75;7,1;3,2;
2025/10/29;1600 UTC;0;898;898,8;898;1971,3;23,3;16,3;23,3;20,6;16,5;15,5;74;65;65;122;6,1;2,5;
2025/10/29;1700 UTC;0;896,5;898;896,5;2567,6;26;15,4;26,1;23,3;16,7;15,4;65;52;52;65;8,5;2,6;
2025/10/29;1800 UTC;0;896,4;896,6;896,3;2224,6;25,8;14,8;27;25,4;16;14,3;53;48;51;61;8,2;3,2;
2025/10/29;1900 UTC;0;896,2;896,4;896,1;1024,8;25;15,7;26,3;25;16,3;14,8;58;51;56;35;7,5;1,2;
2025/10/29;2000 UTC;0;896,3;896,3;896,1;392,1;24,1;16,4;25,2;23,9;16,9;15,7;64;56;62;70;3,6;,8;
2025/10/29;2100 UTC;0;896,9;896,9;896,3;44,4;21,2;17,5;24,1;21,2;17,6;16,2;79;62;79;283;2,3;,6;
2025/10/29;2200 UTC;0;897,5;897,5;896,9;;21,1;16,6;21,6;20,4;17,5;16,5;81;75;75;316;3,4;2;
2025/10/29;2300 UTC;0;897,9;898;897,5;;20,1;17,4;21,1;19,6;17,5;16,5;86;75;85;212;3,4;1,7;
2025/10/30;0000 UTC;0;898,6;898,6;897,9;;20,2;17,5;20,5;19,9;17,6;16,8;85;81;85;210;8,1;4,4;
2025/10/30;0100 UTC;0;899,2;899,4;898,6;,3;17,2;16,4;20,2;17,2;17,8;16,4;95;85;95;218;8,5;3,7;
2025/10/30;0200 UTC;,2;899;899,4;898,9;;17,4;15,2;17,5;17,2;16,6;15,2;95;87;87;211;8;2,9;
2025/10/30;0300 UTC;0;898,3;899;898,3;,1;17,4;15,3;17,4;17,3;15,3;15,1;88;86;87;225;5,5;2,7;
2025/10/30;0400 UTC;0;898,1;898,4;898;,5;16,9;16,1;17,5;16,8;16,1;15,2;95;87;95;215;8,4;3,8;
2025/10/30;0500 UTC;0;897,5;898,1;897,5;;16,7;15,8;17;16,7;16,1;15,8;95;94;94;222;7,4;3;
2025/10/30;0600 UTC;0;897,3;897,5;897,2;;16,8;15,8;16,8;16,7;15,8;15,8;94;94;94;224;5,6;3,1;
2025/10/30;0700 UTC;0;897,6;897,6;897,3;;16,6;15,7;16,9;16,5;15,8;15,6;95;93;95;217;6,2;2,8;
2025/10/30;0800 UTC;0;898,1;898,1;897,6;;16,8;15,5;16,9;16,6;15,9;15,5;95;92;92;222;6,7;2,2;
2025/10/30;0900 UTC;0;898,8;898,8;898,1;19,3;16,2;15,4;16,8;16,2;15,6;15,4;95;92;95;216;6,1;2,8;
2025/10/30;1000 UTC;0;899,6;899,6;898,8;65,7;16;14,4;16,4;16;15,6;14,4;95;90;90;200;8,4;4,3;
2025/10/30;1100 UTC;0;900;900;899,5;196,7;15,6;14,4;16;15,6;14,8;14,4;94;90;92;193;8,9;3,2;
2025/10/30;1200 UTC;0;900,2;900,2;900;355;15,5;14,3;15,7;15,5;14,7;14,3;94;92;93;218;7,3;3,6;
2025/10/30;1300 UTC;0;900,1;900,4;900,1;587,4;15,7;14;15,9;15,3;14,5;13,9;93;89;90;223;7,7;3,1;
2025/10/30;1400 UTC;,4;900,3;900,3;900,1;432,9;15,3;14,3;15,7;14,9;14,3;13,8;94;90;94;224;7,3;4;
2025/10/30;1500 UTC;0;899,9;900,4;899,9;759,9;15,7;13,9;15,8;15,3;14,4;13,7;94;88;89;218;7,3;2,9;
2025/10/30;1600 UTC;0;899,6;899,9;899,5;614,6;15,2;13,6;16;15,2;14,6;13,5;91;89;90;208;8,4;3,9;
2025/10/30;1700 UTC;,4;899;899,6;899;437,4;15,5;13,7;15,5;15,2;13,9;13,5;91;89;89;208;9,6;4,3;
2025/10/30;1800 UTC;,2;898,7;899;898,6;296;15,3;13,6;15,5;15;13,8;13,4;92;89;90;206;9,8;4,5;
2025/10/30;1900 UTC;1,4;898;898,7;898;209,2;15,2;13,5;15,4;15,1;13,7;13,4;90;89;90;242;10,1;2,4;
2025/10/30;2000 UTC;,6;898,7;898,9;897,7;515,2;14,9;14;15,8;14,8;14,1;13,4;95;88;95;218;8;3,5;
2025/10/30;2100 UTC;,2;899,7;899,7;898,6;120,3;15;13,9;15,2;14,8;14,4;13,9;95;93;93;211;8,1;4,2;
2025/10/30;2200 UTC;,2;900;900;899,6;1,4;14,7;13,1;15;14,6;13,9;13;94;90;90;211;9,1;3,4;
2025/10/30;2300 UTC;0;900,7;900,8;900;;14,7;13,2;14,8;14,6;13,3;13;91;90;91;203;6,9;3,1;
2025/10/31;0000 UTC;0;900,8;901,2;900,7;;14,5;13,1;14,7;14,5;13,3;13;92;90;91;207;6,6;2,4;
2025/10/31;0100 UTC;0;900,8;901,1;900,7;;14,3;13,1;14,5;14,3;13,1;12,9;92;91;92;225;4,8;2,2;
2025/10/31;0200 UTC;0;900,1;900,8;900,1;;14,5;12,8;14,6;14,3;13,1;12,8;92;90;90;227;4,1;1,5;
2025/10/31;0300 UTC;0;899,6;900,1;899,6;,2;14,5;12,9;14,6;14,4;13;12,8;90;90;90;218;2,9;1,4;
2025/10/31;0400 UTC;0;898,8;899,6;898,8;;14,3;13,1;14,6;14,3;13,1;12,9;92;90;92;208;2,8;1,1;
2025/10/31;0500 UTC;0;898,3;898,9;898,2;0;14,2;13,2;14,4;14,1;13,3;13;94;92;94;254;5;1,3;
2025/10/31;0600 UTC;0;898,3;898,3;898;;14,1;13,2;14,2;14,1;13,3;13,1;94;94;94;187;3,1;1,1;
2025/10/31;0700 UTC;0;898,2;898,4;898,1;;14,2;13,3;14,2;14,1;13,4;13,2;95;94;95;106;1,9;1,2;
2025/10/31;0800 UTC;0;898,5;898,5;898,1;,2;14,4;13,6;14,4;14,1;13,6;13,2;95;95;95;7;1,9;,6;
2025/10/31;0900 UTC;,2;898,9;898,9;898,5;44,4;14,6;13,9;14,6;14,3;13,9;13,5;95;95;95;53;2,1;,7;
2025/10/31;1000 UTC;0;899,2;899,2;898,9;222,4;15,7;14,9;15,7;14,6;14,9;13,9;95;95;95;52;1,9;,8;
2025/10/31;1100 UTC;0;899,6;899,7;899,2;358,9;16,7;15,8;16,8;15,6;15,8;14,8;95;94;94;50;2,8;,9;
2025/10/31;1200 UTC;0;899,7;900,1;899,6;481,3;16,6;14,5;16,9;16,6;15,9;14,5;94;87;88;85;3,9;2,2;
2025/10/31;1300 UTC;0;899,6;899,9;899,6;1096,4;17,6;15,3;17,7;16,5;15,5;14,5;89;86;86;83;4,8;2,6;
2025/10/31;1400 UTC;0;899,6;899,8;899,5;834;17,9;14,8;17,9;17,5;15,4;14,6;86;82;82;94;5;3;
2025/10/31;1500 UTC;0;899;899,7;899;788,8;17,9;15,1;18,1;17,8;15,5;14,8;84;82;83;82;5,8;3;
2025/10/31;1600 UTC;0;898,2;899;898,2;1080,5;18,7;15,9;18,7;17,6;15,9;14,8;85;81;83;80;5,8;2,4;
2025/10/31;1700 UTC;5,6;899;899,3;897,8;508,4;15,6;13,2;18,8;15,6;15,7;13,2;86;81;86;250;9,9;4,8;
2025/10/31;1800 UTC;8,6;897,8;899,1;897,8;568,4;16,3;14,2;16,4;15,1;14,3;13,2;90;86;87;50;9,9;1,3;
2025/10/31;1900 UTC;0;897,2;897,8;897,2;749;16,9;14,3;17,2;16,3;14,7;13,8;88;82;85;353;2,6;1,3;
2025/10/31;2000 UTC;,4;897,7;897,9;897,2;168,3;16,3;14,4;17;16,2;14,5;13,8;89;84;89;212;3,9;1,9;
2025/10/31;2100 UTC;,2;897,9;898,1;897,7;105,9;15,3;14,4;16,3;15,3;14,6;14,1;94;89;94;232;4,5;1,2;
2025/10/31;2200 UTC;0;899,1;899,1;897,9;;15,3;14,4;15,3;15,1;14,4;14,2;95;94;94;209;3,2;1,6;
2025/10/31;2300 UTC;,4;899,2;899,8;899,1;;15,8;14,9;15,8;15;14,9;14,1;95;94;95;76;4,4;2,4;
